nodal
3
16812
2401	0.000000E+00	-8.549284E+01	0.000000E+00	
2402	4.966567E-01	-2.424935E+02	0.000000E+00	
2403	8.287738E+00	-2.450812E+02	0.000000E+00	
2404	1.375504E+01	-2.738320E+02	0.000000E+00	
2405	2.062024E+01	-2.477308E+02	0.000000E+00	
2406	2.431895E+01	-2.161808E+02	0.000000E+00	
2407	2.662686E+01	-2.592943E+02	0.000000E+00	
2408	4.215894E+01	-3.106157E+02	0.000000E+00	
2409	4.643504E+01	-3.044601E+02	0.000000E+00	
2410	5.777690E+01	-3.209301E+02	0.000000E+00	
2411	7.021017E+01	-3.649274E+02	0.000000E+00	
2412	9.908391E+01	-5.341093E+02	0.000000E+00	
2413	1.438932E+02	-9.625450E+02	0.000000E+00	
2425	0.000000E+00	1.544416E+02	0.000000E+00	
2426	-5.234405E+00	3.218061E+02	0.000000E+00	
2427	-1.625969E+01	3.536653E+02	0.000000E+00	
2428	-2.377665E+01	2.789130E+02	0.000000E+00	
2429	-3.690367E+01	3.501550E+02	0.000000E+00	
2430	-3.843856E+01	3.150316E+02	0.000000E+00	
2431	-5.106936E+01	3.471297E+02	0.000000E+00	
2432	-6.470640E+01	3.698325E+02	0.000000E+00	
2433	-1.083770E+02	5.673028E+02	0.000000E+00	
2434	-8.425878E+01	4.534076E+02	0.000000E+00	
2435	-1.449406E+02	9.565519E+02	0.000000E+00	
5203	0.000000E+00	-2.099799E+02	4.375597E+00	
5204	2.286065E+00	-5.452043E+02	1.858938E+01	
5205	2.868796E+01	-5.623929E+02	4.771822E-01	
5206	4.602039E+01	-6.370885E+02	5.501635E-01	
5207	5.825688E+01	-5.432330E+02	4.388208E-01	
5208	7.271256E+01	-4.775061E+02	5.283555E-01	
5209	8.030229E+01	-5.899382E+02	4.786369E-01	
5210	1.338724E+02	-7.171229E+02	6.207925E-01	
5211	1.315834E+02	-6.754183E+02	5.126135E-01	
5212	1.747576E+02	-7.260378E+02	5.090363E-01	
5213	2.110958E+02	-8.328460E+02	6.085688E-01	
5214	3.059162E+02	-1.241491E+03	7.116706E-01	
5215	4.344454E+02	-2.177551E+03	1.147059E+00	
5227	0.000000E+00	3.588649E+02	-8.977002E+00	
5228	-1.767342E+01	7.193394E+02	-1.292333E+01	
5229	-5.254255E+01	8.059593E+02	1.928422E-01	
5230	-6.703261E+01	6.088040E+02	2.182687E-01	
5231	-1.063607E+02	7.691047E+02	3.379520E-01	
5232	-1.156277E+02	7.110328E+02	3.223785E-01	
5233	-1.472416E+02	7.720422E+02	3.688780E-01	
5234	-1.865067E+02	8.201873E+02	4.204227E-01	
5235	-3.180945E+02	1.277746E+03	6.549273E-01	
5236	-2.517060E+02	1.034993E+03	3.960388E-01	
5237	-4.248162E+02	2.133576E+03	-1.288661E-01	
8005	0.000000E+00	-2.073409E+02	-7.761027E+00	
8006	-1.755674E-02	-5.369481E+02	-2.811611E+01	
8007	1.847070E+01	-5.540591E+02	-3.070127E+01	
8008	3.506976E+01	-6.260773E+02	-3.880983E+01	
8009	5.268404E+01	-5.389062E+02	-3.346596E+01	
8010	6.474369E+01	-4.692289E+02	-4.115752E+01	
8011	7.384167E+01	-5.830356E+02	-3.874306E+01	
8012	1.270309E+02	-7.036848E+02	-5.279192E+01	
8013	1.263931E+02	-6.650402E+02	-4.510092E+01	
8014	1.702289E+02	-7.123492E+02	-4.934163E+01	
8015	2.042035E+02	-8.125664E+02	-5.919404E+01	
8016	2.985981E+02	-1.207481E+03	-6.924391E+01	
8017	4.311155E+02	-2.147866E+03	-5.697731E+01	
8029	0.000000E+00	3.511479E+02	1.547135E+01	
8030	-1.031071E+01	7.027041E+02	3.793673E+01	
8031	-3.847025E+01	7.862802E+02	4.742543E+01	
8032	-5.919773E+01	5.969746E+02	4.010463E+01	
8033	-9.542320E+01	7.521175E+02	5.744882E+01	
8034	-1.077945E+02	6.942955E+02	4.965397E+01	
8035	-1.398373E+02	7.526714E+02	5.384226E+01	
8036	-1.797414E+02	7.983153E+02	5.565986E+01	
8037	-3.067800E+02	1.236711E+03	8.579405E+01	
8038	-2.443398E+02	9.991156E+02	5.595572E+01	
8039	-4.188277E+02	2.086569E+03	5.586582E+01	
10807	0.000000E+00	-2.061079E+02	-1.136941E+01	
10808	-1.810176E-02	-5.344277E+02	-3.896587E+01	
10809	1.761549E+01	-5.516579E+02	-4.153841E+01	
10810	3.265459E+01	-6.239087E+02	-5.152289E+01	
10811	5.115494E+01	-5.363963E+02	-4.619015E+01	
10812	6.158374E+01	-4.677371E+02	-5.565203E+01	
10813	7.108550E+01	-5.794250E+02	-5.319704E+01	
10814	1.238924E+02	-6.983562E+02	-7.383997E+01	
10815	1.240208E+02	-6.574533E+02	-6.334146E+01	
10816	1.679778E+02	-7.012639E+02	-7.114304E+01	
10817	1.998334E+02	-7.943557E+02	-8.464253E+01	
10818	2.922038E+02	-1.178183E+03	-1.029543E+02	
10819	4.267517E+02	-2.121371E+03	-8.798151E+01	
10831	0.000000E+00	3.493078E+02	2.200134E+01	
10832	-9.834825E+00	6.996203E+02	5.194125E+01	
10833	-3.601843E+01	7.834701E+02	6.321444E+01	
10834	-5.700550E+01	5.945580E+02	5.471067E+01	
10835	-9.140688E+01	7.488643E+02	7.812194E+01	
10836	-1.046189E+02	6.895900E+02	6.874266E+01	
10837	-1.368671E+02	7.454646E+02	7.529768E+01	
10838	-1.769585E+02	7.863801E+02	7.934365E+01	
10839	-3.006914E+02	1.209961E+03	1.234118E+02	
10840	-2.391995E+02	9.751732E+02	8.305128E+01	
10841	-4.144622E+02	2.060066E+03	8.605402E+01	
13609	0.000000E+00	-2.074318E+02	-1.506814E+01	
13610	-2.172253E-02	-5.380264E+02	-5.097082E+01	
13611	1.706929E+01	-5.553467E+02	-5.333084E+01	
13612	3.121313E+01	-6.287213E+02	-6.458261E+01	
13613	4.994638E+01	-5.400569E+02	-5.921471E+01	
13614	5.901549E+01	-4.716031E+02	-7.002601E+01	
13615	6.898058E+01	-5.823855E+02	-6.713660E+01	
13616	1.213236E+02	-7.011599E+02	-9.480797E+01	
13617	1.227344E+02	-6.550506E+02	-8.089961E+01	
13618	1.672518E+02	-6.930952E+02	-9.229342E+01	
13619	1.971109E+02	-7.731077E+02	-1.087833E+02	
13620	2.852993E+02	-1.130223E+03	-1.380250E+02	
13621	4.184584E+02	-2.065985E+03	-1.263607E+02	
13633	0.000000E+00	3.485939E+02	2.862709E+01	
13634	-9.444697E+00	6.982949E+02	6.660128E+01	
13635	-3.423737E+01	7.824969E+02	7.889945E+01	
13636	-5.483759E+01	5.936963E+02	6.884264E+01	
13637	-8.745493E+01	7.475729E+02	9.754270E+01	
13638	-1.012400E+02	6.868517E+02	8.661562E+01	
13639	-1.337117E+02	7.391194E+02	9.532291E+01	
13640	-1.743051E+02	7.717072E+02	1.012017E+02	
13641	-2.941841E+02	1.168434E+03	1.583903E+02	
13642	-2.318843E+02	9.292871E+02	1.103372E+02	
13643	-4.034812E+02	1.991683E+03	1.221760E+02	
16411	0.000000E+00	-1.060689E+02	-9.403758E+00	
16412	-1.491200E-02	-2.763407E+02	-3.240493E+01	
16413	8.032833E+00	-2.848887E+02	-3.340863E+01	
16414	1.464067E+01	-3.232823E+02	-3.969516E+01	
16415	2.390474E+01	-2.772088E+02	-3.706427E+01	
16416	2.790833E+01	-2.442371E+02	-4.331779E+01	
16417	3.354316E+01	-2.985435E+02	-4.110035E+01	
16418	5.916272E+01	-3.620112E+02	-5.931101E+01	
16419	6.088868E+01	-3.345416E+02	-5.024167E+01	
16420	8.478193E+01	-3.502620E+02	-5.685945E+01	
16421	9.951834E+01	-3.812398E+02	-6.675763E+01	
16422	1.419122E+02	-5.303458E+02	-8.630340E+01	
16423	2.015241E+02	-9.689733E+02	-8.542035E+01	
16435	0.000000E+00	1.770923E+02	1.784165E+01	
16436	-4.407533E+00	3.554713E+02	4.162751E+01	
16437	-1.594824E+01	3.986923E+02	4.827405E+01	
16438	-2.592700E+01	3.027459E+02	4.243624E+01	
16439	-4.150723E+01	3.819692E+02	5.964449E+01	
16440	-4.893529E+01	3.505286E+02	5.315096E+01	
16441	-6.534842E+01	3.762834E+02	5.881684E+01	
16442	-8.717207E+01	3.873761E+02	6.188172E+01	
16443	-1.471138E+02	5.691119E+02	9.674958E+01	
16444	-1.143925E+02	4.332784E+02	6.857343E+01	
16445	-1.932802E+02	9.293350E+02	8.192602E+01	
