nodal
3
16812
2401	1.001100E-04	1.000000E+00	-2.715219E-05	
2402	1.003451E-04	1.000001E+00	-2.798385E-05	
2403	-1.219138E-04	1.000000E+00	-2.338295E-05	
2404	-1.763277E-05	1.000000E+00	-2.452236E-05	
2405	-2.127766E-04	1.000001E+00	-2.111549E-05	
2406	-2.130994E-04	1.000000E+00	-2.128811E-05	
2407	-1.747484E-05	1.000000E+00	-2.860870E-05	
2408	-2.637411E-04	1.000001E+00	-3.086415E-05	
2409	-1.417242E-04	1.000001E+00	-3.230430E-05	
2410	-2.731591E-04	1.000001E+00	-3.778574E-05	
2411	-2.737123E-04	1.000000E+00	-3.748798E-05	
2412	-4.097271E-05	1.000001E+00	-4.933322E-05	
2413	-7.063054E-04	1.000001E+00	-8.714966E-05	
2414	1.006254E-04	1.000000E+00	-2.752200E-05	
2415	1.001440E-04	1.000000E+00	-2.711018E-05	
2416	1.004227E-04	1.000001E+00	-2.774314E-05	
2417	1.000924E-04	1.000000E+00	-2.805207E-05	
2418	1.000901E-04	1.000000E+00	-2.756781E-05	
2419	1.000516E-04	1.000001E+00	-2.756452E-05	
2420	1.000188E-04	1.000001E+00	-2.755916E-05	
2421	1.007228E-04	1.000000E+00	-2.754487E-05	
2422	9.997890E-05	1.000000E+00	-2.747589E-05	
2423	1.002969E-04	1.000000E+00	-2.770653E-05	
2424	1.003198E-04	1.000000E+00	-2.809631E-05	
5203	1.005008E-04	1.000000E+00	-2.762144E-05	
5204	1.005499E-04	1.000000E+00	-2.798577E-05	
5205	-1.214821E-04	1.000001E+00	-2.320393E-05	
5206	-1.793384E-05	1.000000E+00	-2.481684E-05	
5207	-2.134214E-04	1.000001E+00	-2.124589E-05	
5208	-2.134726E-04	1.000000E+00	-2.139222E-05	
5209	-1.664029E-05	1.000001E+00	-2.846475E-05	
5210	-2.637513E-04	1.000001E+00	-3.145875E-05	
5211	-1.417882E-04	1.000001E+00	-3.214552E-05	
5212	-2.731717E-04	1.000001E+00	-3.805505E-05	
5213	-2.734041E-04	1.000000E+00	-3.803675E-05	
5214	-4.059366E-05	1.000001E+00	-4.897210E-05	
5215	-7.068072E-04	1.000001E+00	-8.650273E-05	
5216	1.000691E-04	1.000000E+00	-2.757667E-05	
5217	1.007549E-04	1.000000E+00	-2.757299E-05	
5218	1.003936E-04	1.000000E+00	-2.755002E-05	
5219	1.003494E-04	1.000000E+00	-2.769824E-05	
5220	1.005418E-04	1.000001E+00	-2.744068E-05	
5221	9.991192E-05	1.000001E+00	-2.723584E-05	
5222	1.001571E-04	1.000000E+00	-2.762853E-05	
5223	1.000089E-04	1.000000E+00	-2.791296E-05	
5224	1.008856E-04	1.000000E+00	-2.745429E-05	
5225	1.006751E-04	1.000000E+00	-2.716480E-05	
5226	1.001768E-04	1.000001E+00	-2.798122E-05	
8005	1.075173E-04	1.000001E+00	-1.364421E-05	
8006	1.078968E-04	1.000000E+00	-1.443879E-05	
8007	-1.267802E-04	1.000001E+00	-1.796213E-05	
8008	-1.506074E-05	1.000000E+00	-2.378997E-05	
8009	-2.165130E-04	1.000000E+00	-2.813568E-05	
8010	-2.168561E-04	1.000001E+00	-2.774530E-05	
8011	-2.092561E-05	1.000001E+00	-3.414313E-05	
8012	-2.658348E-04	1.000001E+00	-4.262591E-05	
8013	-1.433290E-04	1.000001E+00	-5.035114E-05	
8014	-2.759286E-04	1.000001E+00	-5.373711E-05	
8015	-2.756773E-04	1.000001E+00	-5.437839E-05	
8016	-4.015836E-05	1.000000E+00	-4.925502E-05	
8017	-7.084027E-04	1.000000E+00	-1.348061E-05	
8018	9.997518E-05	1.000001E+00	-2.748788E-05	
8019	1.001568E-04	1.000001E+00	-2.751808E-05	
8020	1.001730E-04	1.000001E+00	-2.766688E-05	
8021	1.006069E-04	1.000001E+00	-2.792825E-05	
8022	1.005625E-04	1.000001E+00	-2.798541E-05	
8023	9.991735E-05	1.000000E+00	-2.801951E-05	
8024	1.006231E-04	1.000001E+00	-2.750823E-05	
8025	1.003747E-04	1.000001E+00	-2.793929E-05	
8026	1.004269E-04	1.000001E+00	-2.729263E-05	
8027	1.007064E-04	1.000000E+00	-2.738258E-05	
8028	1.007437E-04	1.000001E+00	-2.728320E-05	
10807	1.061973E-04	1.000001E+00	-6.241230E-05	
10808	1.058068E-04	1.000000E+00	-6.238681E-05	
10809	-1.292748E-04	1.000001E+00	-6.749005E-05	
10810	-1.913168E-05	1.000000E+00	-7.577145E-05	
10811	-2.195500E-04	1.000000E+00	-8.514918E-05	
10812	-2.198623E-04	1.000000E+00	-8.567020E-05	
10813	-2.611451E-05	1.000000E+00	-9.615936E-05	
10814	-2.710169E-04	1.000001E+00	-1.099570E-04	
10815	-1.507245E-04	1.000001E+00	-1.254943E-04	
10816	-2.790006E-04	1.000001E+00	-1.411079E-04	
10817	-2.796793E-04	1.000000E+00	-1.407847E-04	
10818	-3.492589E-05	1.000001E+00	-1.432677E-04	
10819	-6.777850E-04	1.000000E+00	-1.211392E-04	
10820	1.005834E-04	1.000001E+00	-2.760681E-05	
10821	1.002770E-04	1.000000E+00	-2.761573E-05	
10822	1.003269E-04	1.000000E+00	-2.792298E-05	
10823	1.003145E-04	1.000001E+00	-2.800292E-05	
10824	1.001752E-04	1.000001E+00	-2.808080E-05	
10825	1.008327E-04	1.000001E+00	-2.755376E-05	
10826	1.004218E-04	1.000001E+00	-2.715810E-05	
10827	1.005018E-04	1.000001E+00	-2.752833E-05	
10828	1.002171E-04	1.000001E+00	-2.771777E-05	
10829	1.006795E-04	1.000000E+00	-2.795811E-05	
10830	1.000508E-04	1.000001E+00	-2.767688E-05	
13609	1.030387E-04	1.000000E+00	-1.149136E-04	
13610	1.026729E-04	1.000001E+00	-1.144197E-04	
13611	-1.323241E-04	1.000001E+00	-1.236663E-04	
13612	-2.622181E-05	1.000000E+00	-1.373124E-04	
13613	-2.250398E-04	1.000001E+00	-1.508860E-04	
13614	-2.252376E-04	1.000001E+00	-1.503926E-04	
13615	-3.479840E-05	1.000001E+00	-1.643719E-04	
13616	-2.812927E-04	1.000000E+00	-1.900520E-04	
13617	-1.641257E-04	1.000001E+00	-2.167052E-04	
13618	-2.934717E-04	1.000000E+00	-2.566096E-04	
13619	-2.939128E-04	1.000000E+00	-2.573902E-04	
13620	-3.266125E-05	1.000000E+00	-2.869088E-04	
13621	-6.296714E-04	1.000001E+00	-2.283614E-04	
13622	1.000002E-04	1.000001E+00	-2.749558E-05	
13623	1.004839E-04	1.000000E+00	-2.768063E-05	
13624	1.002134E-04	1.000000E+00	-2.721452E-05	
13625	1.002317E-04	1.000001E+00	-2.793342E-05	
13626	1.003831E-04	1.000000E+00	-2.732350E-05	
13627	1.003306E-04	1.000001E+00	-2.737682E-05	
13628	1.004682E-04	1.000000E+00	-2.712952E-05	
13629	1.002898E-04	1.000000E+00	-2.722462E-05	
13630	1.003073E-04	1.000000E+00	-2.765135E-05	
13631	1.004169E-04	1.000001E+00	-2.714164E-05	
13632	1.004247E-04	1.000000E+00	-2.737143E-05	
16411	1.040601E-04	1.000000E+00	-2.711264E-04	
16412	1.036085E-04	1.000001E+00	-2.704542E-04	
16413	-1.420436E-04	1.000000E+00	-2.849828E-04	
16414	-3.481898E-05	1.000000E+00	-3.106747E-04	
16415	-2.458915E-04	1.000001E+00	-3.529660E-04	
16416	-2.455218E-04	9.999999E-01	-3.524497E-04	
16417	-3.523542E-05	1.000001E+00	-3.782231E-04	
16418	-2.996881E-04	1.000000E+00	-3.957499E-04	
16419	-1.867423E-04	1.000000E+00	-4.408234E-04	
16420	-3.361481E-04	1.000000E+00	-5.447109E-04	
16421	-3.368914E-04	1.000000E+00	-5.444418E-04	
16422	-7.074600E-05	1.000000E+00	-7.133258E-04	
16423	-5.447027E-04	1.000001E+00	-7.274625E-04	
16424	1.006038E-04	1.000000E+00	-2.784703E-05	
16425	1.001988E-04	1.000000E+00	-2.735273E-05	
16426	1.007874E-04	1.000001E+00	-2.722654E-05	
16427	1.006028E-04	1.000001E+00	-2.762165E-05	
16428	1.001589E-04	1.000000E+00	-2.756505E-05	
16429	1.005109E-04	1.000001E+00	-2.805335E-05	
16430	9.993418E-05	1.000001E+00	-2.804136E-05	
16431	1.007912E-04	1.000000E+00	-2.795325E-05	
16432	1.000657E-04	1.000001E+00	-2.801983E-05	
16433	1.004671E-04	1.000001E+00	-2.721747E-05	
16434	1.002223E-04	1.000000E+00	-2.789543E-05	
