nodal
3
932
908	0.000000E+00	0.000000E+00	-4.000000E+02	
909	0.000000E+00	0.000000E+00	-4.000000E+02	
910	0.000000E+00	0.000000E+00	-4.000000E+02	
911	0.000000E+00	0.000000E+00	-4.000000E+02	
912	0.000000E+00	0.000000E+00	-4.000000E+02	
913	0.000000E+00	0.000000E+00	-4.000000E+02	
914	0.000000E+00	0.000000E+00	-4.000000E+02	
915	0.000000E+00	0.000000E+00	-4.000000E+02	
916	0.000000E+00	0.000000E+00	-4.000000E+02	
917	0.000000E+00	0.000000E+00	-4.000000E+02	
918	0.000000E+00	0.000000E+00	-4.000000E+02	
919	0.000000E+00	0.000000E+00	-4.000000E+02	
920	0.000000E+00	0.000000E+00	-4.000000E+02	
921	0.000000E+00	0.000000E+00	-4.000000E+02	
922	0.000000E+00	0.000000E+00	-4.000000E+02	
923	0.000000E+00	0.000000E+00	-4.000000E+02	
924	0.000000E+00	0.000000E+00	-4.000000E+02	
925	0.000000E+00	0.000000E+00	-4.000000E+02	
926	0.000000E+00	0.000000E+00	-4.000000E+02	
927	0.000000E+00	0.000000E+00	-4.000000E+02	
928	0.000000E+00	0.000000E+00	-4.000000E+02	
929	0.000000E+00	0.000000E+00	-4.000000E+02	
930	0.000000E+00	0.000000E+00	-4.000000E+02	
931	0.000000E+00	0.000000E+00	-4.000000E+02	
932	0.000000E+00	0.000000E+00	-4.000000E+02	
