prism
//Number_of_Node
978
//Number_of_Element
1152
//Number_of_Region
2
//Factor
1.0
97,98,103,1,2,7,
98,104,103,2,8,7,
98,99,105,2,3,9,
105,104,98,9,8,2,
99,100,105,3,4,9,
100,106,105,4,10,9,
100,101,107,4,5,11,
107,106,100,11,10,4,
101,102,108,5,6,12,
108,107,101,12,11,5,
109,98,97,13,2,1,
109,110,98,13,14,2,
111,99,98,15,3,2,
98,110,111,2,14,15,
111,100,99,15,4,3,
111,112,100,15,16,4,
113,101,100,17,5,4,
100,112,113,4,16,17,
114,102,101,18,6,5,
101,113,114,5,17,18,
115,116,121,19,20,25,
116,122,121,20,26,25,
116,117,123,20,21,27,
123,122,116,27,26,20,
117,118,123,21,22,27,
118,124,123,22,28,27,
118,119,125,22,23,29,
125,124,118,29,28,22,
119,120,126,23,24,30,
126,125,119,30,29,23,
103,116,115,7,20,19,
103,104,116,7,8,20,
105,117,116,9,21,20,
116,104,105,20,8,9,
105,118,117,9,22,21,
105,106,118,9,10,22,
107,119,118,11,23,22,
118,106,107,22,10,11,
108,120,119,12,24,23,
119,107,108,23,11,12,
127,128,133,31,32,37,
128,134,133,32,38,37,
128,129,135,32,33,39,
135,134,128,39,38,32,
129,130,135,33,34,39,
130,136,135,34,40,39,
130,131,137,34,35,41,
137,136,130,41,40,34,
131,132,138,35,36,42,
138,137,131,42,41,35,
121,128,127,25,32,31,
121,122,128,25,26,32,
123,129,128,27,33,32,
128,122,123,32,26,27,
123,130,129,27,34,33,
123,124,130,27,28,34,
125,131,130,29,35,34,
130,124,125,34,28,29,
126,132,131,30,36,35,
131,125,126,35,29,30,
139,140,145,43,44,49,
140,146,145,44,50,49,
140,141,147,44,45,51,
147,146,140,51,50,44,
141,142,147,45,46,51,
142,148,147,46,52,51,
142,143,149,46,47,53,
149,148,142,53,52,46,
143,144,150,47,48,54,
150,149,143,54,53,47,
133,140,139,37,44,43,
133,134,140,37,38,44,
135,141,140,39,45,44,
140,134,135,44,38,39,
135,142,141,39,46,45,
135,136,142,39,40,46,
137,143,142,41,47,46,
142,136,137,46,40,41,
138,144,143,42,48,47,
143,137,138,47,41,42,
151,152,157,55,56,61,
152,158,157,56,62,61,
152,153,159,56,57,63,
159,158,152,63,62,56,
153,154,159,57,58,63,
154,160,159,58,64,63,
154,155,161,58,59,65,
161,160,154,65,64,58,
155,156,162,59,60,66,
162,161,155,66,65,59,
145,152,151,49,56,55,
145,146,152,49,50,56,
147,153,152,51,57,56,
152,146,147,56,50,51,
147,154,153,51,58,57,
147,148,154,51,52,58,
149,155,154,53,59,58,
154,148,149,58,52,53,
150,156,155,54,60,59,
155,149,150,59,53,54,
163,164,169,67,68,73,
164,170,169,68,74,73,
164,165,171,68,69,75,
171,170,164,75,74,68,
165,166,171,69,70,75,
166,172,171,70,76,75,
166,167,173,70,71,77,
173,172,166,77,76,70,
167,168,174,71,72,78,
174,173,167,78,77,71,
157,164,163,61,68,67,
157,158,164,61,62,68,
159,165,164,63,69,68,
164,158,159,68,62,63,
159,166,165,63,70,69,
159,160,166,63,64,70,
161,167,166,65,71,70,
166,160,161,70,64,65,
162,168,167,66,72,71,
167,161,162,71,65,66,
175,176,181,79,80,85,
176,182,181,80,86,85,
176,177,183,80,81,87,
183,182,176,87,86,80,
177,178,183,81,82,87,
178,184,183,82,88,87,
178,179,185,82,83,89,
185,184,178,89,88,82,
179,180,186,83,84,90,
186,185,179,90,89,83,
169,176,175,73,80,79,
169,170,176,73,74,80,
171,177,176,75,81,80,
176,170,171,80,74,75,
171,178,177,75,82,81,
171,172,178,75,76,82,
173,179,178,77,83,82,
178,172,173,82,76,77,
174,180,179,78,84,83,
179,173,174,83,77,78,
187,188,109,91,92,13,
188,110,109,92,14,13,
188,189,111,92,93,15,
111,110,188,15,14,92,
189,190,111,93,94,15,
190,112,111,94,16,15,
190,191,113,94,95,17,
113,112,190,17,16,94,
191,192,114,95,96,18,
114,113,191,18,17,95,
181,188,187,85,92,91,
181,182,188,85,86,92,
183,189,188,87,93,92,
188,182,183,92,86,87,
183,190,189,87,94,93,
183,184,190,87,88,94,
185,191,190,89,95,94,
190,184,185,94,88,89,
186,192,191,90,96,95,
191,185,186,95,89,90,
193,194,199,97,98,103,
194,200,199,98,104,103,
194,195,201,98,99,105,
201,200,194,105,104,98,
195,196,201,99,100,105,
196,202,201,100,106,105,
196,197,203,100,101,107,
203,202,196,107,106,100,
197,198,204,101,102,108,
204,203,197,108,107,101,
205,194,193,109,98,97,
205,206,194,109,110,98,
207,195,194,111,99,98,
194,206,207,98,110,111,
207,196,195,111,100,99,
207,208,196,111,112,100,
209,197,196,113,101,100,
196,208,209,100,112,113,
210,198,197,114,102,101,
197,209,210,101,113,114,
211,212,217,115,116,121,
212,218,217,116,122,121,
212,213,219,116,117,123,
219,218,212,123,122,116,
213,214,219,117,118,123,
214,220,219,118,124,123,
214,215,221,118,119,125,
221,220,214,125,124,118,
215,216,222,119,120,126,
222,221,215,126,125,119,
199,212,211,103,116,115,
199,200,212,103,104,116,
201,213,212,105,117,116,
212,200,201,116,104,105,
201,214,213,105,118,117,
201,202,214,105,106,118,
203,215,214,107,119,118,
214,202,203,118,106,107,
204,216,215,108,120,119,
215,203,204,119,107,108,
223,224,229,127,128,133,
224,230,229,128,134,133,
224,225,231,128,129,135,
231,230,224,135,134,128,
225,226,231,129,130,135,
226,232,231,130,136,135,
226,227,233,130,131,137,
233,232,226,137,136,130,
227,228,234,131,132,138,
234,233,227,138,137,131,
217,224,223,121,128,127,
217,218,224,121,122,128,
219,225,224,123,129,128,
224,218,219,128,122,123,
219,226,225,123,130,129,
219,220,226,123,124,130,
221,227,226,125,131,130,
226,220,221,130,124,125,
222,228,227,126,132,131,
227,221,222,131,125,126,
235,236,241,139,140,145,
236,242,241,140,146,145,
236,237,243,140,141,147,
243,242,236,147,146,140,
237,238,243,141,142,147,
238,244,243,142,148,147,
238,239,245,142,143,149,
245,244,238,149,148,142,
239,240,246,143,144,150,
246,245,239,150,149,143,
229,236,235,133,140,139,
229,230,236,133,134,140,
231,237,236,135,141,140,
236,230,231,140,134,135,
231,238,237,135,142,141,
231,232,238,135,136,142,
233,239,238,137,143,142,
238,232,233,142,136,137,
234,240,239,138,144,143,
239,233,234,143,137,138,
247,248,253,151,152,157,
248,254,253,152,158,157,
248,249,255,152,153,159,
255,254,248,159,158,152,
249,250,255,153,154,159,
250,256,255,154,160,159,
250,251,257,154,155,161,
257,256,250,161,160,154,
251,252,258,155,156,162,
258,257,251,162,161,155,
241,248,247,145,152,151,
241,242,248,145,146,152,
243,249,248,147,153,152,
248,242,243,152,146,147,
243,250,249,147,154,153,
243,244,250,147,148,154,
245,251,250,149,155,154,
250,244,245,154,148,149,
246,252,251,150,156,155,
251,245,246,155,149,150,
259,260,265,163,164,169,
260,266,265,164,170,169,
260,261,267,164,165,171,
267,266,260,171,170,164,
261,262,267,165,166,171,
262,268,267,166,172,171,
262,263,269,166,167,173,
269,268,262,173,172,166,
263,264,270,167,168,174,
270,269,263,174,173,167,
253,260,259,157,164,163,
253,254,260,157,158,164,
255,261,260,159,165,164,
260,254,255,164,158,159,
255,262,261,159,166,165,
255,256,262,159,160,166,
257,263,262,161,167,166,
262,256,257,166,160,161,
258,264,263,162,168,167,
263,257,258,167,161,162,
271,272,277,175,176,181,
272,278,277,176,182,181,
272,273,279,176,177,183,
279,278,272,183,182,176,
273,274,279,177,178,183,
274,280,279,178,184,183,
274,275,281,178,179,185,
281,280,274,185,184,178,
275,276,282,179,180,186,
282,281,275,186,185,179,
265,272,271,169,176,175,
265,266,272,169,170,176,
267,273,272,171,177,176,
272,266,267,176,170,171,
267,274,273,171,178,177,
267,268,274,171,172,178,
269,275,274,173,179,178,
274,268,269,178,172,173,
270,276,275,174,180,179,
275,269,270,179,173,174,
283,284,205,187,188,109,
284,206,205,188,110,109,
284,285,207,188,189,111,
207,206,284,111,110,188,
285,286,207,189,190,111,
286,208,207,190,112,111,
286,287,209,190,191,113,
209,208,286,113,112,190,
287,288,210,191,192,114,
210,209,287,114,113,191,
277,284,283,181,188,187,
277,278,284,181,182,188,
279,285,284,183,189,188,
284,278,279,188,182,183,
279,286,285,183,190,189,
279,280,286,183,184,190,
281,287,286,185,191,190,
286,280,281,190,184,185,
282,288,287,186,192,191,
287,281,282,191,185,186,
289,290,295,193,194,199,
290,296,295,194,200,199,
290,291,297,194,195,201,
297,296,290,201,200,194,
291,292,297,195,196,201,
292,298,297,196,202,201,
292,293,299,196,197,203,
299,298,292,203,202,196,
293,294,300,197,198,204,
300,299,293,204,203,197,
301,290,289,205,194,193,
301,302,290,205,206,194,
303,291,290,207,195,194,
290,302,303,194,206,207,
303,292,291,207,196,195,
303,304,292,207,208,196,
305,293,292,209,197,196,
292,304,305,196,208,209,
306,294,293,210,198,197,
293,305,306,197,209,210,
307,308,313,211,212,217,
308,314,313,212,218,217,
308,309,315,212,213,219,
315,314,308,219,218,212,
309,310,315,213,214,219,
310,316,315,214,220,219,
310,311,317,214,215,221,
317,316,310,221,220,214,
311,312,318,215,216,222,
318,317,311,222,221,215,
295,308,307,199,212,211,
295,296,308,199,200,212,
297,309,308,201,213,212,
308,296,297,212,200,201,
297,310,309,201,214,213,
297,298,310,201,202,214,
299,311,310,203,215,214,
310,298,299,214,202,203,
300,312,311,204,216,215,
311,299,300,215,203,204,
319,320,325,223,224,229,
320,326,325,224,230,229,
320,321,327,224,225,231,
327,326,320,231,230,224,
321,322,327,225,226,231,
322,328,327,226,232,231,
322,323,329,226,227,233,
329,328,322,233,232,226,
323,324,330,227,228,234,
330,329,323,234,233,227,
313,320,319,217,224,223,
313,314,320,217,218,224,
315,321,320,219,225,224,
320,314,315,224,218,219,
315,322,321,219,226,225,
315,316,322,219,220,226,
317,323,322,221,227,226,
322,316,317,226,220,221,
318,324,323,222,228,227,
323,317,318,227,221,222,
331,332,337,235,236,241,
332,338,337,236,242,241,
332,333,339,236,237,243,
339,338,332,243,242,236,
333,334,339,237,238,243,
334,340,339,238,244,243,
334,335,341,238,239,245,
341,340,334,245,244,238,
335,336,342,239,240,246,
342,341,335,246,245,239,
325,332,331,229,236,235,
325,326,332,229,230,236,
327,333,332,231,237,236,
332,326,327,236,230,231,
327,334,333,231,238,237,
327,328,334,231,232,238,
329,335,334,233,239,238,
334,328,329,238,232,233,
330,336,335,234,240,239,
335,329,330,239,233,234,
343,344,349,247,248,253,
344,350,349,248,254,253,
344,345,351,248,249,255,
351,350,344,255,254,248,
345,346,351,249,250,255,
346,352,351,250,256,255,
346,347,353,250,251,257,
353,352,346,257,256,250,
347,348,354,251,252,258,
354,353,347,258,257,251,
337,344,343,241,248,247,
337,338,344,241,242,248,
339,345,344,243,249,248,
344,338,339,248,242,243,
339,346,345,243,250,249,
339,340,346,243,244,250,
341,347,346,245,251,250,
346,340,341,250,244,245,
342,348,347,246,252,251,
347,341,342,251,245,246,
355,356,361,259,260,265,
356,362,361,260,266,265,
356,357,363,260,261,267,
363,362,356,267,266,260,
357,358,363,261,262,267,
358,364,363,262,268,267,
358,359,365,262,263,269,
365,364,358,269,268,262,
359,360,366,263,264,270,
366,365,359,270,269,263,
349,356,355,253,260,259,
349,350,356,253,254,260,
351,357,356,255,261,260,
356,350,351,260,254,255,
351,358,357,255,262,261,
351,352,358,255,256,262,
353,359,358,257,263,262,
358,352,353,262,256,257,
354,360,359,258,264,263,
359,353,354,263,257,258,
367,368,373,271,272,277,
368,374,373,272,278,277,
368,369,375,272,273,279,
375,374,368,279,278,272,
369,370,375,273,274,279,
370,376,375,274,280,279,
370,371,377,274,275,281,
377,376,370,281,280,274,
371,372,378,275,276,282,
378,377,371,282,281,275,
361,368,367,265,272,271,
361,362,368,265,266,272,
363,369,368,267,273,272,
368,362,363,272,266,267,
363,370,369,267,274,273,
363,364,370,267,268,274,
365,371,370,269,275,274,
370,364,365,274,268,269,
366,372,371,270,276,275,
371,365,366,275,269,270,
379,380,301,283,284,205,
380,302,301,284,206,205,
380,381,303,284,285,207,
303,302,380,207,206,284,
381,382,303,285,286,207,
382,304,303,286,208,207,
382,383,305,286,287,209,
305,304,382,209,208,286,
383,384,306,287,288,210,
306,305,383,210,209,287,
373,380,379,277,284,283,
373,374,380,277,278,284,
375,381,380,279,285,284,
380,374,375,284,278,279,
375,382,381,279,286,285,
375,376,382,279,280,286,
377,383,382,281,287,286,
382,376,377,286,280,281,
378,384,383,282,288,287,
383,377,378,287,281,282,
412,416,413,385,389,386,
416,414,413,389,387,386,
416,417,414,389,390,387,
413,414,415,386,387,388,
412,413,418,385,386,391,
413,419,418,386,392,391,
413,415,419,386,388,392,
418,419,420,391,392,393,
412,418,421,385,391,394,
418,422,421,391,395,394,
418,420,422,391,393,395,
421,422,423,394,395,396,
412,421,424,385,394,397,
421,425,424,394,398,397,
421,423,425,394,396,398,
424,425,426,397,398,399,
412,424,427,385,397,400,
424,428,427,397,401,400,
424,426,428,397,399,401,
427,428,429,400,401,402,
412,427,430,385,400,403,
427,431,430,400,404,403,
427,429,431,400,402,404,
430,431,432,403,404,405,
412,430,433,385,403,406,
430,434,433,403,407,406,
430,432,434,403,405,407,
433,434,435,406,407,408,
412,433,416,385,406,389,
433,437,416,406,410,389,
433,435,437,406,408,410,
416,437,417,389,410,390,
439,443,440,412,416,413,
443,441,440,416,414,413,
443,444,441,416,417,414,
440,441,442,413,414,415,
439,440,445,412,413,418,
440,446,445,413,419,418,
440,442,446,413,415,419,
445,446,447,418,419,420,
439,445,448,412,418,421,
445,449,448,418,422,421,
445,447,449,418,420,422,
448,449,450,421,422,423,
439,448,451,412,421,424,
448,452,451,421,425,424,
448,450,452,421,423,425,
451,452,453,424,425,426,
439,451,454,412,424,427,
451,455,454,424,428,427,
451,453,455,424,426,428,
454,455,456,427,428,429,
439,454,457,412,427,430,
454,458,457,427,431,430,
454,456,458,427,429,431,
457,458,459,430,431,432,
439,457,460,412,430,433,
457,461,460,430,434,433,
457,459,461,430,432,434,
460,461,462,433,434,435,
439,460,443,412,433,416,
460,464,443,433,437,416,
460,462,464,433,435,437,
443,464,444,416,437,417,
466,470,467,439,443,440,
470,468,467,443,441,440,
470,471,468,443,444,441,
467,468,469,440,441,442,
466,467,472,439,440,445,
467,473,472,440,446,445,
467,469,473,440,442,446,
472,473,474,445,446,447,
466,472,475,439,445,448,
472,476,475,445,449,448,
472,474,476,445,447,449,
475,476,477,448,449,450,
466,475,478,439,448,451,
475,479,478,448,452,451,
475,477,479,448,450,452,
478,479,480,451,452,453,
466,478,481,439,451,454,
478,482,481,451,455,454,
478,480,482,451,453,455,
481,482,483,454,455,456,
466,481,484,439,454,457,
481,485,484,454,458,457,
481,483,485,454,456,458,
484,485,486,457,458,459,
466,484,487,439,457,460,
484,488,487,457,461,460,
484,486,488,457,459,461,
487,488,489,460,461,462,
466,487,470,439,460,443,
487,491,470,460,464,443,
487,489,491,460,462,464,
470,491,471,443,464,444,
493,497,494,466,470,467,
497,495,494,470,468,467,
497,498,495,470,471,468,
494,495,496,467,468,469,
493,494,499,466,467,472,
494,500,499,467,473,472,
494,496,500,467,469,473,
499,500,501,472,473,474,
493,499,502,466,472,475,
499,503,502,472,476,475,
499,501,503,472,474,476,
502,503,504,475,476,477,
493,502,505,466,475,478,
502,506,505,475,479,478,
502,504,506,475,477,479,
505,506,507,478,479,480,
493,505,508,466,478,481,
505,509,508,478,482,481,
505,507,509,478,480,482,
508,509,510,481,482,483,
493,508,511,466,481,484,
508,512,511,481,485,484,
508,510,512,481,483,485,
511,512,513,484,485,486,
493,511,514,466,484,487,
511,515,514,484,488,487,
511,513,515,484,486,488,
514,515,516,487,488,489,
493,514,497,466,487,470,
514,518,497,487,491,470,
514,516,518,487,489,491,
497,518,498,470,491,471,
520,524,521,493,497,494,
524,522,521,497,495,494,
524,525,522,497,498,495,
521,522,523,494,495,496,
520,521,526,493,494,499,
521,527,526,494,500,499,
521,523,527,494,496,500,
526,527,528,499,500,501,
520,526,529,493,499,502,
526,530,529,499,503,502,
526,528,530,499,501,503,
529,530,531,502,503,504,
520,529,532,493,502,505,
529,533,532,502,506,505,
529,531,533,502,504,506,
532,533,534,505,506,507,
520,532,535,493,505,508,
532,536,535,505,509,508,
532,534,536,505,507,509,
535,536,537,508,509,510,
520,535,538,493,508,511,
535,539,538,508,512,511,
535,537,539,508,510,512,
538,539,540,511,512,513,
520,538,541,493,511,514,
538,542,541,511,515,514,
538,540,542,511,513,515,
541,542,543,514,515,516,
520,541,524,493,514,497,
541,545,524,514,518,497,
541,543,545,514,516,518,
524,545,525,497,518,498,
547,551,548,520,524,521,
551,549,548,524,522,521,
551,552,549,524,525,522,
548,549,550,521,522,523,
547,548,553,520,521,526,
548,554,553,521,527,526,
548,550,554,521,523,527,
553,554,555,526,527,528,
547,553,556,520,526,529,
553,557,556,526,530,529,
553,555,557,526,528,530,
556,557,558,529,530,531,
547,556,559,520,529,532,
556,560,559,529,533,532,
556,558,560,529,531,533,
559,560,561,532,533,534,
547,559,562,520,532,535,
559,563,562,532,536,535,
559,561,563,532,534,536,
562,563,564,535,536,537,
547,562,565,520,535,538,
562,566,565,535,539,538,
562,564,566,535,537,539,
565,566,567,538,539,540,
547,565,568,520,538,541,
565,569,568,538,542,541,
565,567,569,538,540,542,
568,569,570,541,542,543,
547,568,551,520,541,524,
568,572,551,541,545,524,
568,570,572,541,543,545,
551,572,552,524,545,525,
574,578,575,547,551,548,
578,576,575,551,549,548,
578,579,576,551,552,549,
575,576,577,548,549,550,
574,575,580,547,548,553,
575,581,580,548,554,553,
575,577,581,548,550,554,
580,581,582,553,554,555,
574,580,583,547,553,556,
580,584,583,553,557,556,
580,582,584,553,555,557,
583,584,585,556,557,558,
574,583,586,547,556,559,
583,587,586,556,560,559,
583,585,587,556,558,560,
586,587,588,559,560,561,
574,586,589,547,559,562,
586,590,589,559,563,562,
586,588,590,559,561,563,
589,590,591,562,563,564,
574,589,592,547,562,565,
589,593,592,562,566,565,
589,591,593,562,564,566,
592,593,594,565,566,567,
574,592,595,547,565,568,
592,596,595,565,569,568,
592,594,596,565,567,569,
595,596,597,568,569,570,
574,595,578,547,568,551,
595,599,578,568,572,551,
595,597,599,568,570,572,
578,599,579,551,572,552,
601,605,602,574,578,575,
605,603,602,578,576,575,
605,606,603,578,579,576,
602,603,604,575,576,577,
601,602,607,574,575,580,
602,608,607,575,581,580,
602,604,608,575,577,581,
607,608,609,580,581,582,
601,607,610,574,580,583,
607,611,610,580,584,583,
607,609,611,580,582,584,
610,611,612,583,584,585,
601,610,613,574,583,586,
610,614,613,583,587,586,
610,612,614,583,585,587,
613,614,615,586,587,588,
601,613,616,574,586,589,
613,617,616,586,590,589,
613,615,617,586,588,590,
616,617,618,589,590,591,
601,616,619,574,589,592,
616,620,619,589,593,592,
616,618,620,589,591,593,
619,620,621,592,593,594,
601,619,622,574,592,595,
619,623,622,592,596,595,
619,621,623,592,594,596,
622,623,624,595,596,597,
601,622,605,574,595,578,
622,626,605,595,599,578,
622,624,626,595,597,599,
605,626,606,578,599,579,
628,632,629,601,605,602,
632,1,629,605,603,602,
632,13,1,605,606,603,
629,1,7,602,603,604,
628,629,634,601,602,607,
629,19,634,602,608,607,
629,7,19,602,604,608,
634,19,25,607,608,609,
628,634,637,601,607,610,
634,31,637,607,611,610,
634,25,31,607,609,611,
637,31,37,610,611,612,
628,637,640,601,610,613,
637,43,640,610,614,613,
637,37,43,610,612,614,
640,43,49,613,614,615,
628,640,643,601,613,616,
640,55,643,613,617,616,
640,49,55,613,615,617,
643,55,61,616,617,618,
628,643,646,601,616,619,
643,67,646,616,620,619,
643,61,67,616,618,620,
646,67,73,619,620,621,
628,646,649,601,619,622,
646,79,649,619,623,622,
646,73,79,619,621,623,
649,79,85,622,623,624,
628,649,632,601,622,605,
649,91,632,622,626,605,
649,85,91,622,624,626,
632,91,13,605,626,606,
655,659,656,628,632,629,
659,97,656,632,1,629,
659,109,97,632,13,1,
656,97,103,629,1,7,
655,656,661,628,629,634,
656,115,661,629,19,634,
656,103,115,629,7,19,
661,115,121,634,19,25,
655,661,664,628,634,637,
661,127,664,634,31,637,
661,121,127,634,25,31,
664,127,133,637,31,37,
655,664,667,628,637,640,
664,139,667,637,43,640,
664,133,139,637,37,43,
667,139,145,640,43,49,
655,667,670,628,640,643,
667,151,670,640,55,643,
667,145,151,640,49,55,
670,151,157,643,55,61,
655,670,673,628,643,646,
670,163,673,643,67,646,
670,157,163,643,61,67,
673,163,169,646,67,73,
655,673,676,628,646,649,
673,175,676,646,79,649,
673,169,175,646,73,79,
676,175,181,649,79,85,
655,676,659,628,649,632,
676,187,659,649,91,632,
676,181,187,649,85,91,
659,187,109,632,91,13,
682,686,683,655,659,656,
686,193,683,659,97,656,
686,205,193,659,109,97,
683,193,199,656,97,103,
682,683,688,655,656,661,
683,211,688,656,115,661,
683,199,211,656,103,115,
688,211,217,661,115,121,
682,688,691,655,661,664,
688,223,691,661,127,664,
688,217,223,661,121,127,
691,223,229,664,127,133,
682,691,694,655,664,667,
691,235,694,664,139,667,
691,229,235,664,133,139,
694,235,241,667,139,145,
682,694,697,655,667,670,
694,247,697,667,151,670,
694,241,247,667,145,151,
697,247,253,670,151,157,
682,697,700,655,670,673,
697,259,700,670,163,673,
697,253,259,670,157,163,
700,259,265,673,163,169,
682,700,703,655,673,676,
700,271,703,673,175,676,
700,265,271,673,169,175,
703,271,277,676,175,181,
682,703,686,655,676,659,
703,283,686,676,187,659,
703,277,283,676,181,187,
686,283,205,659,187,109,
709,713,710,682,686,683,
713,289,710,686,193,683,
713,301,289,686,205,193,
710,289,295,683,193,199,
709,710,715,682,683,688,
710,307,715,683,211,688,
710,295,307,683,199,211,
715,307,313,688,211,217,
709,715,718,682,688,691,
715,319,718,688,223,691,
715,313,319,688,217,223,
718,319,325,691,223,229,
709,718,721,682,691,694,
718,331,721,691,235,694,
718,325,331,691,229,235,
721,331,337,694,235,241,
709,721,724,682,694,697,
721,343,724,694,247,697,
721,337,343,694,241,247,
724,343,349,697,247,253,
709,724,727,682,697,700,
724,355,727,697,259,700,
724,349,355,697,253,259,
727,355,361,700,259,265,
709,727,730,682,700,703,
727,367,730,700,271,703,
727,361,367,700,265,271,
730,367,373,703,271,277,
709,730,713,682,703,686,
730,379,713,703,283,686,
730,373,379,703,277,283,
713,379,301,686,283,205,
736,740,737,709,713,710,
740,738,737,713,289,710,
740,741,738,713,301,289,
737,738,739,710,289,295,
736,737,742,709,710,715,
737,743,742,710,307,715,
737,739,743,710,295,307,
742,743,744,715,307,313,
736,742,745,709,715,718,
742,746,745,715,319,718,
742,744,746,715,313,319,
745,746,747,718,319,325,
736,745,748,709,718,721,
745,749,748,718,331,721,
745,747,749,718,325,331,
748,749,750,721,331,337,
736,748,751,709,721,724,
748,752,751,721,343,724,
748,750,752,721,337,343,
751,752,753,724,343,349,
736,751,754,709,724,727,
751,755,754,724,355,727,
751,753,755,724,349,355,
754,755,756,727,355,361,
736,754,757,709,727,730,
754,758,757,727,367,730,
754,756,758,727,361,367,
757,758,759,730,367,373,
736,757,740,709,730,713,
757,761,740,730,379,713,
757,759,761,730,373,379,
740,761,741,713,379,301,
763,767,764,736,740,737,
767,765,764,740,738,737,
767,768,765,740,741,738,
764,765,766,737,738,739,
763,764,769,736,737,742,
764,770,769,737,743,742,
764,766,770,737,739,743,
769,770,771,742,743,744,
763,769,772,736,742,745,
769,773,772,742,746,745,
769,771,773,742,744,746,
772,773,774,745,746,747,
763,772,775,736,745,748,
772,776,775,745,749,748,
772,774,776,745,747,749,
775,776,777,748,749,750,
763,775,778,736,748,751,
775,779,778,748,752,751,
775,777,779,748,750,752,
778,779,780,751,752,753,
763,778,781,736,751,754,
778,782,781,751,755,754,
778,780,782,751,753,755,
781,782,783,754,755,756,
763,781,784,736,754,757,
781,785,784,754,758,757,
781,783,785,754,756,758,
784,785,786,757,758,759,
763,784,767,736,757,740,
784,788,767,757,761,740,
784,786,788,757,759,761,
767,788,768,740,761,741,
790,794,791,763,767,764,
794,792,791,767,765,764,
794,795,792,767,768,765,
791,792,793,764,765,766,
790,791,796,763,764,769,
791,797,796,764,770,769,
791,793,797,764,766,770,
796,797,798,769,770,771,
790,796,799,763,769,772,
796,800,799,769,773,772,
796,798,800,769,771,773,
799,800,801,772,773,774,
790,799,802,763,772,775,
799,803,802,772,776,775,
799,801,803,772,774,776,
802,803,804,775,776,777,
790,802,805,763,775,778,
802,806,805,775,779,778,
802,804,806,775,777,779,
805,806,807,778,779,780,
790,805,808,763,778,781,
805,809,808,778,782,781,
805,807,809,778,780,782,
808,809,810,781,782,783,
790,808,811,763,781,784,
808,812,811,781,785,784,
808,810,812,781,783,785,
811,812,813,784,785,786,
790,811,794,763,784,767,
811,815,794,784,788,767,
811,813,815,784,786,788,
794,815,795,767,788,768,
817,821,818,790,794,791,
821,819,818,794,792,791,
821,822,819,794,795,792,
818,819,820,791,792,793,
817,818,823,790,791,796,
818,824,823,791,797,796,
818,820,824,791,793,797,
823,824,825,796,797,798,
817,823,826,790,796,799,
823,827,826,796,800,799,
823,825,827,796,798,800,
826,827,828,799,800,801,
817,826,829,790,799,802,
826,830,829,799,803,802,
826,828,830,799,801,803,
829,830,831,802,803,804,
817,829,832,790,802,805,
829,833,832,802,806,805,
829,831,833,802,804,806,
832,833,834,805,806,807,
817,832,835,790,805,808,
832,836,835,805,809,808,
832,834,836,805,807,809,
835,836,837,808,809,810,
817,835,838,790,808,811,
835,839,838,808,812,811,
835,837,839,808,810,812,
838,839,840,811,812,813,
817,838,821,790,811,794,
838,842,821,811,815,794,
838,840,842,811,813,815,
821,842,822,794,815,795,
844,848,845,817,821,818,
848,846,845,821,819,818,
848,849,846,821,822,819,
845,846,847,818,819,820,
844,845,850,817,818,823,
845,851,850,818,824,823,
845,847,851,818,820,824,
850,851,852,823,824,825,
844,850,853,817,823,826,
850,854,853,823,827,826,
850,852,854,823,825,827,
853,854,855,826,827,828,
844,853,856,817,826,829,
853,857,856,826,830,829,
853,855,857,826,828,830,
856,857,858,829,830,831,
844,856,859,817,829,832,
856,860,859,829,833,832,
856,858,860,829,831,833,
859,860,861,832,833,834,
844,859,862,817,832,835,
859,863,862,832,836,835,
859,861,863,832,834,836,
862,863,864,835,836,837,
844,862,865,817,835,838,
862,866,865,835,839,838,
862,864,866,835,837,839,
865,866,867,838,839,840,
844,865,848,817,838,821,
865,869,848,838,842,821,
865,867,869,838,840,842,
848,869,849,821,842,822,
871,875,872,844,848,845,
875,873,872,848,846,845,
875,876,873,848,849,846,
872,873,874,845,846,847,
871,872,877,844,845,850,
872,878,877,845,851,850,
872,874,878,845,847,851,
877,878,879,850,851,852,
871,877,880,844,850,853,
877,881,880,850,854,853,
877,879,881,850,852,854,
880,881,882,853,854,855,
871,880,883,844,853,856,
880,884,883,853,857,856,
880,882,884,853,855,857,
883,884,885,856,857,858,
871,883,886,844,856,859,
883,887,886,856,860,859,
883,885,887,856,858,860,
886,887,888,859,860,861,
871,886,889,844,859,862,
886,890,889,859,863,862,
886,888,890,859,861,863,
889,890,891,862,863,864,
871,889,892,844,862,865,
889,893,892,862,866,865,
889,891,893,862,864,866,
892,893,894,865,866,867,
871,892,875,844,865,848,
892,896,875,865,869,848,
892,894,896,865,867,869,
875,896,876,848,869,849,
898,902,899,871,875,872,
902,900,899,875,873,872,
902,903,900,875,876,873,
899,900,901,872,873,874,
898,899,904,871,872,877,
899,905,904,872,878,877,
899,901,905,872,874,878,
904,905,906,877,878,879,
898,904,907,871,877,880,
904,908,907,877,881,880,
904,906,908,877,879,881,
907,908,909,880,881,882,
898,907,910,871,880,883,
907,911,910,880,884,883,
907,909,911,880,882,884,
910,911,912,883,884,885,
898,910,913,871,883,886,
910,914,913,883,887,886,
910,912,914,883,885,887,
913,914,915,886,887,888,
898,913,916,871,886,889,
913,917,916,886,890,889,
913,915,917,886,888,890,
916,917,918,889,890,891,
898,916,919,871,889,892,
916,920,919,889,893,892,
916,918,920,889,891,893,
919,920,921,892,893,894,
898,919,902,871,892,875,
919,923,902,892,896,875,
919,921,923,892,894,896,
902,923,903,875,896,876,
925,929,926,898,902,899,
929,927,926,902,900,899,
929,930,927,902,903,900,
926,927,928,899,900,901,
925,926,931,898,899,904,
926,932,931,899,905,904,
926,928,932,899,901,905,
931,932,933,904,905,906,
925,931,934,898,904,907,
931,935,934,904,908,907,
931,933,935,904,906,908,
934,935,936,907,908,909,
925,934,937,898,907,910,
934,938,937,907,911,910,
934,936,938,907,909,911,
937,938,939,910,911,912,
925,937,940,898,910,913,
937,941,940,910,914,913,
937,939,941,910,912,914,
940,941,942,913,914,915,
925,940,943,898,913,916,
940,944,943,913,917,916,
940,942,944,913,915,917,
943,944,945,916,917,918,
925,943,946,898,916,919,
943,947,946,916,920,919,
943,945,947,916,918,920,
946,947,948,919,920,921,
925,946,929,898,919,902,
946,950,929,919,923,902,
946,948,950,919,921,923,
929,950,930,902,923,903,
952,956,953,925,929,926,
956,954,953,929,927,926,
956,957,954,929,930,927,
953,954,955,926,927,928,
952,953,958,925,926,931,
953,959,958,926,932,931,
953,955,959,926,928,932,
958,959,960,931,932,933,
952,958,961,925,931,934,
958,962,961,931,935,934,
958,960,962,931,933,935,
961,962,963,934,935,936,
952,961,964,925,934,937,
961,965,964,934,938,937,
961,963,965,934,936,938,
964,965,966,937,938,939,
952,964,967,925,937,940,
964,968,967,937,941,940,
964,966,968,937,939,941,
967,968,969,940,941,942,
952,967,970,925,940,943,
967,971,970,940,944,943,
967,969,971,940,942,944,
970,971,972,943,944,945,
952,970,973,925,943,946,
970,974,973,943,947,946,
970,972,974,943,945,947,
973,974,975,946,947,948,
952,973,956,925,946,929,
973,977,956,946,950,929,
973,975,977,946,948,950,
956,977,957,929,950,930,
0.0138582 ,0.0057403 ,-0.0348300 ,
0.0197479 ,0.0081799 ,-0.0348300 ,
0.0256377 ,0.0106195 ,-0.0348300 ,
0.0315274 ,0.0130591 ,-0.0348300 ,
0.0374171 ,0.0154987 ,-0.0348300 ,
0.0433069 ,0.0179383 ,-0.0348300 ,
0.0106066 ,0.0106066 ,-0.0348300 ,
0.0151145 ,0.0151145 ,-0.0348300 ,
0.0196222 ,0.0196221 ,-0.0348300 ,
0.0241300 ,0.0241300 ,-0.0348300 ,
0.0286378 ,0.0286378 ,-0.0348300 ,
0.0331457 ,0.0331457 ,-0.0348300 ,
0.0150000 ,0.0000001 ,-0.0348300 ,
0.0213751 ,0.0000000 ,-0.0348300 ,
0.0277499 ,0.0000000 ,-0.0348300 ,
0.0341250 ,0.0000000 ,-0.0348300 ,
0.0405000 ,0.0000000 ,-0.0348300 ,
0.0468750 ,0.0000000 ,-0.0348300 ,
0.0057402 ,0.0138582 ,-0.0348300 ,
0.0081798 ,0.0197479 ,-0.0348300 ,
0.0106195 ,0.0256377 ,-0.0348300 ,
0.0130591 ,0.0315274 ,-0.0348300 ,
0.0154986 ,0.0374171 ,-0.0348300 ,
0.0179383 ,0.0433069 ,-0.0348300 ,
0.0000000 ,0.0150000 ,-0.0348300 ,
0.0000000 ,0.0213751 ,-0.0348300 ,
0.0000001 ,0.0277499 ,-0.0348300 ,
0.0000000 ,0.0341250 ,-0.0348300 ,
0.0000000 ,0.0405000 ,-0.0348300 ,
0.0000000 ,0.0468751 ,-0.0348300 ,
-0.0057403 ,0.0138582 ,-0.0348300 ,
-0.0081799 ,0.0197479 ,-0.0348300 ,
-0.0106195 ,0.0256377 ,-0.0348300 ,
-0.0130591 ,0.0315274 ,-0.0348300 ,
-0.0154987 ,0.0374171 ,-0.0348300 ,
-0.0179383 ,0.0433069 ,-0.0348300 ,
-0.0106066 ,0.0106066 ,-0.0348300 ,
-0.0151145 ,0.0151145 ,-0.0348300 ,
-0.0196221 ,0.0196222 ,-0.0348300 ,
-0.0241300 ,0.0241300 ,-0.0348300 ,
-0.0286378 ,0.0286378 ,-0.0348300 ,
-0.0331457 ,0.0331457 ,-0.0348300 ,
-0.0138582 ,0.0057402 ,-0.0348300 ,
-0.0197479 ,0.0081798 ,-0.0348300 ,
-0.0256377 ,0.0106195 ,-0.0348300 ,
-0.0315274 ,0.0130591 ,-0.0348300 ,
-0.0374171 ,0.0154986 ,-0.0348300 ,
-0.0433069 ,0.0179383 ,-0.0348300 ,
-0.0150000 ,0.0000000 ,-0.0348300 ,
-0.0213751 ,0.0000000 ,-0.0348300 ,
-0.0277499 ,0.0000001 ,-0.0348300 ,
-0.0341250 ,0.0000000 ,-0.0348300 ,
-0.0405000 ,0.0000000 ,-0.0348300 ,
-0.0468751 ,0.0000000 ,-0.0348300 ,
-0.0138582 ,-0.0057403 ,-0.0348300 ,
-0.0197479 ,-0.0081799 ,-0.0348300 ,
-0.0256377 ,-0.0106195 ,-0.0348300 ,
-0.0315274 ,-0.0130591 ,-0.0348300 ,
-0.0374171 ,-0.0154987 ,-0.0348300 ,
-0.0433069 ,-0.0179383 ,-0.0348300 ,
-0.0106066 ,-0.0106066 ,-0.0348300 ,
-0.0151145 ,-0.0151145 ,-0.0348300 ,
-0.0196222 ,-0.0196221 ,-0.0348300 ,
-0.0241300 ,-0.0241300 ,-0.0348300 ,
-0.0286378 ,-0.0286378 ,-0.0348300 ,
-0.0331457 ,-0.0331457 ,-0.0348300 ,
-0.0057402 ,-0.0138582 ,-0.0348300 ,
-0.0081798 ,-0.0197479 ,-0.0348300 ,
-0.0106195 ,-0.0256377 ,-0.0348300 ,
-0.0130591 ,-0.0315274 ,-0.0348300 ,
-0.0154986 ,-0.0374171 ,-0.0348300 ,
-0.0179383 ,-0.0433069 ,-0.0348300 ,
-0.0000000 ,-0.0150000 ,-0.0348300 ,
-0.0000000 ,-0.0213751 ,-0.0348300 ,
-0.0000001 ,-0.0277499 ,-0.0348300 ,
-0.0000000 ,-0.0341250 ,-0.0348300 ,
-0.0000000 ,-0.0405000 ,-0.0348300 ,
-0.0000000 ,-0.0468751 ,-0.0348300 ,
0.0057403 ,-0.0138582 ,-0.0348300 ,
0.0081799 ,-0.0197479 ,-0.0348300 ,
0.0106195 ,-0.0256377 ,-0.0348300 ,
0.0130591 ,-0.0315274 ,-0.0348300 ,
0.0154987 ,-0.0374171 ,-0.0348300 ,
0.0179383 ,-0.0433069 ,-0.0348300 ,
0.0106066 ,-0.0106066 ,-0.0348300 ,
0.0151145 ,-0.0151145 ,-0.0348300 ,
0.0196221 ,-0.0196222 ,-0.0348300 ,
0.0241300 ,-0.0241300 ,-0.0348300 ,
0.0286378 ,-0.0286378 ,-0.0348300 ,
0.0331457 ,-0.0331457 ,-0.0348300 ,
0.0138582 ,-0.0057402 ,-0.0348300 ,
0.0197479 ,-0.0081798 ,-0.0348300 ,
0.0256377 ,-0.0106195 ,-0.0348300 ,
0.0315274 ,-0.0130591 ,-0.0348300 ,
0.0374171 ,-0.0154986 ,-0.0348300 ,
0.0433069 ,-0.0179383 ,-0.0348300 ,
0.0138582 ,0.0057403 ,-0.0116100 ,
0.0197479 ,0.0081799 ,-0.0116100 ,
0.0256377 ,0.0106195 ,-0.0116100 ,
0.0315274 ,0.0130591 ,-0.0116100 ,
0.0374171 ,0.0154987 ,-0.0116100 ,
0.0433069 ,0.0179383 ,-0.0116100 ,
0.0106066 ,0.0106066 ,-0.0116100 ,
0.0151145 ,0.0151145 ,-0.0116100 ,
0.0196222 ,0.0196221 ,-0.0116100 ,
0.0241300 ,0.0241300 ,-0.0116100 ,
0.0286378 ,0.0286378 ,-0.0116100 ,
0.0331457 ,0.0331457 ,-0.0116100 ,
0.0150000 ,0.0000001 ,-0.0116100 ,
0.0213751 ,0.0000000 ,-0.0116100 ,
0.0277499 ,0.0000000 ,-0.0116100 ,
0.0341250 ,0.0000000 ,-0.0116100 ,
0.0405000 ,0.0000000 ,-0.0116100 ,
0.0468750 ,0.0000000 ,-0.0116100 ,
0.0057402 ,0.0138582 ,-0.0116100 ,
0.0081798 ,0.0197479 ,-0.0116100 ,
0.0106195 ,0.0256377 ,-0.0116100 ,
0.0130591 ,0.0315274 ,-0.0116100 ,
0.0154986 ,0.0374171 ,-0.0116100 ,
0.0179383 ,0.0433069 ,-0.0116100 ,
0.0000000 ,0.0150000 ,-0.0116100 ,
0.0000000 ,0.0213751 ,-0.0116100 ,
0.0000001 ,0.0277499 ,-0.0116100 ,
0.0000000 ,0.0341250 ,-0.0116100 ,
0.0000000 ,0.0405000 ,-0.0116100 ,
0.0000000 ,0.0468751 ,-0.0116100 ,
-0.0057403 ,0.0138582 ,-0.0116100 ,
-0.0081799 ,0.0197479 ,-0.0116100 ,
-0.0106195 ,0.0256377 ,-0.0116100 ,
-0.0130591 ,0.0315274 ,-0.0116100 ,
-0.0154987 ,0.0374171 ,-0.0116100 ,
-0.0179383 ,0.0433069 ,-0.0116100 ,
-0.0106066 ,0.0106066 ,-0.0116100 ,
-0.0151145 ,0.0151145 ,-0.0116100 ,
-0.0196221 ,0.0196222 ,-0.0116100 ,
-0.0241300 ,0.0241300 ,-0.0116100 ,
-0.0286378 ,0.0286378 ,-0.0116100 ,
-0.0331457 ,0.0331457 ,-0.0116100 ,
-0.0138582 ,0.0057402 ,-0.0116100 ,
-0.0197479 ,0.0081798 ,-0.0116100 ,
-0.0256377 ,0.0106195 ,-0.0116100 ,
-0.0315274 ,0.0130591 ,-0.0116100 ,
-0.0374171 ,0.0154986 ,-0.0116100 ,
-0.0433069 ,0.0179383 ,-0.0116100 ,
-0.0150000 ,0.0000000 ,-0.0116100 ,
-0.0213751 ,0.0000000 ,-0.0116100 ,
-0.0277499 ,0.0000001 ,-0.0116100 ,
-0.0341250 ,0.0000000 ,-0.0116100 ,
-0.0405000 ,0.0000000 ,-0.0116100 ,
-0.0468751 ,0.0000000 ,-0.0116100 ,
-0.0138582 ,-0.0057403 ,-0.0116100 ,
-0.0197479 ,-0.0081799 ,-0.0116100 ,
-0.0256377 ,-0.0106195 ,-0.0116100 ,
-0.0315274 ,-0.0130591 ,-0.0116100 ,
-0.0374171 ,-0.0154987 ,-0.0116100 ,
-0.0433069 ,-0.0179383 ,-0.0116100 ,
-0.0106066 ,-0.0106066 ,-0.0116100 ,
-0.0151145 ,-0.0151145 ,-0.0116100 ,
-0.0196222 ,-0.0196221 ,-0.0116100 ,
-0.0241300 ,-0.0241300 ,-0.0116100 ,
-0.0286378 ,-0.0286378 ,-0.0116100 ,
-0.0331457 ,-0.0331457 ,-0.0116100 ,
-0.0057402 ,-0.0138582 ,-0.0116100 ,
-0.0081798 ,-0.0197479 ,-0.0116100 ,
-0.0106195 ,-0.0256377 ,-0.0116100 ,
-0.0130591 ,-0.0315274 ,-0.0116100 ,
-0.0154986 ,-0.0374171 ,-0.0116100 ,
-0.0179383 ,-0.0433069 ,-0.0116100 ,
-0.0000000 ,-0.0150000 ,-0.0116100 ,
-0.0000000 ,-0.0213751 ,-0.0116100 ,
-0.0000001 ,-0.0277499 ,-0.0116100 ,
-0.0000000 ,-0.0341250 ,-0.0116100 ,
-0.0000000 ,-0.0405000 ,-0.0116100 ,
-0.0000000 ,-0.0468751 ,-0.0116100 ,
0.0057403 ,-0.0138582 ,-0.0116100 ,
0.0081799 ,-0.0197479 ,-0.0116100 ,
0.0106195 ,-0.0256377 ,-0.0116100 ,
0.0130591 ,-0.0315274 ,-0.0116100 ,
0.0154987 ,-0.0374171 ,-0.0116100 ,
0.0179383 ,-0.0433069 ,-0.0116100 ,
0.0106066 ,-0.0106066 ,-0.0116100 ,
0.0151145 ,-0.0151145 ,-0.0116100 ,
0.0196221 ,-0.0196222 ,-0.0116100 ,
0.0241300 ,-0.0241300 ,-0.0116100 ,
0.0286378 ,-0.0286378 ,-0.0116100 ,
0.0331457 ,-0.0331457 ,-0.0116100 ,
0.0138582 ,-0.0057402 ,-0.0116100 ,
0.0197479 ,-0.0081798 ,-0.0116100 ,
0.0256377 ,-0.0106195 ,-0.0116100 ,
0.0315274 ,-0.0130591 ,-0.0116100 ,
0.0374171 ,-0.0154986 ,-0.0116100 ,
0.0433069 ,-0.0179383 ,-0.0116100 ,
0.0138582 ,0.0057403 ,0.0116100 ,
0.0197479 ,0.0081799 ,0.0116100 ,
0.0256377 ,0.0106195 ,0.0116100 ,
0.0315274 ,0.0130591 ,0.0116100 ,
0.0374171 ,0.0154987 ,0.0116100 ,
0.0433069 ,0.0179383 ,0.0116100 ,
0.0106066 ,0.0106066 ,0.0116100 ,
0.0151145 ,0.0151145 ,0.0116100 ,
0.0196222 ,0.0196221 ,0.0116100 ,
0.0241300 ,0.0241300 ,0.0116100 ,
0.0286378 ,0.0286378 ,0.0116100 ,
0.0331457 ,0.0331457 ,0.0116100 ,
0.0150000 ,0.0000001 ,0.0116100 ,
0.0213751 ,0.0000000 ,0.0116100 ,
0.0277499 ,0.0000000 ,0.0116100 ,
0.0341250 ,0.0000000 ,0.0116100 ,
0.0405000 ,0.0000000 ,0.0116100 ,
0.0468750 ,0.0000000 ,0.0116100 ,
0.0057402 ,0.0138582 ,0.0116100 ,
0.0081798 ,0.0197479 ,0.0116100 ,
0.0106195 ,0.0256377 ,0.0116100 ,
0.0130591 ,0.0315274 ,0.0116100 ,
0.0154986 ,0.0374171 ,0.0116100 ,
0.0179383 ,0.0433069 ,0.0116100 ,
0.0000000 ,0.0150000 ,0.0116100 ,
0.0000000 ,0.0213751 ,0.0116100 ,
0.0000001 ,0.0277499 ,0.0116100 ,
0.0000000 ,0.0341250 ,0.0116100 ,
0.0000000 ,0.0405000 ,0.0116100 ,
0.0000000 ,0.0468751 ,0.0116100 ,
-0.0057403 ,0.0138582 ,0.0116100 ,
-0.0081799 ,0.0197479 ,0.0116100 ,
-0.0106195 ,0.0256377 ,0.0116100 ,
-0.0130591 ,0.0315274 ,0.0116100 ,
-0.0154987 ,0.0374171 ,0.0116100 ,
-0.0179383 ,0.0433069 ,0.0116100 ,
-0.0106066 ,0.0106066 ,0.0116100 ,
-0.0151145 ,0.0151145 ,0.0116100 ,
-0.0196221 ,0.0196222 ,0.0116100 ,
-0.0241300 ,0.0241300 ,0.0116100 ,
-0.0286378 ,0.0286378 ,0.0116100 ,
-0.0331457 ,0.0331457 ,0.0116100 ,
-0.0138582 ,0.0057402 ,0.0116100 ,
-0.0197479 ,0.0081798 ,0.0116100 ,
-0.0256377 ,0.0106195 ,0.0116100 ,
-0.0315274 ,0.0130591 ,0.0116100 ,
-0.0374171 ,0.0154986 ,0.0116100 ,
-0.0433069 ,0.0179383 ,0.0116100 ,
-0.0150000 ,0.0000000 ,0.0116100 ,
-0.0213751 ,0.0000000 ,0.0116100 ,
-0.0277499 ,0.0000001 ,0.0116100 ,
-0.0341250 ,0.0000000 ,0.0116100 ,
-0.0405000 ,0.0000000 ,0.0116100 ,
-0.0468751 ,0.0000000 ,0.0116100 ,
-0.0138582 ,-0.0057403 ,0.0116100 ,
-0.0197479 ,-0.0081799 ,0.0116100 ,
-0.0256377 ,-0.0106195 ,0.0116100 ,
-0.0315274 ,-0.0130591 ,0.0116100 ,
-0.0374171 ,-0.0154987 ,0.0116100 ,
-0.0433069 ,-0.0179383 ,0.0116100 ,
-0.0106066 ,-0.0106066 ,0.0116100 ,
-0.0151145 ,-0.0151145 ,0.0116100 ,
-0.0196222 ,-0.0196221 ,0.0116100 ,
-0.0241300 ,-0.0241300 ,0.0116100 ,
-0.0286378 ,-0.0286378 ,0.0116100 ,
-0.0331457 ,-0.0331457 ,0.0116100 ,
-0.0057402 ,-0.0138582 ,0.0116100 ,
-0.0081798 ,-0.0197479 ,0.0116100 ,
-0.0106195 ,-0.0256377 ,0.0116100 ,
-0.0130591 ,-0.0315274 ,0.0116100 ,
-0.0154986 ,-0.0374171 ,0.0116100 ,
-0.0179383 ,-0.0433069 ,0.0116100 ,
-0.0000000 ,-0.0150000 ,0.0116100 ,
-0.0000000 ,-0.0213751 ,0.0116100 ,
-0.0000001 ,-0.0277499 ,0.0116100 ,
-0.0000000 ,-0.0341250 ,0.0116100 ,
-0.0000000 ,-0.0405000 ,0.0116100 ,
-0.0000000 ,-0.0468751 ,0.0116100 ,
0.0057403 ,-0.0138582 ,0.0116100 ,
0.0081799 ,-0.0197479 ,0.0116100 ,
0.0106195 ,-0.0256377 ,0.0116100 ,
0.0130591 ,-0.0315274 ,0.0116100 ,
0.0154987 ,-0.0374171 ,0.0116100 ,
0.0179383 ,-0.0433069 ,0.0116100 ,
0.0106066 ,-0.0106066 ,0.0116100 ,
0.0151145 ,-0.0151145 ,0.0116100 ,
0.0196221 ,-0.0196222 ,0.0116100 ,
0.0241300 ,-0.0241300 ,0.0116100 ,
0.0286378 ,-0.0286378 ,0.0116100 ,
0.0331457 ,-0.0331457 ,0.0116100 ,
0.0138582 ,-0.0057402 ,0.0116100 ,
0.0197479 ,-0.0081798 ,0.0116100 ,
0.0256377 ,-0.0106195 ,0.0116100 ,
0.0315274 ,-0.0130591 ,0.0116100 ,
0.0374171 ,-0.0154986 ,0.0116100 ,
0.0433069 ,-0.0179383 ,0.0116100 ,
0.0138582 ,0.0057403 ,0.0348300 ,
0.0197479 ,0.0081799 ,0.0348300 ,
0.0256377 ,0.0106195 ,0.0348300 ,
0.0315274 ,0.0130591 ,0.0348300 ,
0.0374171 ,0.0154987 ,0.0348300 ,
0.0433069 ,0.0179383 ,0.0348300 ,
0.0106066 ,0.0106066 ,0.0348300 ,
0.0151145 ,0.0151145 ,0.0348300 ,
0.0196222 ,0.0196221 ,0.0348300 ,
0.0241300 ,0.0241300 ,0.0348300 ,
0.0286378 ,0.0286378 ,0.0348300 ,
0.0331457 ,0.0331457 ,0.0348300 ,
0.0150000 ,0.0000001 ,0.0348300 ,
0.0213751 ,0.0000000 ,0.0348300 ,
0.0277499 ,0.0000000 ,0.0348300 ,
0.0341250 ,0.0000000 ,0.0348300 ,
0.0405000 ,0.0000000 ,0.0348300 ,
0.0468750 ,0.0000000 ,0.0348300 ,
0.0057402 ,0.0138582 ,0.0348300 ,
0.0081798 ,0.0197479 ,0.0348300 ,
0.0106195 ,0.0256377 ,0.0348300 ,
0.0130591 ,0.0315274 ,0.0348300 ,
0.0154986 ,0.0374171 ,0.0348300 ,
0.0179383 ,0.0433069 ,0.0348300 ,
0.0000000 ,0.0150000 ,0.0348300 ,
0.0000000 ,0.0213751 ,0.0348300 ,
0.0000001 ,0.0277499 ,0.0348300 ,
0.0000000 ,0.0341250 ,0.0348300 ,
0.0000000 ,0.0405000 ,0.0348300 ,
0.0000000 ,0.0468751 ,0.0348300 ,
-0.0057403 ,0.0138582 ,0.0348300 ,
-0.0081799 ,0.0197479 ,0.0348300 ,
-0.0106195 ,0.0256377 ,0.0348300 ,
-0.0130591 ,0.0315274 ,0.0348300 ,
-0.0154987 ,0.0374171 ,0.0348300 ,
-0.0179383 ,0.0433069 ,0.0348300 ,
-0.0106066 ,0.0106066 ,0.0348300 ,
-0.0151145 ,0.0151145 ,0.0348300 ,
-0.0196221 ,0.0196222 ,0.0348300 ,
-0.0241300 ,0.0241300 ,0.0348300 ,
-0.0286378 ,0.0286378 ,0.0348300 ,
-0.0331457 ,0.0331457 ,0.0348300 ,
-0.0138582 ,0.0057402 ,0.0348300 ,
-0.0197479 ,0.0081798 ,0.0348300 ,
-0.0256377 ,0.0106195 ,0.0348300 ,
-0.0315274 ,0.0130591 ,0.0348300 ,
-0.0374171 ,0.0154986 ,0.0348300 ,
-0.0433069 ,0.0179383 ,0.0348300 ,
-0.0150000 ,0.0000000 ,0.0348300 ,
-0.0213751 ,0.0000000 ,0.0348300 ,
-0.0277499 ,0.0000001 ,0.0348300 ,
-0.0341250 ,0.0000000 ,0.0348300 ,
-0.0405000 ,0.0000000 ,0.0348300 ,
-0.0468751 ,0.0000000 ,0.0348300 ,
-0.0138582 ,-0.0057403 ,0.0348300 ,
-0.0197479 ,-0.0081799 ,0.0348300 ,
-0.0256377 ,-0.0106195 ,0.0348300 ,
-0.0315274 ,-0.0130591 ,0.0348300 ,
-0.0374171 ,-0.0154987 ,0.0348300 ,
-0.0433069 ,-0.0179383 ,0.0348300 ,
-0.0106066 ,-0.0106066 ,0.0348300 ,
-0.0151145 ,-0.0151145 ,0.0348300 ,
-0.0196222 ,-0.0196221 ,0.0348300 ,
-0.0241300 ,-0.0241300 ,0.0348300 ,
-0.0286378 ,-0.0286378 ,0.0348300 ,
-0.0331457 ,-0.0331457 ,0.0348300 ,
-0.0057402 ,-0.0138582 ,0.0348300 ,
-0.0081798 ,-0.0197479 ,0.0348300 ,
-0.0106195 ,-0.0256377 ,0.0348300 ,
-0.0130591 ,-0.0315274 ,0.0348300 ,
-0.0154986 ,-0.0374171 ,0.0348300 ,
-0.0179383 ,-0.0433069 ,0.0348300 ,
-0.0000000 ,-0.0150000 ,0.0348300 ,
-0.0000000 ,-0.0213751 ,0.0348300 ,
-0.0000001 ,-0.0277499 ,0.0348300 ,
-0.0000000 ,-0.0341250 ,0.0348300 ,
-0.0000000 ,-0.0405000 ,0.0348300 ,
-0.0000000 ,-0.0468751 ,0.0348300 ,
0.0057403 ,-0.0138582 ,0.0348300 ,
0.0081799 ,-0.0197479 ,0.0348300 ,
0.0106195 ,-0.0256377 ,0.0348300 ,
0.0130591 ,-0.0315274 ,0.0348300 ,
0.0154987 ,-0.0374171 ,0.0348300 ,
0.0179383 ,-0.0433069 ,0.0348300 ,
0.0106066 ,-0.0106066 ,0.0348300 ,
0.0151145 ,-0.0151145 ,0.0348300 ,
0.0196221 ,-0.0196222 ,0.0348300 ,
0.0241300 ,-0.0241300 ,0.0348300 ,
0.0286378 ,-0.0286378 ,0.0348300 ,
0.0331457 ,-0.0331457 ,0.0348300 ,
0.0138582 ,-0.0057402 ,0.0348300 ,
0.0197479 ,-0.0081798 ,0.0348300 ,
0.0256377 ,-0.0106195 ,0.0348300 ,
0.0315274 ,-0.0130591 ,0.0348300 ,
0.0374171 ,-0.0154986 ,0.0348300 ,
0.0433069 ,-0.0179383 ,0.0348300 ,
0.0000000 ,0.0000000 ,-0.1500000 ,
0.0053032 ,0.0053033 ,-0.1500000 ,
0.0138582 ,0.0057402 ,-0.1500000 ,
0.0106066 ,0.0106066 ,-0.1500000 ,
0.0075000 ,0.0000000 ,-0.1500000 ,
0.0150000 ,0.0000000 ,-0.1500000 ,
-0.0000001 ,0.0075000 ,-0.1500000 ,
0.0057401 ,0.0138582 ,-0.1500000 ,
-0.0000001 ,0.0150000 ,-0.1500000 ,
-0.0053034 ,0.0053032 ,-0.1500000 ,
-0.0057405 ,0.0138581 ,-0.1500000 ,
-0.0106068 ,0.0106064 ,-0.1500000 ,
-0.0075000 ,-0.0000003 ,-0.1500000 ,
-0.0138583 ,0.0057399 ,-0.1500000 ,
-0.0150000 ,-0.0000004 ,-0.1500000 ,
-0.0053031 ,-0.0053035 ,-0.1500000 ,
-0.0138580 ,-0.0057407 ,-0.1500000 ,
-0.0106062 ,-0.0106070 ,-0.1500000 ,
0.0000004 ,-0.0075000 ,-0.1500000 ,
-0.0057397 ,-0.0138584 ,-0.1500000 ,
0.0000007 ,-0.0150000 ,-0.1500000 ,
0.0053036 ,-0.0053030 ,-0.1500000 ,
0.0057410 ,-0.0138579 ,-0.1500000 ,
0.0106072 ,-0.0106060 ,-0.1500000 ,
0.0075000 ,0.0000006 ,-0.1500000 ,
0.0138585 ,-0.0057395 ,-0.1500000 ,
0.0150000 ,0.0000009 ,-0.1500000 ,
0.0000000 ,0.0000000 ,-0.1350000 ,
0.0053032 ,0.0053033 ,-0.1350000 ,
0.0138582 ,0.0057402 ,-0.1350000 ,
0.0106066 ,0.0106066 ,-0.1350000 ,
0.0075000 ,0.0000000 ,-0.1350000 ,
0.0150000 ,0.0000000 ,-0.1350000 ,
-0.0000001 ,0.0075000 ,-0.1350000 ,
0.0057401 ,0.0138582 ,-0.1350000 ,
-0.0000001 ,0.0150000 ,-0.1350000 ,
-0.0053034 ,0.0053032 ,-0.1350000 ,
-0.0057405 ,0.0138581 ,-0.1350000 ,
-0.0106068 ,0.0106064 ,-0.1350000 ,
-0.0075000 ,-0.0000003 ,-0.1350000 ,
-0.0138583 ,0.0057399 ,-0.1350000 ,
-0.0150000 ,-0.0000004 ,-0.1350000 ,
-0.0053031 ,-0.0053035 ,-0.1350000 ,
-0.0138580 ,-0.0057407 ,-0.1350000 ,
-0.0106062 ,-0.0106070 ,-0.1350000 ,
0.0000004 ,-0.0075000 ,-0.1350000 ,
-0.0057397 ,-0.0138584 ,-0.1350000 ,
0.0000007 ,-0.0150000 ,-0.1350000 ,
0.0053036 ,-0.0053030 ,-0.1350000 ,
0.0057410 ,-0.0138579 ,-0.1350000 ,
0.0106072 ,-0.0106060 ,-0.1350000 ,
0.0075000 ,0.0000006 ,-0.1350000 ,
0.0138585 ,-0.0057395 ,-0.1350000 ,
0.0150000 ,0.0000009 ,-0.1350000 ,
0.0000000 ,0.0000000 ,-0.1285000 ,
0.0053032 ,0.0053033 ,-0.1285000 ,
0.0138582 ,0.0057402 ,-0.1285000 ,
0.0106066 ,0.0106066 ,-0.1285000 ,
0.0075000 ,0.0000000 ,-0.1285000 ,
0.0150000 ,0.0000000 ,-0.1285000 ,
-0.0000001 ,0.0075000 ,-0.1285000 ,
0.0057401 ,0.0138582 ,-0.1285000 ,
-0.0000001 ,0.0150000 ,-0.1285000 ,
-0.0053034 ,0.0053032 ,-0.1285000 ,
-0.0057405 ,0.0138581 ,-0.1285000 ,
-0.0106068 ,0.0106064 ,-0.1285000 ,
-0.0075000 ,-0.0000003 ,-0.1285000 ,
-0.0138583 ,0.0057399 ,-0.1285000 ,
-0.0150000 ,-0.0000004 ,-0.1285000 ,
-0.0053031 ,-0.0053035 ,-0.1285000 ,
-0.0138580 ,-0.0057407 ,-0.1285000 ,
-0.0106062 ,-0.0106070 ,-0.1285000 ,
0.0000004 ,-0.0075000 ,-0.1285000 ,
-0.0057397 ,-0.0138584 ,-0.1285000 ,
0.0000007 ,-0.0150000 ,-0.1285000 ,
0.0053036 ,-0.0053030 ,-0.1285000 ,
0.0057410 ,-0.0138579 ,-0.1285000 ,
0.0106072 ,-0.0106060 ,-0.1285000 ,
0.0075000 ,0.0000006 ,-0.1285000 ,
0.0138585 ,-0.0057395 ,-0.1285000 ,
0.0150000 ,0.0000009 ,-0.1285000 ,
0.0000000 ,0.0000000 ,-0.1265000 ,
0.0053032 ,0.0053033 ,-0.1265000 ,
0.0138582 ,0.0057402 ,-0.1265000 ,
0.0106066 ,0.0106066 ,-0.1265000 ,
0.0075000 ,0.0000000 ,-0.1265000 ,
0.0150000 ,0.0000000 ,-0.1265000 ,
-0.0000001 ,0.0075000 ,-0.1265000 ,
0.0057401 ,0.0138582 ,-0.1265000 ,
-0.0000001 ,0.0150000 ,-0.1265000 ,
-0.0053034 ,0.0053032 ,-0.1265000 ,
-0.0057405 ,0.0138581 ,-0.1265000 ,
-0.0106068 ,0.0106064 ,-0.1265000 ,
-0.0075000 ,-0.0000003 ,-0.1265000 ,
-0.0138583 ,0.0057399 ,-0.1265000 ,
-0.0150000 ,-0.0000004 ,-0.1265000 ,
-0.0053031 ,-0.0053035 ,-0.1265000 ,
-0.0138580 ,-0.0057407 ,-0.1265000 ,
-0.0106062 ,-0.0106070 ,-0.1265000 ,
0.0000004 ,-0.0075000 ,-0.1265000 ,
-0.0057397 ,-0.0138584 ,-0.1265000 ,
0.0000007 ,-0.0150000 ,-0.1265000 ,
0.0053036 ,-0.0053030 ,-0.1265000 ,
0.0057410 ,-0.0138579 ,-0.1265000 ,
0.0106072 ,-0.0106060 ,-0.1265000 ,
0.0075000 ,0.0000006 ,-0.1265000 ,
0.0138585 ,-0.0057395 ,-0.1265000 ,
0.0150000 ,0.0000009 ,-0.1265000 ,
0.0000000 ,0.0000000 ,-0.1160000 ,
0.0053032 ,0.0053033 ,-0.1160000 ,
0.0138582 ,0.0057402 ,-0.1160000 ,
0.0106066 ,0.0106066 ,-0.1160000 ,
0.0075000 ,0.0000000 ,-0.1160000 ,
0.0150000 ,0.0000000 ,-0.1160000 ,
-0.0000001 ,0.0075000 ,-0.1160000 ,
0.0057401 ,0.0138582 ,-0.1160000 ,
-0.0000001 ,0.0150000 ,-0.1160000 ,
-0.0053034 ,0.0053032 ,-0.1160000 ,
-0.0057405 ,0.0138581 ,-0.1160000 ,
-0.0106068 ,0.0106064 ,-0.1160000 ,
-0.0075000 ,-0.0000003 ,-0.1160000 ,
-0.0138583 ,0.0057399 ,-0.1160000 ,
-0.0150000 ,-0.0000004 ,-0.1160000 ,
-0.0053031 ,-0.0053035 ,-0.1160000 ,
-0.0138580 ,-0.0057407 ,-0.1160000 ,
-0.0106062 ,-0.0106070 ,-0.1160000 ,
0.0000004 ,-0.0075000 ,-0.1160000 ,
-0.0057397 ,-0.0138584 ,-0.1160000 ,
0.0000007 ,-0.0150000 ,-0.1160000 ,
0.0053036 ,-0.0053030 ,-0.1160000 ,
0.0057410 ,-0.0138579 ,-0.1160000 ,
0.0106072 ,-0.0106060 ,-0.1160000 ,
0.0075000 ,0.0000006 ,-0.1160000 ,
0.0138585 ,-0.0057395 ,-0.1160000 ,
0.0150000 ,0.0000009 ,-0.1160000 ,
0.0000000 ,0.0000000 ,-0.1085000 ,
0.0053032 ,0.0053033 ,-0.1085000 ,
0.0138582 ,0.0057402 ,-0.1085000 ,
0.0106066 ,0.0106066 ,-0.1085000 ,
0.0075000 ,0.0000000 ,-0.1085000 ,
0.0150000 ,0.0000000 ,-0.1085000 ,
-0.0000001 ,0.0075000 ,-0.1085000 ,
0.0057401 ,0.0138582 ,-0.1085000 ,
-0.0000001 ,0.0150000 ,-0.1085000 ,
-0.0053034 ,0.0053032 ,-0.1085000 ,
-0.0057405 ,0.0138581 ,-0.1085000 ,
-0.0106068 ,0.0106064 ,-0.1085000 ,
-0.0075000 ,-0.0000003 ,-0.1085000 ,
-0.0138583 ,0.0057399 ,-0.1085000 ,
-0.0150000 ,-0.0000004 ,-0.1085000 ,
-0.0053031 ,-0.0053035 ,-0.1085000 ,
-0.0138580 ,-0.0057407 ,-0.1085000 ,
-0.0106062 ,-0.0106070 ,-0.1085000 ,
0.0000004 ,-0.0075000 ,-0.1085000 ,
-0.0057397 ,-0.0138584 ,-0.1085000 ,
0.0000007 ,-0.0150000 ,-0.1085000 ,
0.0053036 ,-0.0053030 ,-0.1085000 ,
0.0057410 ,-0.0138579 ,-0.1085000 ,
0.0106072 ,-0.0106060 ,-0.1085000 ,
0.0075000 ,0.0000006 ,-0.1085000 ,
0.0138585 ,-0.0057395 ,-0.1085000 ,
0.0150000 ,0.0000009 ,-0.1085000 ,
0.0000000 ,0.0000000 ,-0.1045000 ,
0.0053032 ,0.0053033 ,-0.1045000 ,
0.0138582 ,0.0057402 ,-0.1045000 ,
0.0106066 ,0.0106066 ,-0.1045000 ,
0.0075000 ,0.0000000 ,-0.1045000 ,
0.0150000 ,0.0000000 ,-0.1045000 ,
-0.0000001 ,0.0075000 ,-0.1045000 ,
0.0057401 ,0.0138582 ,-0.1045000 ,
-0.0000001 ,0.0150000 ,-0.1045000 ,
-0.0053034 ,0.0053032 ,-0.1045000 ,
-0.0057405 ,0.0138581 ,-0.1045000 ,
-0.0106068 ,0.0106064 ,-0.1045000 ,
-0.0075000 ,-0.0000003 ,-0.1045000 ,
-0.0138583 ,0.0057399 ,-0.1045000 ,
-0.0150000 ,-0.0000004 ,-0.1045000 ,
-0.0053031 ,-0.0053035 ,-0.1045000 ,
-0.0138580 ,-0.0057407 ,-0.1045000 ,
-0.0106062 ,-0.0106070 ,-0.1045000 ,
0.0000004 ,-0.0075000 ,-0.1045000 ,
-0.0057397 ,-0.0138584 ,-0.1045000 ,
0.0000007 ,-0.0150000 ,-0.1045000 ,
0.0053036 ,-0.0053030 ,-0.1045000 ,
0.0057410 ,-0.0138579 ,-0.1045000 ,
0.0106072 ,-0.0106060 ,-0.1045000 ,
0.0075000 ,0.0000006 ,-0.1045000 ,
0.0138585 ,-0.0057395 ,-0.1045000 ,
0.0150000 ,0.0000009 ,-0.1045000 ,
0.0000000 ,0.0000000 ,-0.0812778 ,
0.0053032 ,0.0053033 ,-0.0812778 ,
0.0138582 ,0.0057402 ,-0.0812778 ,
0.0106066 ,0.0106066 ,-0.0812778 ,
0.0075000 ,0.0000000 ,-0.0812778 ,
0.0150000 ,0.0000000 ,-0.0812778 ,
-0.0000001 ,0.0075000 ,-0.0812778 ,
0.0057401 ,0.0138582 ,-0.0812778 ,
-0.0000001 ,0.0150000 ,-0.0812778 ,
-0.0053034 ,0.0053032 ,-0.0812778 ,
-0.0057405 ,0.0138581 ,-0.0812778 ,
-0.0106068 ,0.0106064 ,-0.0812778 ,
-0.0075000 ,-0.0000003 ,-0.0812778 ,
-0.0138583 ,0.0057399 ,-0.0812778 ,
-0.0150000 ,-0.0000004 ,-0.0812778 ,
-0.0053031 ,-0.0053035 ,-0.0812778 ,
-0.0138580 ,-0.0057407 ,-0.0812778 ,
-0.0106062 ,-0.0106070 ,-0.0812778 ,
0.0000004 ,-0.0075000 ,-0.0812778 ,
-0.0057397 ,-0.0138584 ,-0.0812778 ,
0.0000007 ,-0.0150000 ,-0.0812778 ,
0.0053036 ,-0.0053030 ,-0.0812778 ,
0.0057410 ,-0.0138579 ,-0.0812778 ,
0.0106072 ,-0.0106060 ,-0.0812778 ,
0.0075000 ,0.0000006 ,-0.0812778 ,
0.0138585 ,-0.0057395 ,-0.0812778 ,
0.0150000 ,0.0000009 ,-0.0812778 ,
0.0000000 ,0.0000000 ,-0.0580556 ,
0.0053032 ,0.0053033 ,-0.0580556 ,
0.0138582 ,0.0057402 ,-0.0580556 ,
0.0106066 ,0.0106066 ,-0.0580556 ,
0.0075000 ,0.0000000 ,-0.0580556 ,
0.0150000 ,0.0000000 ,-0.0580556 ,
-0.0000001 ,0.0075000 ,-0.0580556 ,
0.0057401 ,0.0138582 ,-0.0580556 ,
-0.0000001 ,0.0150000 ,-0.0580556 ,
-0.0053034 ,0.0053032 ,-0.0580556 ,
-0.0057405 ,0.0138581 ,-0.0580556 ,
-0.0106068 ,0.0106064 ,-0.0580556 ,
-0.0075000 ,-0.0000003 ,-0.0580556 ,
-0.0138583 ,0.0057399 ,-0.0580556 ,
-0.0150000 ,-0.0000004 ,-0.0580556 ,
-0.0053031 ,-0.0053035 ,-0.0580556 ,
-0.0138580 ,-0.0057407 ,-0.0580556 ,
-0.0106062 ,-0.0106070 ,-0.0580556 ,
0.0000004 ,-0.0075000 ,-0.0580556 ,
-0.0057397 ,-0.0138584 ,-0.0580556 ,
0.0000007 ,-0.0150000 ,-0.0580556 ,
0.0053036 ,-0.0053030 ,-0.0580556 ,
0.0057410 ,-0.0138579 ,-0.0580556 ,
0.0106072 ,-0.0106060 ,-0.0580556 ,
0.0075000 ,0.0000006 ,-0.0580556 ,
0.0138585 ,-0.0057395 ,-0.0580556 ,
0.0150000 ,0.0000009 ,-0.0580556 ,
0.0000000 ,0.0000000 ,-0.0348333 ,
0.0053032 ,0.0053033 ,-0.0348333 ,
0.0138582 ,0.0057402 ,-0.0348333 ,
0.0106066 ,0.0106066 ,-0.0348333 ,
0.0075000 ,0.0000000 ,-0.0348333 ,
0.0150000 ,0.0000000 ,-0.0348333 ,
-0.0000001 ,0.0075000 ,-0.0348333 ,
0.0057401 ,0.0138582 ,-0.0348333 ,
-0.0000001 ,0.0150000 ,-0.0348333 ,
-0.0053034 ,0.0053032 ,-0.0348333 ,
-0.0057405 ,0.0138581 ,-0.0348333 ,
-0.0106068 ,0.0106064 ,-0.0348333 ,
-0.0075000 ,-0.0000003 ,-0.0348333 ,
-0.0138583 ,0.0057399 ,-0.0348333 ,
-0.0150000 ,-0.0000004 ,-0.0348333 ,
-0.0053031 ,-0.0053035 ,-0.0348333 ,
-0.0138580 ,-0.0057407 ,-0.0348333 ,
-0.0106062 ,-0.0106070 ,-0.0348333 ,
0.0000004 ,-0.0075000 ,-0.0348333 ,
-0.0057397 ,-0.0138584 ,-0.0348333 ,
0.0000007 ,-0.0150000 ,-0.0348333 ,
0.0053036 ,-0.0053030 ,-0.0348333 ,
0.0057410 ,-0.0138579 ,-0.0348333 ,
0.0106072 ,-0.0106060 ,-0.0348333 ,
0.0075000 ,0.0000006 ,-0.0348333 ,
0.0138585 ,-0.0057395 ,-0.0348333 ,
0.0150000 ,0.0000009 ,-0.0348333 ,
0.0000000 ,0.0000000 ,-0.0116111 ,
0.0053032 ,0.0053033 ,-0.0116111 ,
0.0138582 ,0.0057402 ,-0.0116111 ,
0.0106066 ,0.0106066 ,-0.0116111 ,
0.0075000 ,0.0000000 ,-0.0116111 ,
0.0150000 ,0.0000000 ,-0.0116111 ,
-0.0000001 ,0.0075000 ,-0.0116111 ,
0.0057401 ,0.0138582 ,-0.0116111 ,
-0.0000001 ,0.0150000 ,-0.0116111 ,
-0.0053034 ,0.0053032 ,-0.0116111 ,
-0.0057405 ,0.0138581 ,-0.0116111 ,
-0.0106068 ,0.0106064 ,-0.0116111 ,
-0.0075000 ,-0.0000003 ,-0.0116111 ,
-0.0138583 ,0.0057399 ,-0.0116111 ,
-0.0150000 ,-0.0000004 ,-0.0116111 ,
-0.0053031 ,-0.0053035 ,-0.0116111 ,
-0.0138580 ,-0.0057407 ,-0.0116111 ,
-0.0106062 ,-0.0106070 ,-0.0116111 ,
0.0000004 ,-0.0075000 ,-0.0116111 ,
-0.0057397 ,-0.0138584 ,-0.0116111 ,
0.0000007 ,-0.0150000 ,-0.0116111 ,
0.0053036 ,-0.0053030 ,-0.0116111 ,
0.0057410 ,-0.0138579 ,-0.0116111 ,
0.0106072 ,-0.0106060 ,-0.0116111 ,
0.0075000 ,0.0000006 ,-0.0116111 ,
0.0138585 ,-0.0057395 ,-0.0116111 ,
0.0150000 ,0.0000009 ,-0.0116111 ,
0.0000000 ,0.0000000 ,0.0116111 ,
0.0053032 ,0.0053033 ,0.0116111 ,
0.0138582 ,0.0057402 ,0.0116111 ,
0.0106066 ,0.0106066 ,0.0116111 ,
0.0075000 ,0.0000000 ,0.0116111 ,
0.0150000 ,0.0000000 ,0.0116111 ,
-0.0000001 ,0.0075000 ,0.0116111 ,
0.0057401 ,0.0138582 ,0.0116111 ,
-0.0000001 ,0.0150000 ,0.0116111 ,
-0.0053034 ,0.0053032 ,0.0116111 ,
-0.0057405 ,0.0138581 ,0.0116111 ,
-0.0106068 ,0.0106064 ,0.0116111 ,
-0.0075000 ,-0.0000003 ,0.0116111 ,
-0.0138583 ,0.0057399 ,0.0116111 ,
-0.0150000 ,-0.0000004 ,0.0116111 ,
-0.0053031 ,-0.0053035 ,0.0116111 ,
-0.0138580 ,-0.0057407 ,0.0116111 ,
-0.0106062 ,-0.0106070 ,0.0116111 ,
0.0000004 ,-0.0075000 ,0.0116111 ,
-0.0057397 ,-0.0138584 ,0.0116111 ,
0.0000007 ,-0.0150000 ,0.0116111 ,
0.0053036 ,-0.0053030 ,0.0116111 ,
0.0057410 ,-0.0138579 ,0.0116111 ,
0.0106072 ,-0.0106060 ,0.0116111 ,
0.0075000 ,0.0000006 ,0.0116111 ,
0.0138585 ,-0.0057395 ,0.0116111 ,
0.0150000 ,0.0000009 ,0.0116111 ,
0.0000000 ,0.0000000 ,0.0348333 ,
0.0053032 ,0.0053033 ,0.0348333 ,
0.0138582 ,0.0057402 ,0.0348333 ,
0.0106066 ,0.0106066 ,0.0348333 ,
0.0075000 ,0.0000000 ,0.0348333 ,
0.0150000 ,0.0000000 ,0.0348333 ,
-0.0000001 ,0.0075000 ,0.0348333 ,
0.0057401 ,0.0138582 ,0.0348333 ,
-0.0000001 ,0.0150000 ,0.0348333 ,
-0.0053034 ,0.0053032 ,0.0348333 ,
-0.0057405 ,0.0138581 ,0.0348333 ,
-0.0106068 ,0.0106064 ,0.0348333 ,
-0.0075000 ,-0.0000003 ,0.0348333 ,
-0.0138583 ,0.0057399 ,0.0348333 ,
-0.0150000 ,-0.0000004 ,0.0348333 ,
-0.0053031 ,-0.0053035 ,0.0348333 ,
-0.0138580 ,-0.0057407 ,0.0348333 ,
-0.0106062 ,-0.0106070 ,0.0348333 ,
0.0000004 ,-0.0075000 ,0.0348333 ,
-0.0057397 ,-0.0138584 ,0.0348333 ,
0.0000007 ,-0.0150000 ,0.0348333 ,
0.0053036 ,-0.0053030 ,0.0348333 ,
0.0057410 ,-0.0138579 ,0.0348333 ,
0.0106072 ,-0.0106060 ,0.0348333 ,
0.0075000 ,0.0000006 ,0.0348333 ,
0.0138585 ,-0.0057395 ,0.0348333 ,
0.0150000 ,0.0000009 ,0.0348333 ,
0.0000000 ,0.0000000 ,0.0580556 ,
0.0053032 ,0.0053033 ,0.0580556 ,
0.0138582 ,0.0057402 ,0.0580556 ,
0.0106066 ,0.0106066 ,0.0580556 ,
0.0075000 ,0.0000000 ,0.0580556 ,
0.0150000 ,0.0000000 ,0.0580556 ,
-0.0000001 ,0.0075000 ,0.0580556 ,
0.0057401 ,0.0138582 ,0.0580556 ,
-0.0000001 ,0.0150000 ,0.0580556 ,
-0.0053034 ,0.0053032 ,0.0580556 ,
-0.0057405 ,0.0138581 ,0.0580556 ,
-0.0106068 ,0.0106064 ,0.0580556 ,
-0.0075000 ,-0.0000003 ,0.0580556 ,
-0.0138583 ,0.0057399 ,0.0580556 ,
-0.0150000 ,-0.0000004 ,0.0580556 ,
-0.0053031 ,-0.0053035 ,0.0580556 ,
-0.0138580 ,-0.0057407 ,0.0580556 ,
-0.0106062 ,-0.0106070 ,0.0580556 ,
0.0000004 ,-0.0075000 ,0.0580556 ,
-0.0057397 ,-0.0138584 ,0.0580556 ,
0.0000007 ,-0.0150000 ,0.0580556 ,
0.0053036 ,-0.0053030 ,0.0580556 ,
0.0057410 ,-0.0138579 ,0.0580556 ,
0.0106072 ,-0.0106060 ,0.0580556 ,
0.0075000 ,0.0000006 ,0.0580556 ,
0.0138585 ,-0.0057395 ,0.0580556 ,
0.0150000 ,0.0000009 ,0.0580556 ,
0.0000000 ,0.0000000 ,0.0812778 ,
0.0053032 ,0.0053033 ,0.0812778 ,
0.0138582 ,0.0057402 ,0.0812778 ,
0.0106066 ,0.0106066 ,0.0812778 ,
0.0075000 ,0.0000000 ,0.0812778 ,
0.0150000 ,0.0000000 ,0.0812778 ,
-0.0000001 ,0.0075000 ,0.0812778 ,
0.0057401 ,0.0138582 ,0.0812778 ,
-0.0000001 ,0.0150000 ,0.0812778 ,
-0.0053034 ,0.0053032 ,0.0812778 ,
-0.0057405 ,0.0138581 ,0.0812778 ,
-0.0106068 ,0.0106064 ,0.0812778 ,
-0.0075000 ,-0.0000003 ,0.0812778 ,
-0.0138583 ,0.0057399 ,0.0812778 ,
-0.0150000 ,-0.0000004 ,0.0812778 ,
-0.0053031 ,-0.0053035 ,0.0812778 ,
-0.0138580 ,-0.0057407 ,0.0812778 ,
-0.0106062 ,-0.0106070 ,0.0812778 ,
0.0000004 ,-0.0075000 ,0.0812778 ,
-0.0057397 ,-0.0138584 ,0.0812778 ,
0.0000007 ,-0.0150000 ,0.0812778 ,
0.0053036 ,-0.0053030 ,0.0812778 ,
0.0057410 ,-0.0138579 ,0.0812778 ,
0.0106072 ,-0.0106060 ,0.0812778 ,
0.0075000 ,0.0000006 ,0.0812778 ,
0.0138585 ,-0.0057395 ,0.0812778 ,
0.0150000 ,0.0000009 ,0.0812778 ,
0.0000000 ,0.0000000 ,0.1045000 ,
0.0053032 ,0.0053033 ,0.1045000 ,
0.0138582 ,0.0057402 ,0.1045000 ,
0.0106066 ,0.0106066 ,0.1045000 ,
0.0075000 ,0.0000000 ,0.1045000 ,
0.0150000 ,0.0000000 ,0.1045000 ,
-0.0000001 ,0.0075000 ,0.1045000 ,
0.0057401 ,0.0138582 ,0.1045000 ,
-0.0000001 ,0.0150000 ,0.1045000 ,
-0.0053034 ,0.0053032 ,0.1045000 ,
-0.0057405 ,0.0138581 ,0.1045000 ,
-0.0106068 ,0.0106064 ,0.1045000 ,
-0.0075000 ,-0.0000003 ,0.1045000 ,
-0.0138583 ,0.0057399 ,0.1045000 ,
-0.0150000 ,-0.0000004 ,0.1045000 ,
-0.0053031 ,-0.0053035 ,0.1045000 ,
-0.0138580 ,-0.0057407 ,0.1045000 ,
-0.0106062 ,-0.0106070 ,0.1045000 ,
0.0000004 ,-0.0075000 ,0.1045000 ,
-0.0057397 ,-0.0138584 ,0.1045000 ,
0.0000007 ,-0.0150000 ,0.1045000 ,
0.0053036 ,-0.0053030 ,0.1045000 ,
0.0057410 ,-0.0138579 ,0.1045000 ,
0.0106072 ,-0.0106060 ,0.1045000 ,
0.0075000 ,0.0000006 ,0.1045000 ,
0.0138585 ,-0.0057395 ,0.1045000 ,
0.0150000 ,0.0000009 ,0.1045000 ,
0.0000000 ,0.0000000 ,0.1085000 ,
0.0053032 ,0.0053033 ,0.1085000 ,
0.0138582 ,0.0057402 ,0.1085000 ,
0.0106066 ,0.0106066 ,0.1085000 ,
0.0075000 ,0.0000000 ,0.1085000 ,
0.0150000 ,0.0000000 ,0.1085000 ,
-0.0000001 ,0.0075000 ,0.1085000 ,
0.0057401 ,0.0138582 ,0.1085000 ,
-0.0000001 ,0.0150000 ,0.1085000 ,
-0.0053034 ,0.0053032 ,0.1085000 ,
-0.0057405 ,0.0138581 ,0.1085000 ,
-0.0106068 ,0.0106064 ,0.1085000 ,
-0.0075000 ,-0.0000003 ,0.1085000 ,
-0.0138583 ,0.0057399 ,0.1085000 ,
-0.0150000 ,-0.0000004 ,0.1085000 ,
-0.0053031 ,-0.0053035 ,0.1085000 ,
-0.0138580 ,-0.0057407 ,0.1085000 ,
-0.0106062 ,-0.0106070 ,0.1085000 ,
0.0000004 ,-0.0075000 ,0.1085000 ,
-0.0057397 ,-0.0138584 ,0.1085000 ,
0.0000007 ,-0.0150000 ,0.1085000 ,
0.0053036 ,-0.0053030 ,0.1085000 ,
0.0057410 ,-0.0138579 ,0.1085000 ,
0.0106072 ,-0.0106060 ,0.1085000 ,
0.0075000 ,0.0000006 ,0.1085000 ,
0.0138585 ,-0.0057395 ,0.1085000 ,
0.0150000 ,0.0000009 ,0.1085000 ,
0.0000000 ,0.0000000 ,0.1160000 ,
0.0053032 ,0.0053033 ,0.1160000 ,
0.0138582 ,0.0057402 ,0.1160000 ,
0.0106066 ,0.0106066 ,0.1160000 ,
0.0075000 ,0.0000000 ,0.1160000 ,
0.0150000 ,0.0000000 ,0.1160000 ,
-0.0000001 ,0.0075000 ,0.1160000 ,
0.0057401 ,0.0138582 ,0.1160000 ,
-0.0000001 ,0.0150000 ,0.1160000 ,
-0.0053034 ,0.0053032 ,0.1160000 ,
-0.0057405 ,0.0138581 ,0.1160000 ,
-0.0106068 ,0.0106064 ,0.1160000 ,
-0.0075000 ,-0.0000003 ,0.1160000 ,
-0.0138583 ,0.0057399 ,0.1160000 ,
-0.0150000 ,-0.0000004 ,0.1160000 ,
-0.0053031 ,-0.0053035 ,0.1160000 ,
-0.0138580 ,-0.0057407 ,0.1160000 ,
-0.0106062 ,-0.0106070 ,0.1160000 ,
0.0000004 ,-0.0075000 ,0.1160000 ,
-0.0057397 ,-0.0138584 ,0.1160000 ,
0.0000007 ,-0.0150000 ,0.1160000 ,
0.0053036 ,-0.0053030 ,0.1160000 ,
0.0057410 ,-0.0138579 ,0.1160000 ,
0.0106072 ,-0.0106060 ,0.1160000 ,
0.0075000 ,0.0000006 ,0.1160000 ,
0.0138585 ,-0.0057395 ,0.1160000 ,
0.0150000 ,0.0000009 ,0.1160000 ,
0.0000000 ,0.0000000 ,0.1265000 ,
0.0053032 ,0.0053033 ,0.1265000 ,
0.0138582 ,0.0057402 ,0.1265000 ,
0.0106066 ,0.0106066 ,0.1265000 ,
0.0075000 ,0.0000000 ,0.1265000 ,
0.0150000 ,0.0000000 ,0.1265000 ,
-0.0000001 ,0.0075000 ,0.1265000 ,
0.0057401 ,0.0138582 ,0.1265000 ,
-0.0000001 ,0.0150000 ,0.1265000 ,
-0.0053034 ,0.0053032 ,0.1265000 ,
-0.0057405 ,0.0138581 ,0.1265000 ,
-0.0106068 ,0.0106064 ,0.1265000 ,
-0.0075000 ,-0.0000003 ,0.1265000 ,
-0.0138583 ,0.0057399 ,0.1265000 ,
-0.0150000 ,-0.0000004 ,0.1265000 ,
-0.0053031 ,-0.0053035 ,0.1265000 ,
-0.0138580 ,-0.0057407 ,0.1265000 ,
-0.0106062 ,-0.0106070 ,0.1265000 ,
0.0000004 ,-0.0075000 ,0.1265000 ,
-0.0057397 ,-0.0138584 ,0.1265000 ,
0.0000007 ,-0.0150000 ,0.1265000 ,
0.0053036 ,-0.0053030 ,0.1265000 ,
0.0057410 ,-0.0138579 ,0.1265000 ,
0.0106072 ,-0.0106060 ,0.1265000 ,
0.0075000 ,0.0000006 ,0.1265000 ,
0.0138585 ,-0.0057395 ,0.1265000 ,
0.0150000 ,0.0000009 ,0.1265000 ,
0.0000000 ,0.0000000 ,0.1285000 ,
0.0053032 ,0.0053033 ,0.1285000 ,
0.0138582 ,0.0057402 ,0.1285000 ,
0.0106066 ,0.0106066 ,0.1285000 ,
0.0075000 ,0.0000000 ,0.1285000 ,
0.0150000 ,0.0000000 ,0.1285000 ,
-0.0000001 ,0.0075000 ,0.1285000 ,
0.0057401 ,0.0138582 ,0.1285000 ,
-0.0000001 ,0.0150000 ,0.1285000 ,
-0.0053034 ,0.0053032 ,0.1285000 ,
-0.0057405 ,0.0138581 ,0.1285000 ,
-0.0106068 ,0.0106064 ,0.1285000 ,
-0.0075000 ,-0.0000003 ,0.1285000 ,
-0.0138583 ,0.0057399 ,0.1285000 ,
-0.0150000 ,-0.0000004 ,0.1285000 ,
-0.0053031 ,-0.0053035 ,0.1285000 ,
-0.0138580 ,-0.0057407 ,0.1285000 ,
-0.0106062 ,-0.0106070 ,0.1285000 ,
0.0000004 ,-0.0075000 ,0.1285000 ,
-0.0057397 ,-0.0138584 ,0.1285000 ,
0.0000007 ,-0.0150000 ,0.1285000 ,
0.0053036 ,-0.0053030 ,0.1285000 ,
0.0057410 ,-0.0138579 ,0.1285000 ,
0.0106072 ,-0.0106060 ,0.1285000 ,
0.0075000 ,0.0000006 ,0.1285000 ,
0.0138585 ,-0.0057395 ,0.1285000 ,
0.0150000 ,0.0000009 ,0.1285000 ,
0.0000000 ,0.0000000 ,0.1350000 ,
0.0053032 ,0.0053033 ,0.1350000 ,
0.0138582 ,0.0057402 ,0.1350000 ,
0.0106066 ,0.0106066 ,0.1350000 ,
0.0075000 ,0.0000000 ,0.1350000 ,
0.0150000 ,0.0000000 ,0.1350000 ,
-0.0000001 ,0.0075000 ,0.1350000 ,
0.0057401 ,0.0138582 ,0.1350000 ,
-0.0000001 ,0.0150000 ,0.1350000 ,
-0.0053034 ,0.0053032 ,0.1350000 ,
-0.0057405 ,0.0138581 ,0.1350000 ,
-0.0106068 ,0.0106064 ,0.1350000 ,
-0.0075000 ,-0.0000003 ,0.1350000 ,
-0.0138583 ,0.0057399 ,0.1350000 ,
-0.0150000 ,-0.0000004 ,0.1350000 ,
-0.0053031 ,-0.0053035 ,0.1350000 ,
-0.0138580 ,-0.0057407 ,0.1350000 ,
-0.0106062 ,-0.0106070 ,0.1350000 ,
0.0000004 ,-0.0075000 ,0.1350000 ,
-0.0057397 ,-0.0138584 ,0.1350000 ,
0.0000007 ,-0.0150000 ,0.1350000 ,
0.0053036 ,-0.0053030 ,0.1350000 ,
0.0057410 ,-0.0138579 ,0.1350000 ,
0.0106072 ,-0.0106060 ,0.1350000 ,
0.0075000 ,0.0000006 ,0.1350000 ,
0.0138585 ,-0.0057395 ,0.1350000 ,
0.0150000 ,0.0000009 ,0.1350000 ,
0.0000000 ,0.0000000 ,0.1500000 ,
0.0053032 ,0.0053033 ,0.1500000 ,
0.0138582 ,0.0057402 ,0.1500000 ,
0.0106066 ,0.0106066 ,0.1500000 ,
0.0075000 ,0.0000000 ,0.1500000 ,
0.0150000 ,0.0000000 ,0.1500000 ,
-0.0000001 ,0.0075000 ,0.1500000 ,
0.0057401 ,0.0138582 ,0.1500000 ,
-0.0000001 ,0.0150000 ,0.1500000 ,
-0.0053034 ,0.0053032 ,0.1500000 ,
-0.0057405 ,0.0138581 ,0.1500000 ,
-0.0106068 ,0.0106064 ,0.1500000 ,
-0.0075000 ,-0.0000003 ,0.1500000 ,
-0.0138583 ,0.0057399 ,0.1500000 ,
-0.0150000 ,-0.0000004 ,0.1500000 ,
-0.0053031 ,-0.0053035 ,0.1500000 ,
-0.0138580 ,-0.0057407 ,0.1500000 ,
-0.0106062 ,-0.0106070 ,0.1500000 ,
0.0000004 ,-0.0075000 ,0.1500000 ,
-0.0057397 ,-0.0138584 ,0.1500000 ,
0.0000007 ,-0.0150000 ,0.1500000 ,
0.0053036 ,-0.0053030 ,0.1500000 ,
0.0057410 ,-0.0138579 ,0.1500000 ,
0.0106072 ,-0.0106060 ,0.1500000 ,
0.0075000 ,0.0000006 ,0.1500000 ,
0.0138585 ,-0.0057395 ,0.1500000 ,
0.0150000 ,0.0000009 ,0.1500000 ,
1,480,reg6
481,1152,shaft
