0.0 0.0
-1.899979242328788E-7 -4.865101211857015E-5
-3.6736590032914455E-7 -7.988938149640408E-5
-9.263951778441461E-7 -1.1579591045874507E-4
-1.7161252850284505E-6 -1.914071260779401E-4
-2.4313784804756137E-6 -2.6087070493236835E-4
-2.9110468441657367E-6 -3.3098818825791647E-4
-3.0005034067715087E-6 -3.912578933600496E-4
-2.61086122432918E-6 -4.354522210666995E-4
-1.709367631918802E-6 -4.617920324822593E-4
-3.5061187877137657E-7 -4.648481005316014E-4
1.3332587490058549E-6 -4.4831349113511976E-4
3.160933115830196E-6 -4.107255807833446E-4
4.897675736771332E-6 -3.5947589545962875E-4
6.304467502677085E-6 -2.9684469497636546E-4
7.160498100046267E-6 -2.3217489721987595E-4
7.2980950766699226E-6 -1.6905778955869443E-4
6.6195052212828955E-6 -1.1643076605577559E-4
5.127724753668762E-6 -7.668075739474716E-5
2.9190631038488484E-6 -5.595895802945033E-5
1.8710730515135653E-7 -5.355322933915171E-5
-2.800797545464806E-6 -7.163764557918541E-5
-5.725303853453318E-6 -1.0578700008886476E-4
-8.256848713315283E-6 -1.5446372843263526E-4
-1.008557178439491E-5 -2.104835541434548E-4
-1.0965433852654566E-5 -2.701828679727714E-4
-1.0739843908611429E-5 -3.2563113280795935E-4
-9.36918866970903E-6 -3.733387955854386E-4
-6.935531300396824E-6 -4.06895352777413E-4
-3.644778047131644E-6 -4.250693892522117E-4
1.9614345550678407E-7 -4.246214874180148E-4
4.204002559361374E-6 -4.076748311471683E-4
7.962561028455701E-6 -3.745726754567328E-4
1.106259109010166E-5 -3.3053024495838636E-4
1.3150850428986416E-5 -2.7853876679733873E-4
1.3966226577174049E-5 -2.2543610856813146E-4
1.3375203424532315E-5 -1.7498785226946505E-4
1.1386691333951389E-5 -1.335928273592791E-4
8.159409694023338E-6 -1.0372608134132386E-4
3.986137361104515E-6 -8.95058953446566E-5
-7.300023160158307E-7 -9.06553011831372E-5
-5.518244959081089E-6 -1.0808630079208752E-4
-9.885031162241139E-6 -1.3844336673730483E-4
-1.3368365874229044E-5 -1.7974149181382724E-4
-1.5584389361524134E-5 -2.264324703685708E-4
-1.627243028759483E-5 -2.750128298598432E-4
-1.5322481245034162E-5 -3.194522759009007E-4
-1.2792912840234644E-5 -3.566092855144039E-4
-8.905536495240128E-6 -3.818193972905274E-4
-4.028463103905594E-6 -3.939491222563089E-4
1.361410642862311E-6 -3.909732751001536E-4
6.723630130644529E-6 -3.7456028181938144E-4
1.1510990604093628E-5 -3.455588861721462E-4
1.5224015718657641E-5 -3.0811358287093115E-4
1.746536249977388E-5 -2.6509388133828696E-4
1.7980640471603965E-5 -2.2184479934552202E-4
1.668882153490608E-5 -1.8168392717288553E-4
1.3691496839886568E-5 -1.4945757481531137E-4
9.266939879073806E-6 -1.2726724144046644E-4
3.8424232666503995E-6 -1.1800389504834984E-4
-2.0459254448766187E-6 -1.2143529614126276E-4
-7.808170111891066E-6 -1.378300592112314E-4
-1.2858780018109027E-5 -1.644548699904537E-4
-1.6677996584057584E-5 -1.99302075459332E-4
-1.8864330212403334E-5 -2.379450550959522E-4
-1.917822523482094E-5 -2.77287080598215E-4
-1.7567033054260832E-5 -3.126427696657588E-4
-1.4173434722122613E-5 -3.4136820039424833E-4
-9.32173550330503E-6 -3.600072521357603E-4
-3.4877457072193968E-6 -3.6766324907972305E-4
2.7494462248136576E-6 -3.6308019035544115E-4
8.764320212600277E-6 -3.4767227737502165E-4
1.3949143465537313E-5 -3.224870755028876E-4
1.7774838103163777E-5 -2.908975832821197E-4
1.984616404371344E-5 -2.554860483001477E-4
1.9941872165495252E-5 -2.2048836497696536E-4
1.8039151509878626E-5 -1.8870858102967812E-4
1.4316347445515575E-5 -1.638547120527263E-4
9.136962765073272E-6 -1.4761822939231663E-4
3.0131273830302907E-6 -1.4203677884469106E-4
-3.444698343068877E-6 -1.4684309525959445E-4
-9.589621936584895E-6 -1.6193658337882878E-4
-1.480286226913716E-5 -1.850359055067732E-4
-1.8557037797838395E-5 -2.1426048029451154E-4
-2.0469162228173203E-5 -2.4603892608870883E-4
-2.0340456684029292E-5 -2.7772518396160326E-4
-1.8176465368326736E-5 -3.056526690363814E-4
-1.4187811265684091E-5 -3.2766700133501236E-4
-8.768855075778471E-6 -3.4119666860335307E-4
-2.459115717995636E-6 -3.45589508438676E-4
4.111268251503123E-6 -3.401003564797484E-4
1.0284369523928478E-5 -3.2596798301469425E-4
1.5441107964397513E-5 -3.042851500471857E-4
1.9063157127495057E-5 -2.77825932155909E-4
2.0785681385331955E-5 -2.488377135450314E-4
2.043384627985437E-5 -2.2069619636657582E-4
1.8040954273105113E-5 -1.9571416500998337E-4
1.3844889310914545E-5 -1.7673774308279928E-4
8.26467672738815E-6 -1.6508182683835972E-4
1.8581149631708595E-6 -1.621740782779939E-4
-4.733907867246403E-6 -1.6769870793090398E-4
-1.085219508441473E-5 -1.8134793811642772E-4
-1.5884982764322225E-5 -2.0119646915150665E-4
-1.932972084274593E-5 -2.2555370345103616E-4
-2.0843143759320637E-5 -2.5152475286691496E-4
-2.0275766456646108E-5 -2.7689650320094326E-4
-1.7686580736771676E-5 -2.9879322429279224E-4
-1.3336963201913681E-5 -3.1549823193724805E-4
-7.663974642140245E-6 -3.2510066695190575E-4
-1.2366038899041013E-6 -3.2716280608733846E-4
5.301847760166917E-6 -3.21282046527413E-4
1.1298170490525132E-5 -3.0855698894555856E-4
1.6154797303894952E-5 -2.9004338899576813E-4
1.9389476455918068E-5 -2.6803221793756895E-4
2.0683348694167265E-5 -2.444377372741777E-4
1.9912408453269578E-5 -2.2195422481856238E-4
1.7159464545842596E-5 -2.0245637837036225E-4
1.2705081132980039E-5 -1.8812731061238397E-4
6.9991300323951215E-6 -1.7996049350580296E-4
6.149653402184341E-7 -1.7894238784582858E-4
-5.8081536989382195E-6 -1.84718808924116E-4
-1.1629403687517049E-5 -1.968752177117693E-4
-1.627043205567116E-5 -2.137807002772266E-4
-1.9272931512363445E-5 -2.3395464569352458E-4
-2.0343989282799317E-5 -2.550483141863925E-4
-1.9384825614374914E-5 -2.752390994196868E-4
-1.6499695368991086E-5 -2.922732537880449E-4
-1.1984711341519757E-5 -3.0480708472835013E-4
-6.2972948049875515E-6 -3.1142804379052176E-4
-9.832839934352638E-9 -3.118718989688998E-4
6.248190682163084E-6 -3.059646229360283E-4
1.185329616939321E-5 -2.94681761986362E-4
1.6250280793874953E-5 -2.7899927179905775E-4
1.9007197690682397E-5 -2.6080989173309793E-4
1.9857971878883035E-5 -2.4171885359723722E-4
1.8728110794240594E-5 -2.2387435001179046E-4
1.5741051139667486E-5 -2.0877497605950823E-4
1.1204768642453698E-5 -1.980898460605595E-4
5.579936527800556E-6 -1.9254946884539927E-4
-5.66884518003196E-7 -1.9282019049499127E-4
-6.620443617990631E-6 -1.9852649173795326E-4
-1.1978509776745022E-5 -2.0921024466445722E-4
-1.6111837548214386E-5 -2.2349074993348376E-4
-1.861659357651425E-5 -2.4009516886382235E-4
-1.9253772920430316E-5 -2.571204068581709E-4
-1.797201322468697E-5 -2.7308395262398515E-4
-1.4911532588733439E-5 -2.862243484304238E-4
-1.0388799832944223E-5 -2.955065328844413E-4
-4.8638643737176414E-6 -2.9989512335796295E-4
1.1065227751446798E-6 -2.992587929542718E-4
6.925088081432258E-6 -2.935732314977645E-4
1.2013882154291884E-5 -2.837007807202026E-4
1.5871716511314725E-5 -2.7051768670788946E-4
1.8123644735972394E-5 -2.5558479863206423E-4
1.8557395917087094E-5 -2.4023160916519822E-4
1.7143289763865495E-5 -2.2616633272715995E-4
1.4035842732114868E-5 -2.1457245418180691E-4
9.557076655094817E-6 -2.0671945195269628E-4
4.162989243520181E-6 -2.0312882312905768E-4
-1.6027659220298522E-6 -2.042354988817011E-4
-7.16377822548718E-6 -2.096593923251688E-4
-1.1968583365304528E-5 -2.1893841410766592E-4
-1.5545377785938035E-5 -2.309073061369904E-4
-1.7548395327359487E-5 -2.4448749646510865E-4
-1.779130015281881E-5 -2.5814138968795365E-4
-1.6264449205083286E-5 -2.7067595333252556E-4
-1.3134403927356513E-5 -2.807202445493607E-4
-8.725815524206892E-6 -2.8748927991210455E-4
-3.4878819507252945E-6 -2.9023291656937283E-4
2.051619120413871E-6 -2.889170003543133E-4
7.339324205520144E-6 -2.8361177269364607E-4
1.18517560753032E-5 -2.750741594626654E-4
1.5147136956305117E-5 -2.640742685624017E-4
1.6908696460198566E-5 -2.518950662062842E-4
1.6974982194577166E-5 -2.3962592872517148E-4
1.5354678945086545E-5 -2.2861999754719703E-4
1.222409843726385E-5 -2.1980125824618498E-4
7.90812817634487E-6 -2.1412860488588127E-4
2.8466109680788024E-6 -2.1196131779865852E-4
-2.4505436676847607E-6 -2.1356846070595946E-4
-7.454756067369895E-6 -2.185793186675252E-4
-1.1671510219630079E-5 -2.2655207496800948E-4
-1.4689265750518802E-5 -2.3650774153526175E-4
-1.6219556099710316E-5 -2.4754333325675056E-4
-1.612465587506219E-5 -2.584213149708908E-4
-1.442959786596503E-5 -2.681911275630238E-4
-1.1318370368419462E-5 -2.75791395944492E-4
-7.113916346392042E-6 -2.8063649641812754E-4
-2.244641162395266E-6 -2.821911103556011E-4
2.799154783681087E-6 -2.804889402068445E-4
7.5146600453569965E-6 -2.7565596351839715E-4
1.1436782352048334E-5 -2.6835102325356694E-4
1.4183928186729538E-5 -2.5923976413484413E-4
1.5495154909420144E-5 -2.493721155855806E-4
1.5254810539528428E-5 -2.3963216549791134E-4
1.3502712551932232E-5 -2.3108678628379223E-4
1.0428457611922989E-5 -2.2444910864574617E-4
6.351040988985241E-6 -2.2043738536738154E-4
1.685836754116253E-6 -2.192875926395584E-4
-3.097659141413607E-6 -2.2115171407670868E-4
-7.523237217169593E-6 -2.2567872328457228E-4