nodal
3
26741
28	9.658473E-01	-2.591152E-01	3.122006E-07	
56	9.658466E-01	-2.591149E-01	1.596736E-07	
84	9.658264E-01	-2.591904E-01	-1.237000E-06	
112	9.658262E-01	-2.591901E-01	-1.491896E-06	
197	2.585998E-01	9.659857E-01	4.362769E-08	
198	2.585994E-01	9.659849E-01	3.165918E-07	
199	2.585993E-01	9.659850E-01	-5.051714E-07	
200	2.586440E-01	9.659733E-01	-5.054587E-07	
201	2.586442E-01	9.659729E-01	-8.577473E-07	
202	2.587002E-01	9.659587E-01	-3.767984E-07	
203	2.586997E-01	9.659585E-01	-4.931078E-07	
204	2.587000E-01	9.659584E-01	-8.885943E-07	
205	2.587004E-01	9.659588E-01	-2.134880E-07	
206	2.587001E-01	9.659588E-01	-4.550246E-07	
207	2.587763E-01	9.659383E-01	2.176978E-06	
208	2.588099E-01	9.659290E-01	2.110565E-07	
209	2.588418E-01	9.659202E-01	-1.270361E-06	
210	2.588481E-01	9.659188E-01	-6.465984E-07	
211	2.587001E-01	9.659584E-01	-8.236438E-07	
212	2.588732E-01	9.659116E-01	-3.153192E-07	
213	2.589036E-01	9.659038E-01	-1.032539E-06	
214	2.589329E-01	9.658963E-01	-9.269328E-07	
215	2.589501E-01	9.658911E-01	-1.033210E-06	
216	2.587005E-01	9.659583E-01	-1.000819E-07	
217	2.587000E-01	9.659583E-01	-3.843763E-07	
218	2.587001E-01	9.659583E-01	-9.784432E-07	
219	2.586998E-01	9.659583E-01	-9.304576E-07	
220	2.590929E-01	9.658532E-01	-1.455206E-06	
221	2.586998E-01	9.659583E-01	-4.806480E-07	
222	2.591711E-01	9.658315E-01	-1.329895E-06	
223	2.591711E-01	9.658316E-01	-1.598217E-06	
224	2.587000E-01	9.659582E-01	-1.631513E-08	
252	-2.591112E-01	9.658475E-01	1.098809E-07	
280	-2.591108E-01	9.658479E-01	-4.389081E-07	
308	-2.591866E-01	9.658273E-01	-6.083993E-07	
336	-2.591865E-01	9.658278E-01	-5.539209E-07	
421	9.659856E-01	2.586004E-01	1.973912E-08	
422	9.659853E-01	2.585999E-01	-4.765149E-07	
423	9.659848E-01	2.586002E-01	4.060582E-07	
424	9.659736E-01	2.586428E-01	-3.186962E-07	
425	9.659735E-01	2.586421E-01	-1.030080E-07	
426	9.659594E-01	2.586980E-01	-3.595895E-07	
427	9.659590E-01	2.586971E-01	-5.960404E-07	
428	9.659588E-01	2.586977E-01	-4.910379E-08	
429	9.659592E-01	2.586979E-01	-6.367930E-07	
430	9.659585E-01	2.586974E-01	-6.599608E-08	
431	9.659370E-01	2.587798E-01	-6.924769E-07	
432	9.659282E-01	2.588133E-01	-8.946714E-07	
433	9.659205E-01	2.588392E-01	-1.032685E-06	
434	9.659183E-01	2.588482E-01	-5.952861E-07	
435	9.659591E-01	2.586973E-01	-4.127429E-07	
436	9.659116E-01	2.588732E-01	-8.466514E-07	
437	9.659034E-01	2.589027E-01	-6.580749E-07	
438	9.658959E-01	2.589332E-01	-1.351047E-06	
439	9.658913E-01	2.589496E-01	-6.461394E-07	
440	9.659593E-01	2.586980E-01	-6.234941E-07	
441	9.659587E-01	2.586977E-01	-4.075932E-08	
442	9.659593E-01	2.586973E-01	-4.732690E-07	
443	9.659592E-01	2.586975E-01	-5.176897E-07	
444	9.658531E-01	2.590926E-01	-1.897092E-06	
445	9.659592E-01	2.586972E-01	-4.019343E-07	
446	9.658316E-01	2.591717E-01	-1.153998E-06	
447	9.658316E-01	2.591720E-01	-1.585024E-06	
448	9.659592E-01	2.586977E-01	-4.329628E-07	
557	9.658469E-01	-2.591151E-01	-1.130424E-07	
639	9.658468E-01	-2.591145E-01	-4.112496E-07	
721	9.658261E-01	-2.591907E-01	-1.535308E-06	
968	2.585995E-01	9.659857E-01	2.990543E-07	
972	2.587000E-01	9.659579E-01	-7.898046E-07	
975	2.586436E-01	9.659736E-01	-6.407317E-07	
978	2.586434E-01	9.659734E-01	-2.419519E-07	
981	2.586999E-01	9.659584E-01	-3.727500E-07	
984	2.586607E-01	9.659692E-01	-6.634877E-08	
987	2.586999E-01	9.659581E-01	-9.210332E-07	
990	2.587003E-01	9.659586E-01	-1.020194E-07	
993	2.587283E-01	9.659506E-01	-3.852473E-07	
996	2.587555E-01	9.659437E-01	6.917064E-07	
999	2.587758E-01	9.659379E-01	1.879846E-06	
1002	2.588101E-01	9.659288E-01	7.616081E-08	
1005	2.588411E-01	9.659201E-01	-1.001618E-06	
1008	2.588485E-01	9.659190E-01	-7.575959E-07	
1011	2.588741E-01	9.659114E-01	-9.010077E-07	
1014	2.589033E-01	9.659035E-01	-5.129560E-07	
1017	2.589331E-01	9.658961E-01	-1.259631E-06	
1020	2.589503E-01	9.658910E-01	-8.626494E-07	
1023	2.589879E-01	9.658811E-01	-9.872441E-07	
1026	2.590151E-01	9.658736E-01	-8.079205E-07	
1029	2.590151E-01	9.658736E-01	-1.723824E-06	
1032	2.590612E-01	9.658611E-01	-1.719102E-06	
1035	2.590619E-01	9.658619E-01	-1.557586E-06	
1038	2.590925E-01	9.658529E-01	-1.973904E-06	
1041	2.590925E-01	9.658534E-01	-1.676800E-06	
1044	2.586999E-01	9.659585E-01	-9.724528E-07	
1047	2.586998E-01	9.659582E-01	-2.143485E-07	
1157	-2.591106E-01	9.658479E-01	1.822949E-07	
1240	-2.591114E-01	9.658481E-01	2.805606E-07	
1322	-2.591867E-01	9.658273E-01	-1.189779E-06	
1570	9.659849E-01	2.586002E-01	-5.312625E-08	
1573	9.659589E-01	2.586971E-01	-8.387205E-07	
1576	9.659741E-01	2.586424E-01	-9.094343E-07	
1579	9.659736E-01	2.586426E-01	-1.964595E-07	
1582	9.659594E-01	2.586977E-01	-8.441733E-07	
1585	9.659689E-01	2.586590E-01	-7.230781E-08	
1588	9.659594E-01	2.586980E-01	-1.497424E-07	
1591	9.659588E-01	2.586974E-01	-5.432299E-08	
1594	9.659514E-01	2.587251E-01	-8.171306E-07	
1597	9.659442E-01	2.587528E-01	-2.718177E-07	
1600	9.659372E-01	2.587791E-01	-8.746423E-07	
1603	9.659279E-01	2.588129E-01	-8.725690E-07	
1606	9.659207E-01	2.588395E-01	-3.596602E-07	
1609	9.659188E-01	2.588485E-01	-5.574758E-07	
1612	9.659120E-01	2.588738E-01	-9.784781E-07	
1615	9.659042E-01	2.589032E-01	-7.350937E-07	
1618	9.658955E-01	2.589331E-01	-1.159752E-06	
1621	9.658910E-01	2.589501E-01	-9.479150E-07	
1624	9.658809E-01	2.589873E-01	-9.029919E-07	
1627	9.658744E-01	2.590151E-01	-9.051990E-07	
1630	9.658741E-01	2.590151E-01	-1.661800E-06	
1633	9.658617E-01	2.590621E-01	-8.947246E-07	
1636	9.658613E-01	2.590617E-01	-1.365827E-06	
1639	9.658534E-01	2.590929E-01	-1.213766E-06	
1642	9.658532E-01	2.590925E-01	-1.737562E-06	
1645	9.659586E-01	2.586975E-01	-8.215669E-07	
1648	9.659593E-01	2.586971E-01	1.426050E-08	
2459	9.658471E-01	-2.591147E-01	-2.681873E-07	
2487	9.658469E-01	-2.591154E-01	1.381593E-07	
2515	9.658261E-01	-2.591910E-01	-5.891876E-07	
2543	9.658271E-01	-2.591909E-01	-7.595794E-07	
2628	2.585996E-01	9.659849E-01	-5.494878E-07	
2629	2.585995E-01	9.659847E-01	2.726308E-08	
2630	2.585996E-01	9.659855E-01	-2.787167E-07	
2631	2.586442E-01	9.659729E-01	-3.412806E-07	
2632	2.586434E-01	9.659732E-01	-5.791191E-07	
2633	2.586998E-01	9.659585E-01	-7.728220E-07	
2634	2.587003E-01	9.659584E-01	-9.201838E-07	
2635	2.587005E-01	9.659581E-01	-7.401095E-07	
2636	2.587000E-01	9.659584E-01	-6.565704E-07	
2637	2.587004E-01	9.659587E-01	-9.469855E-07	
2638	2.587756E-01	9.659384E-01	-2.625722E-06	
2639	2.588100E-01	9.659292E-01	-5.920181E-07	
2640	2.588419E-01	9.659205E-01	-1.233106E-06	
2641	2.588483E-01	9.659187E-01	-3.954601E-07	
2642	2.586996E-01	9.659587E-01	-3.645419E-07	
2643	2.588733E-01	9.659114E-01	-2.705467E-07	
2644	2.589027E-01	9.659041E-01	-3.687331E-07	
2645	2.589334E-01	9.658956E-01	-1.284387E-06	
2646	2.589500E-01	9.658918E-01	-1.302445E-06	
2647	2.587001E-01	9.659587E-01	-9.741244E-07	
2648	2.587005E-01	9.659582E-01	-7.445626E-07	
2649	2.587002E-01	9.659580E-01	-6.478688E-07	
2650	2.587004E-01	9.659583E-01	-5.230974E-08	
2651	2.590922E-01	9.658534E-01	-1.023250E-06	
2652	2.586997E-01	9.659585E-01	-8.660283E-07	
2653	2.591708E-01	9.658319E-01	-1.512185E-06	
2654	2.591711E-01	9.658321E-01	-1.719291E-06	
2655	2.587003E-01	9.659587E-01	-3.331394E-07	
2683	-2.591105E-01	9.658474E-01	-3.400695E-07	
2711	-2.591106E-01	9.658482E-01	-4.822726E-07	
2739	-2.591874E-01	9.658280E-01	-7.876396E-07	
2767	-2.591867E-01	9.658274E-01	-6.635599E-07	
2852	9.659847E-01	2.585996E-01	4.003019E-08	
2853	9.659854E-01	2.586003E-01	-5.519949E-07	
2854	9.659848E-01	2.586000E-01	2.411122E-07	
2855	9.659737E-01	2.586420E-01	-1.455580E-07	
2856	9.659735E-01	2.586422E-01	-2.314560E-07	
2857	9.659590E-01	2.586975E-01	-3.971341E-07	
2858	9.659586E-01	2.586978E-01	-5.501004E-07	
2859	9.659592E-01	2.586976E-01	-8.651626E-07	
2860	9.659592E-01	2.586979E-01	-2.368615E-07	
2861	9.659589E-01	2.586975E-01	-9.336782E-08	
2862	9.659371E-01	2.587801E-01	-2.227166E-07	
2863	9.659278E-01	2.588130E-01	-9.189209E-07	
2864	9.659207E-01	2.588392E-01	-8.076998E-07	
2865	9.659182E-01	2.588478E-01	-1.235135E-06	
2866	9.659594E-01	2.586978E-01	-6.198040E-07	
2867	9.659122E-01	2.588732E-01	-6.944396E-07	
2868	9.659036E-01	2.589027E-01	-1.095503E-06	
2869	9.658959E-01	2.589333E-01	-8.469995E-07	
2870	9.658917E-01	2.589503E-01	-1.384697E-06	
2871	9.659590E-01	2.586974E-01	-1.437708E-07	
2872	9.659586E-01	2.586972E-01	-4.411660E-07	
2873	9.659585E-01	2.586973E-01	-5.180243E-07	
2874	9.659594E-01	2.586972E-01	-4.436019E-07	
2875	9.658535E-01	2.590929E-01	-1.671034E-06	
2876	9.659585E-01	2.586978E-01	-8.740097E-07	
2877	9.658320E-01	2.591713E-01	-1.238169E-06	
2878	9.658321E-01	2.591715E-01	-1.527917E-06	
2879	9.659588E-01	2.586974E-01	-6.527251E-07	
2988	9.658468E-01	-2.591154E-01	-9.744069E-08	
3070	9.658467E-01	-2.591145E-01	-3.014582E-07	
3152	9.658270E-01	-2.591909E-01	-8.872677E-07	
3399	2.585993E-01	9.659847E-01	-2.640508E-07	
3403	2.587000E-01	9.659579E-01	-8.025714E-07	
3406	2.586440E-01	9.659732E-01	-7.253454E-08	
3409	2.586438E-01	9.659736E-01	-9.463422E-07	
3412	2.587000E-01	9.659587E-01	-3.435527E-07	
3415	2.586607E-01	9.659687E-01	-1.001269E-06	
3418	2.587001E-01	9.659584E-01	-8.063709E-07	
3421	2.586998E-01	9.659585E-01	-7.452926E-07	
3424	2.587279E-01	9.659509E-01	-1.026145E-06	
3427	2.587546E-01	9.659431E-01	6.861380E-07	
3430	2.587760E-01	9.659378E-01	2.182519E-06	
3433	2.588104E-01	9.659292E-01	-3.427497E-07	
3436	2.588409E-01	9.659205E-01	-1.190996E-06	
3439	2.588481E-01	9.659187E-01	-9.019433E-07	
3442	2.588736E-01	9.659116E-01	-1.198710E-06	
3445	2.589027E-01	9.659039E-01	-1.184466E-06	
3448	2.589328E-01	9.658956E-01	-6.323953E-07	
3451	2.589498E-01	9.658910E-01	-7.300823E-07	
3454	2.589875E-01	9.658810E-01	-8.614330E-07	
3457	2.590146E-01	9.658742E-01	-7.799690E-07	
3460	2.590152E-01	9.658740E-01	-9.118613E-07	
3463	2.590615E-01	9.658613E-01	-1.221972E-06	
3466	2.590612E-01	9.658616E-01	-9.420979E-07	
3469	2.590923E-01	9.658527E-01	-1.105253E-06	
3472	2.590924E-01	9.658533E-01	-1.655394E-06	
3475	2.586996E-01	9.659588E-01	-5.658616E-07	
3478	2.587004E-01	9.659588E-01	-9.704537E-07	
3588	-2.591106E-01	9.658483E-01	3.071952E-07	
3671	-2.591106E-01	9.658482E-01	-4.583113E-07	
3753	-2.591869E-01	9.658280E-01	-9.552540E-07	
4001	9.659853E-01	2.586000E-01	3.976877E-07	
4004	9.659586E-01	2.586973E-01	1.686268E-08	
4007	9.659739E-01	2.586426E-01	-5.975296E-07	
4010	9.659742E-01	2.586421E-01	-5.594255E-07	
4013	9.659594E-01	2.586977E-01	-5.556343E-07	
4016	9.659694E-01	2.586588E-01	-4.191679E-07	
4019	9.659589E-01	2.586972E-01	-1.450375E-07	
4022	9.659590E-01	2.586973E-01	-9.310811E-08	
4025	9.659511E-01	2.587252E-01	-5.358556E-07	
4028	9.659441E-01	2.587519E-01	-4.825662E-08	
4031	9.659373E-01	2.587798E-01	-1.049240E-06	
4034	9.659283E-01	2.588127E-01	-5.330581E-07	
4037	9.659212E-01	2.588395E-01	-6.589653E-07	
4040	9.659188E-01	2.588479E-01	-2.803000E-07	
4043	9.659121E-01	2.588733E-01	-6.844989E-07	
4046	9.659043E-01	2.589031E-01	-5.364415E-07	
4049	9.658958E-01	2.589330E-01	-1.287366E-06	
4052	9.658914E-01	2.589496E-01	-9.754802E-07	
4055	9.658810E-01	2.589872E-01	-1.078465E-06	
4058	9.658740E-01	2.590154E-01	-1.738413E-06	
4061	9.658735E-01	2.590148E-01	-9.823054E-07	
4064	9.658617E-01	2.590620E-01	-1.276909E-06	
4067	9.658616E-01	2.590614E-01	-1.368371E-06	
4070	9.658529E-01	2.590924E-01	-1.547757E-06	
4073	9.658530E-01	2.590924E-01	-1.511997E-06	
4076	9.659586E-01	2.586974E-01	-6.665916E-07	
4079	9.659592E-01	2.586979E-01	-3.727708E-07	
4890	9.658472E-01	-2.591154E-01	-2.042738E-06	
4918	9.658465E-01	-2.591153E-01	-1.939900E-06	
4946	9.658269E-01	-2.591907E-01	-1.332787E-06	
4974	9.658268E-01	-2.591907E-01	-1.231368E-06	
5059	2.585994E-01	9.659856E-01	-1.084285E-06	
5060	2.585990E-01	9.659857E-01	-1.901114E-06	
5061	2.585995E-01	9.659851E-01	-1.588418E-06	
5062	2.586435E-01	9.659733E-01	-2.528696E-06	
5063	2.586438E-01	9.659730E-01	-2.800991E-06	
5064	2.587002E-01	9.659583E-01	-4.651824E-07	
5065	2.586997E-01	9.659583E-01	-9.783515E-07	
5066	2.587004E-01	9.659581E-01	-7.633293E-07	
5067	2.587004E-01	9.659586E-01	-4.900137E-07	
5068	2.587003E-01	9.659584E-01	-9.204592E-08	
5069	2.587751E-01	9.659379E-01	-2.684744E-06	
5070	2.588097E-01	9.659290E-01	-2.613420E-06	
5071	2.588412E-01	9.659205E-01	-3.110297E-06	
5072	2.588480E-01	9.659184E-01	-2.844536E-06	
5073	2.586997E-01	9.659582E-01	-1.425822E-07	
5074	2.588739E-01	9.659120E-01	-2.957856E-06	
5075	2.589029E-01	9.659044E-01	-2.965019E-06	
5076	2.589335E-01	9.658960E-01	-3.592216E-06	
5077	2.589501E-01	9.658919E-01	-3.705637E-06	
5078	2.586999E-01	9.659579E-01	-7.702391E-07	
5079	2.587001E-01	9.659585E-01	-4.629547E-07	
5080	2.587000E-01	9.659579E-01	-1.782471E-07	
5081	2.586995E-01	9.659588E-01	-2.251224E-07	
5082	2.590923E-01	9.658527E-01	-5.510799E-06	
5083	2.586996E-01	9.659586E-01	-1.672342E-07	
5084	2.591707E-01	9.658317E-01	-5.185809E-06	
5085	2.591716E-01	9.658317E-01	-6.159834E-06	
5086	2.587003E-01	9.659580E-01	-5.858381E-07	
5114	-2.591112E-01	9.658474E-01	-1.519746E-06	
5142	-2.591114E-01	9.658481E-01	-1.277388E-06	
5170	-2.591872E-01	9.658280E-01	-1.289434E-06	
5198	-2.591869E-01	9.658276E-01	-9.853320E-07	
5283	9.659850E-01	2.585999E-01	-9.435106E-07	
5284	9.659851E-01	2.585994E-01	-1.053158E-06	
5285	9.659852E-01	2.586001E-01	-1.243011E-06	
5286	9.659741E-01	2.586427E-01	-1.998186E-06	
5287	9.659735E-01	2.586426E-01	-2.362958E-06	
5288	9.659589E-01	2.586973E-01	2.575563E-08	
5289	9.659586E-01	2.586975E-01	-2.824946E-07	
5290	9.659592E-01	2.586972E-01	-1.704497E-07	
5291	9.659587E-01	2.586971E-01	-9.068011E-07	
5292	9.659590E-01	2.586974E-01	-7.332465E-07	
5293	9.659370E-01	2.587791E-01	-3.421728E-06	
5294	9.659283E-01	2.588130E-01	-3.963807E-06	
5295	9.659209E-01	2.588398E-01	-3.476474E-06	
5296	9.659186E-01	2.588482E-01	-3.456582E-06	
5297	9.659586E-01	2.586974E-01	-5.400948E-07	
5298	9.659114E-01	2.588732E-01	-2.991742E-06	
5299	9.659037E-01	2.589029E-01	-3.090154E-06	
5300	9.658962E-01	2.589334E-01	-3.188282E-06	
5301	9.658911E-01	2.589493E-01	-4.027619E-06	
5302	9.659587E-01	2.586973E-01	-8.549713E-07	
5303	9.659590E-01	2.586977E-01	-9.225682E-07	
5304	9.659586E-01	2.586973E-01	-8.681519E-07	
5305	9.659592E-01	2.586971E-01	-5.693342E-07	
5306	9.658535E-01	2.590924E-01	-6.012027E-06	
5307	9.659594E-01	2.586971E-01	-2.151027E-07	
5308	9.658317E-01	2.591713E-01	-5.329438E-06	
5309	9.658320E-01	2.591714E-01	-6.164941E-06	
5310	9.659595E-01	2.586977E-01	-8.489686E-07	
5419	9.658463E-01	-2.591149E-01	-1.945787E-06	
5501	9.658463E-01	-2.591157E-01	-1.557430E-06	
5583	9.658265E-01	-2.591909E-01	-1.421424E-06	
5830	2.585994E-01	9.659854E-01	-1.285085E-06	
5834	2.586998E-01	9.659587E-01	-7.950186E-07	
5837	2.586438E-01	9.659732E-01	-2.431836E-06	
5840	2.586440E-01	9.659739E-01	-2.757313E-06	
5843	2.586998E-01	9.659588E-01	-9.320662E-07	
5846	2.586614E-01	9.659685E-01	-3.043308E-06	
5849	2.587001E-01	9.659580E-01	-2.911353E-06	
5852	2.587002E-01	9.659588E-01	-3.091800E-06	
5855	2.587276E-01	9.659512E-01	-2.914419E-06	
5858	2.587563E-01	9.659432E-01	-2.390682E-06	
5861	2.587752E-01	9.659381E-01	-2.240252E-06	
5864	2.588100E-01	9.659287E-01	-3.039285E-06	
5867	2.588417E-01	9.659204E-01	-2.958000E-06	
5870	2.588487E-01	9.659191E-01	-2.691094E-06	
5873	2.588739E-01	9.659116E-01	-3.548740E-06	
5876	2.589026E-01	9.659035E-01	-3.717278E-06	
5879	2.589335E-01	9.658961E-01	-3.347405E-06	
5882	2.589497E-01	9.658917E-01	-4.310941E-06	
5885	2.589868E-01	9.658814E-01	-4.691358E-06	
5888	2.590152E-01	9.658735E-01	-4.395700E-06	
5891	2.590150E-01	9.658738E-01	-4.984370E-06	
5894	2.590612E-01	9.658618E-01	-5.534852E-06	
5897	2.590617E-01	9.658614E-01	-5.130176E-06	
5900	2.590928E-01	9.658527E-01	-5.511813E-06	
5903	2.590920E-01	9.658529E-01	-5.336410E-06	
5906	2.587001E-01	9.659579E-01	-4.532545E-07	
5909	2.587002E-01	9.659587E-01	-2.541158E-07	
6019	-2.591107E-01	9.658481E-01	-1.321618E-06	
6102	-2.591117E-01	9.658478E-01	-1.435696E-06	
6184	-2.591873E-01	9.658271E-01	-1.066300E-06	
6432	9.659848E-01	2.586000E-01	-1.229652E-06	
6435	9.659592E-01	2.586980E-01	4.686869E-09	
6438	9.659733E-01	2.586424E-01	-2.384041E-06	
6441	9.659737E-01	2.586421E-01	-1.997726E-06	
6444	9.659585E-01	2.586973E-01	-6.270899E-09	
6447	9.659689E-01	2.586594E-01	-2.668012E-06	
6450	9.659588E-01	2.586974E-01	-2.918970E-06	
6453	9.659591E-01	2.586973E-01	-2.834806E-06	
6456	9.659511E-01	2.587255E-01	-3.014286E-06	
6459	9.659446E-01	2.587521E-01	-3.092296E-06	
6462	9.659366E-01	2.587792E-01	-2.918304E-06	
6465	9.659276E-01	2.588127E-01	-4.237323E-06	
6468	9.659211E-01	2.588397E-01	-3.681317E-06	
6471	9.659185E-01	2.588477E-01	-3.448950E-06	
6474	9.659123E-01	2.588740E-01	-3.551226E-06	
6477	9.659042E-01	2.589028E-01	-3.290325E-06	
6480	9.658957E-01	2.589336E-01	-3.126449E-06	
6483	9.658913E-01	2.589497E-01	-3.755915E-06	
6486	9.658813E-01	2.589869E-01	-3.866605E-06	
6489	9.658735E-01	2.590155E-01	-4.739147E-06	
6492	9.658737E-01	2.590149E-01	-4.278105E-06	
6495	9.658617E-01	2.590612E-01	-5.354626E-06	
6498	9.658612E-01	2.590619E-01	-4.724799E-06	
6501	9.658528E-01	2.590921E-01	-5.903144E-06	
6504	9.658530E-01	2.590927E-01	-5.329443E-06	
6507	9.659594E-01	2.586975E-01	-7.838760E-07	
6510	9.659591E-01	2.586980E-01	-2.564558E-07	
7321	9.658468E-01	-2.591153E-01	-3.040065E-06	
7349	9.658469E-01	-2.591156E-01	-3.464131E-06	
7377	9.658264E-01	-2.591895E-01	-2.077596E-06	
7405	9.658265E-01	-2.591894E-01	-2.819900E-06	
7490	2.585992E-01	9.659858E-01	-3.265317E-06	
7491	2.585988E-01	9.659854E-01	-2.663807E-06	
7492	2.585986E-01	9.659852E-01	-2.919424E-06	
7493	2.586434E-01	9.659734E-01	-4.475290E-06	
7494	2.586434E-01	9.659735E-01	-4.383953E-06	
7495	2.587002E-01	9.659588E-01	-9.246364E-07	
7496	2.586997E-01	9.659579E-01	-5.372630E-07	
7497	2.587002E-01	9.659580E-01	-9.706806E-07	
7498	2.586997E-01	9.659586E-01	-1.222316E-07	
7499	2.586996E-01	9.659584E-01	-6.152029E-07	
7500	2.587749E-01	9.659380E-01	-5.565913E-06	
7501	2.588104E-01	9.659292E-01	-5.873812E-06	
7502	2.588415E-01	9.659205E-01	-5.241088E-06	
7503	2.588480E-01	9.659188E-01	-5.229354E-06	
7504	2.587005E-01	9.659580E-01	-7.645643E-07	
7505	2.588738E-01	9.659117E-01	-5.722445E-06	
7506	2.589026E-01	9.659038E-01	-5.460175E-06	
7507	2.589330E-01	9.658955E-01	-5.937922E-06	
7508	2.589499E-01	9.658915E-01	-6.667213E-06	
7509	2.587001E-01	9.659588E-01	-5.821140E-07	
7510	2.587001E-01	9.659581E-01	-3.748620E-07	
7511	2.587004E-01	9.659583E-01	-7.270850E-07	
7512	2.586996E-01	9.659583E-01	-5.055461E-07	
7513	2.590921E-01	9.658530E-01	-9.686762E-06	
7514	2.586998E-01	9.659581E-01	-4.495870E-07	
7515	2.591710E-01	9.658320E-01	-1.025906E-05	
7516	2.591709E-01	9.658318E-01	-9.425384E-06	
7517	2.587005E-01	9.659579E-01	-8.226029E-07	
7545	-2.591118E-01	9.658476E-01	-1.904348E-06	
7573	-2.591114E-01	9.658480E-01	-2.832174E-06	
7601	-2.591861E-01	9.658280E-01	-2.357349E-06	
7629	-2.591859E-01	9.658274E-01	-2.126405E-06	
7714	9.659857E-01	2.585995E-01	-2.496719E-06	
7715	9.659852E-01	2.585995E-01	-2.583150E-06	
7716	9.659855E-01	2.585996E-01	-3.209688E-06	
7717	9.659743E-01	2.586418E-01	-3.837195E-06	
7718	9.659742E-01	2.586426E-01	-4.230805E-06	
7719	9.659590E-01	2.586971E-01	-5.386086E-07	
7720	9.659589E-01	2.586977E-01	-6.795252E-07	
7721	9.659592E-01	2.586976E-01	1.371565E-08	
7722	9.659591E-01	2.586973E-01	1.156909E-09	
7723	9.659594E-01	2.586980E-01	-5.340696E-07	
7724	9.659367E-01	2.587793E-01	-6.163728E-06	
7725	9.659278E-01	2.588131E-01	-6.374681E-06	
7726	9.659207E-01	2.588401E-01	-6.430640E-06	
7727	9.659182E-01	2.588481E-01	-5.825134E-06	
7728	9.659585E-01	2.586975E-01	-1.590196E-07	
7729	9.659122E-01	2.588738E-01	-5.261535E-06	
7730	9.659036E-01	2.589026E-01	-6.304887E-06	
7731	9.658957E-01	2.589330E-01	-6.713983E-06	
7732	9.658910E-01	2.589495E-01	-7.288817E-06	
7733	9.659589E-01	2.586971E-01	-8.636094E-07	
7734	9.659595E-01	2.586973E-01	-8.736611E-08	
7735	9.659592E-01	2.586979E-01	1.608172E-08	
7736	9.659589E-01	2.586976E-01	-3.873603E-07	
7737	9.658529E-01	2.590922E-01	-1.004492E-05	
7738	9.659589E-01	2.586973E-01	-8.409205E-07	
7739	9.658322E-01	2.591715E-01	-1.019832E-05	
7740	9.658317E-01	2.591713E-01	-9.948860E-06	
7741	9.659593E-01	2.586975E-01	-7.580081E-07	
7850	9.658462E-01	-2.591161E-01	-3.507856E-06	
7932	9.658470E-01	-2.591154E-01	-3.119220E-06	
8014	9.658264E-01	-2.591897E-01	-2.780120E-06	
8261	2.585989E-01	9.659854E-01	-3.489750E-06	
8265	2.586998E-01	9.659585E-01	-4.328508E-07	
8268	2.586438E-01	9.659737E-01	-4.826484E-06	
8271	2.586437E-01	9.659731E-01	-4.549292E-06	
8274	2.586998E-01	9.659583E-01	-4.970510E-07	
8277	2.586607E-01	9.659689E-01	-4.383026E-06	
8280	2.587003E-01	9.659587E-01	-4.367322E-06	
8283	2.586996E-01	9.659582E-01	-4.813046E-06	
8286	2.587279E-01	9.659512E-01	-4.974405E-06	
8289	2.587554E-01	9.659437E-01	-5.294660E-06	
8292	2.587754E-01	9.659378E-01	-5.506811E-06	
8295	2.588095E-01	9.659294E-01	-6.129999E-06	
8298	2.588420E-01	9.659200E-01	-5.977621E-06	
8301	2.588489E-01	9.659186E-01	-5.669684E-06	
8304	2.588732E-01	9.659122E-01	-6.120906E-06	
8307	2.589033E-01	9.659037E-01	-5.974237E-06	
8310	2.589329E-01	9.658956E-01	-6.080368E-06	
8313	2.589493E-01	9.658913E-01	-6.343995E-06	
8316	2.589874E-01	9.658810E-01	-7.445465E-06	
8319	2.590144E-01	9.658737E-01	-8.061621E-06	
8322	2.590150E-01	9.658744E-01	-8.010972E-06	
8325	2.590615E-01	9.658619E-01	-8.951323E-06	
8328	2.590607E-01	9.658615E-01	-9.098042E-06	
8331	2.590921E-01	9.658530E-01	-1.010659E-05	
8334	2.590921E-01	9.658528E-01	-9.627148E-06	
8337	2.586996E-01	9.659584E-01	-4.515678E-07	
8340	2.586996E-01	9.659588E-01	-1.003011E-07	
8450	-2.591116E-01	9.658473E-01	-2.776660E-06	
8533	-2.591116E-01	9.658473E-01	-1.967581E-06	
8615	-2.591865E-01	9.658274E-01	-2.306715E-06	
8863	9.659849E-01	2.585996E-01	-2.685623E-06	
8866	9.659592E-01	2.586976E-01	-1.316283E-07	
8869	9.659736E-01	2.586423E-01	-4.020529E-06	
8872	9.659736E-01	2.586426E-01	-3.793394E-06	
8875	9.659589E-01	2.586973E-01	-3.393397E-07	
8878	9.659693E-01	2.586587E-01	-4.925136E-06	
8881	9.659591E-01	2.586973E-01	-4.557914E-06	
8884	9.659590E-01	2.586973E-01	-4.782302E-06	
8887	9.659512E-01	2.587258E-01	-4.310344E-06	
8890	9.659441E-01	2.587517E-01	-4.766511E-06	
8893	9.659367E-01	2.587789E-01	-6.136413E-06	
8896	9.659285E-01	2.588132E-01	-6.927344E-06	
8899	9.659211E-01	2.588404E-01	-6.661736E-06	
8902	9.659185E-01	2.588484E-01	-5.701214E-06	
8905	9.659116E-01	2.588732E-01	-5.698773E-06	
8908	9.659037E-01	2.589033E-01	-5.858059E-06	
8911	9.658964E-01	2.589330E-01	-6.402703E-06	
8914	9.658918E-01	2.589497E-01	-6.506036E-06	
8917	9.658811E-01	2.589867E-01	-7.434492E-06	
8920	9.658739E-01	2.590145E-01	-8.660290E-06	
8923	9.658740E-01	2.590144E-01	-7.995410E-06	
8926	9.658617E-01	2.590611E-01	-9.300118E-06	
8929	9.658616E-01	2.590617E-01	-8.587979E-06	
8932	9.658530E-01	2.590928E-01	-1.017255E-05	
8935	9.658530E-01	2.590928E-01	-9.910976E-06	
8938	9.659594E-01	2.586974E-01	-7.534445E-08	
8941	9.659589E-01	2.586978E-01	-4.947044E-07	
9752	9.658465E-01	-2.591165E-01	-3.170722E-06	
9780	9.658463E-01	-2.591156E-01	-3.091207E-06	
9808	9.658269E-01	-2.591889E-01	-1.946347E-06	
9836	9.658267E-01	-2.591886E-01	-1.769817E-06	
9921	2.585977E-01	9.659854E-01	-5.046900E-06	
9922	2.585978E-01	9.659856E-01	-4.686603E-06	
9923	2.585980E-01	9.659859E-01	-4.779408E-06	
9924	2.586433E-01	9.659739E-01	-6.115673E-06	
9925	2.586433E-01	9.659736E-01	-6.889214E-06	
9926	2.586996E-01	9.659586E-01	-1.976815E-07	
9927	2.587004E-01	9.659580E-01	-4.765540E-07	
9928	2.587004E-01	9.659586E-01	-5.661181E-10	
9929	2.586999E-01	9.659581E-01	-7.936639E-07	
9930	2.587000E-01	9.659588E-01	-8.456966E-07	
9931	2.587753E-01	9.659377E-01	-7.812490E-06	
9932	2.588099E-01	9.659290E-01	-8.250626E-06	
9933	2.588417E-01	9.659204E-01	-8.374162E-06	
9934	2.588484E-01	9.659190E-01	-7.801486E-06	
9935	2.586998E-01	9.659583E-01	-4.308398E-08	
9936	2.588736E-01	9.659115E-01	-8.464512E-06	
9937	2.589024E-01	9.659040E-01	-8.980050E-06	
9938	2.589326E-01	9.658963E-01	-8.560636E-06	
9939	2.589490E-01	9.658911E-01	-9.376237E-06	
9940	2.587000E-01	9.659587E-01	9.846418E-09	
9941	2.587003E-01	9.659583E-01	-4.270135E-07	
9942	2.587004E-01	9.659584E-01	-1.036034E-07	
9943	2.586995E-01	9.659581E-01	-1.545202E-07	
9944	2.590922E-01	9.658533E-01	-1.425991E-05	
9945	2.587002E-01	9.659587E-01	-1.255395E-07	
9946	2.591713E-01	9.658324E-01	-1.449580E-05	
9947	2.591713E-01	9.658319E-01	-1.471619E-05	
9948	2.586997E-01	9.659580E-01	-6.569231E-07	
9976	-2.591126E-01	9.658480E-01	-2.987999E-06	
10004	-2.591123E-01	9.658471E-01	-3.337028E-06	
10032	-2.591859E-01	9.658279E-01	-3.077640E-06	
10060	-2.591859E-01	9.658277E-01	-3.663855E-06	
10145	9.659853E-01	2.585983E-01	-4.442645E-06	
10146	9.659858E-01	2.585988E-01	-4.981430E-06	
10147	9.659851E-01	2.585986E-01	-4.407764E-06	
10148	9.659734E-01	2.586419E-01	-6.516772E-06	
10149	9.659741E-01	2.586419E-01	-5.923692E-06	
10150	9.659587E-01	2.586974E-01	-2.808598E-07	
10151	9.659586E-01	2.586972E-01	-3.526327E-07	
10152	9.659593E-01	2.586981E-01	-4.302799E-08	
10153	9.659588E-01	2.586980E-01	-6.956914E-07	
10154	9.659587E-01	2.586974E-01	-7.401132E-07	
10155	9.659371E-01	2.587786E-01	-8.378291E-06	
10156	9.659280E-01	2.588136E-01	-9.429153E-06	
10157	9.659208E-01	2.588400E-01	-8.730012E-06	
10158	9.659185E-01	2.588487E-01	-7.728985E-06	
10159	9.659590E-01	2.586979E-01	-6.231436E-07	
10160	9.659116E-01	2.588735E-01	-8.423862E-06	
10161	9.659038E-01	2.589029E-01	-8.262810E-06	
10162	9.658961E-01	2.589329E-01	-9.077156E-06	
10163	9.658913E-01	2.589490E-01	-1.005604E-05	
10164	9.659590E-01	2.586972E-01	-9.770350E-08	
10165	9.659593E-01	2.586977E-01	-4.043769E-07	
10166	9.659594E-01	2.586976E-01	-7.265122E-07	
10167	9.659591E-01	2.586972E-01	-4.665041E-08	
10168	9.658536E-01	2.590925E-01	-1.405285E-05	
10169	9.659589E-01	2.586971E-01	-3.933439E-07	
10170	9.658319E-01	2.591718E-01	-1.389785E-05	
10171	9.658318E-01	2.591718E-01	-1.413782E-05	
10172	9.659591E-01	2.586980E-01	-6.626797E-07	
10281	9.658470E-01	-2.591165E-01	-3.289343E-06	
10363	9.658465E-01	-2.591157E-01	-3.046106E-06	
10445	9.658267E-01	-2.591885E-01	-1.688509E-06	
10692	2.585975E-01	9.659860E-01	-5.005527E-06	
10696	2.586996E-01	9.659580E-01	-4.763800E-07	
10699	2.586436E-01	9.659739E-01	-6.403081E-06	
10702	2.586434E-01	9.659740E-01	-6.300377E-06	
10705	2.587002E-01	9.659585E-01	-8.891363E-07	
10708	2.586611E-01	9.659690E-01	-7.061902E-06	
10711	2.586999E-01	9.659586E-01	-7.175773E-06	
10714	2.586994E-01	9.659585E-01	-6.881174E-06	
10717	2.587276E-01	9.659507E-01	-7.265847E-06	
10720	2.587559E-01	9.659440E-01	-7.174900E-06	
10723	2.587752E-01	9.659379E-01	-8.008692E-06	
10726	2.588096E-01	9.659287E-01	-7.826045E-06	
10729	2.588418E-01	9.659207E-01	-1.080317E-05	
10732	2.588485E-01	9.659189E-01	-8.268521E-06	
10735	2.588738E-01	9.659120E-01	-7.989097E-06	
10738	2.589027E-01	9.659040E-01	-8.530618E-06	
10741	2.589325E-01	9.658957E-01	-9.040444E-06	
10744	2.589495E-01	9.658917E-01	-9.380953E-06	
10747	2.589870E-01	9.658815E-01	-1.035251E-05	
10750	2.590144E-01	9.658738E-01	-1.174107E-05	
10753	2.590147E-01	9.658742E-01	-1.224552E-05	
10756	2.590611E-01	9.658612E-01	-1.314516E-05	
10759	2.590610E-01	9.658616E-01	-1.280494E-05	
10762	2.590916E-01	9.658531E-01	-1.377525E-05	
10765	2.590923E-01	9.658531E-01	-1.384865E-05	
10768	2.586997E-01	9.659581E-01	4.025662E-09	
10771	2.587003E-01	9.659579E-01	-5.346080E-07	
10881	-2.591121E-01	9.658470E-01	-3.705098E-06	
10964	-2.591121E-01	9.658474E-01	-3.747530E-06	
11046	-2.591851E-01	9.658281E-01	-3.863142E-06	
11294	9.659854E-01	2.585986E-01	-5.118073E-06	
11297	9.659591E-01	2.586975E-01	-5.110290E-08	
11300	9.659743E-01	2.586414E-01	-6.333031E-06	
11303	9.659736E-01	2.586422E-01	-6.466663E-06	
11306	9.659593E-01	2.586977E-01	-1.973882E-07	
11309	9.659690E-01	2.586595E-01	-6.480268E-06	
11312	9.659591E-01	2.586976E-01	-6.829808E-06	
11315	9.659594E-01	2.586978E-01	-6.390116E-06	
11318	9.659517E-01	2.587254E-01	-6.509350E-06	
11321	9.659443E-01	2.587514E-01	-6.838669E-06	
11324	9.659378E-01	2.587783E-01	-8.761827E-06	
11327	9.659284E-01	2.588127E-01	-9.176740E-06	
11330	9.659204E-01	2.588406E-01	-9.265505E-06	
11333	9.659186E-01	2.588483E-01	-8.559748E-06	
11336	9.659122E-01	2.588739E-01	-8.563131E-06	
11339	9.659041E-01	2.589027E-01	-8.551642E-06	
11342	9.658962E-01	2.589323E-01	-9.527482E-06	
11345	9.658911E-01	2.589493E-01	-9.656923E-06	
11348	9.658814E-01	2.589864E-01	-1.124117E-05	
11351	9.658744E-01	2.590141E-01	-1.143837E-05	
11354	9.658743E-01	2.590143E-01	-1.156809E-05	
11357	9.658617E-01	2.590611E-01	-1.322017E-05	
11360	9.658617E-01	2.590608E-01	-1.340116E-05	
11363	9.658531E-01	2.590927E-01	-1.355371E-05	
11366	9.658536E-01	2.590927E-01	-1.360485E-05	
11369	9.659588E-01	2.586973E-01	-2.584001E-07	
11372	9.659586E-01	2.586979E-01	-7.956518E-07	
12183	9.658458E-01	-2.591180E-01	-6.047500E-06	
12211	9.658457E-01	-2.591177E-01	-6.193848E-06	
12239	9.658271E-01	-2.591898E-01	-1.361889E-05	
12267	9.658271E-01	-2.591900E-01	-1.343898E-05	
12352	2.585966E-01	9.659855E-01	-7.292535E-06	
12353	2.585966E-01	9.659863E-01	-6.999438E-06	
12354	2.585965E-01	9.659862E-01	-6.608446E-06	
12355	2.586427E-01	9.659731E-01	-9.165298E-06	
12356	2.586431E-01	9.659732E-01	-8.912298E-06	
12357	2.586999E-01	9.659585E-01	-1.378813E-07	
12358	2.587000E-01	9.659585E-01	-4.439433E-07	
12359	2.587004E-01	9.659586E-01	-3.085774E-07	
12360	2.586998E-01	9.659583E-01	-9.684200E-07	
12361	2.586996E-01	9.659588E-01	-4.341822E-07	
12362	2.587748E-01	9.659379E-01	-1.038847E-05	
12363	2.588099E-01	9.659285E-01	-1.342631E-05	
12364	2.588417E-01	9.659201E-01	-1.068510E-05	
12365	2.588483E-01	9.659187E-01	-1.045405E-05	
12366	2.587003E-01	9.659583E-01	-8.888904E-07	
12367	2.588731E-01	9.659115E-01	-1.107356E-05	
12368	2.589026E-01	9.659040E-01	-1.086838E-05	
12369	2.589326E-01	9.658964E-01	-1.160022E-05	
12370	2.589487E-01	9.658917E-01	-1.236970E-05	
12371	2.586998E-01	9.659584E-01	-8.861350E-08	
12372	2.586995E-01	9.659579E-01	-1.818179E-07	
12373	2.587001E-01	9.659579E-01	-3.774423E-07	
12374	2.586998E-01	9.659581E-01	-5.526714E-07	
12375	2.590909E-01	9.658533E-01	-2.288293E-05	
12376	2.587000E-01	9.659583E-01	-2.143028E-07	
12377	2.591711E-01	9.658325E-01	-1.907877E-05	
12378	2.591711E-01	9.658325E-01	-1.874382E-05	
12379	2.587003E-01	9.659586E-01	-1.598986E-07	
12407	-2.591134E-01	9.658475E-01	-3.973956E-06	
12435	-2.591132E-01	9.658473E-01	-3.623437E-06	
12463	-2.591852E-01	9.658282E-01	-5.827897E-06	
12491	-2.591850E-01	9.658278E-01	-5.486693E-06	
12576	9.659862E-01	2.585968E-01	-7.036815E-06	
12577	9.659854E-01	2.585968E-01	-6.690157E-06	
12578	9.659863E-01	2.585977E-01	-6.756367E-06	
12579	9.659743E-01	2.586420E-01	-9.043270E-06	
12580	9.659735E-01	2.586419E-01	-8.354073E-06	
12581	9.659594E-01	2.586979E-01	-7.083198E-07	
12582	9.659587E-01	2.586978E-01	-2.661993E-07	
12583	9.659586E-01	2.586980E-01	-3.028951E-07	
12584	9.659593E-01	2.586974E-01	-7.377251E-07	
12585	9.659588E-01	2.586979E-01	-3.231890E-07	
12586	9.659380E-01	2.587774E-01	-1.131113E-05	
12587	9.659281E-01	2.588132E-01	-1.205756E-05	
12588	9.659202E-01	2.588415E-01	-1.144444E-05	
12589	9.659183E-01	2.588483E-01	-1.039666E-05	
12590	9.659591E-01	2.586974E-01	-7.027581E-07	
12591	9.659116E-01	2.588730E-01	-1.035421E-05	
12592	9.659043E-01	2.589028E-01	-1.150989E-05	
12593	9.658965E-01	2.589326E-01	-1.202054E-05	
12594	9.658915E-01	2.589493E-01	-1.257302E-05	
12595	9.659592E-01	2.586973E-01	-6.372583E-07	
12596	9.659591E-01	2.586976E-01	2.026067E-08	
12597	9.659588E-01	2.586974E-01	-7.653273E-07	
12598	9.659585E-01	2.586972E-01	-7.528862E-07	
12599	9.658534E-01	2.590914E-01	-2.295817E-05	
12600	9.659594E-01	2.586978E-01	-3.528412E-07	
12601	9.658318E-01	2.591714E-01	-1.931399E-05	
12602	9.658321E-01	2.591712E-01	-1.891426E-05	
12603	9.659586E-01	2.586978E-01	-8.005945E-07	
12712	9.658462E-01	-2.591179E-01	-5.803332E-06	
12794	9.658463E-01	-2.591173E-01	-5.876691E-06	
12876	9.658266E-01	-2.591901E-01	-1.279305E-05	
13123	2.585971E-01	9.659856E-01	-6.653959E-06	
13127	2.587003E-01	9.659586E-01	-3.262831E-07	
13130	2.586436E-01	9.659738E-01	-8.829064E-06	
13133	2.586435E-01	9.659734E-01	-9.223508E-06	
13136	2.586997E-01	9.659582E-01	-9.160881E-07	
13139	2.586608E-01	9.659688E-01	-8.903735E-06	
13142	2.586993E-01	9.659582E-01	-8.708938E-06	
13145	2.586997E-01	9.659579E-01	-8.827145E-06	
13148	2.587284E-01	9.659509E-01	-9.127634E-06	
13151	2.587553E-01	9.659431E-01	-9.951665E-06	
13154	2.587755E-01	9.659387E-01	-1.096605E-05	
13157	2.588098E-01	9.659291E-01	-1.096133E-05	
13160	2.588415E-01	9.659205E-01	-1.018815E-05	
13163	2.588483E-01	9.659186E-01	-1.038352E-05	
13166	2.588731E-01	9.659119E-01	-1.055435E-05	
13169	2.589022E-01	9.659037E-01	-1.159055E-05	
13172	2.589322E-01	9.658962E-01	-1.216361E-05	
13175	2.589485E-01	9.658914E-01	-1.290846E-05	
13178	2.589866E-01	9.658818E-01	-1.383569E-05	
13181	2.590140E-01	9.658745E-01	-1.524365E-05	
13184	2.590139E-01	9.658745E-01	-1.589451E-05	
13187	2.590600E-01	9.658614E-01	-1.754401E-05	
13190	2.590599E-01	9.658617E-01	-1.764504E-05	
13193	2.590913E-01	9.658536E-01	-1.848413E-05	
13196	2.590918E-01	9.658538E-01	-1.816947E-05	
13199	2.586998E-01	9.659583E-01	-5.231817E-07	
13202	2.586999E-01	9.659580E-01	-2.304647E-07	
13312	-2.591132E-01	9.658475E-01	-4.095056E-06	
13395	-2.591135E-01	9.658470E-01	-3.533118E-06	
13477	-2.591851E-01	9.658277E-01	-5.300000E-06	
13725	9.659863E-01	2.585972E-01	-6.553506E-06	
13728	9.659589E-01	2.586975E-01	-1.728122E-07	
13731	9.659743E-01	2.586413E-01	-8.630672E-06	
13734	9.659741E-01	2.586419E-01	-9.082162E-06	
13737	9.659591E-01	2.586976E-01	-1.559675E-07	
13740	9.659693E-01	2.586591E-01	-9.589042E-06	
13743	9.659588E-01	2.586977E-01	-8.968956E-06	
13746	9.659591E-01	2.586972E-01	-9.213185E-06	
13749	9.659515E-01	2.587252E-01	-8.910759E-06	
13752	9.659443E-01	2.587519E-01	-9.120297E-06	
13755	9.659374E-01	2.587772E-01	-1.125035E-05	
13758	9.659280E-01	2.588130E-01	-1.209517E-05	
13761	9.659207E-01	2.588409E-01	-1.140495E-05	
13764	9.659183E-01	2.588481E-01	-1.066322E-05	
13767	9.659118E-01	2.588736E-01	-1.116998E-05	
13770	9.659040E-01	2.589032E-01	-1.090886E-05	
13773	9.658963E-01	2.589319E-01	-1.149930E-05	
13776	9.658916E-01	2.589488E-01	-1.255622E-05	
13779	9.658818E-01	2.589864E-01	-1.390335E-05	
13782	9.658741E-01	2.590136E-01	-1.522589E-05	
13785	9.658738E-01	2.590139E-01	-1.591302E-05	
13788	9.658615E-01	2.590604E-01	-1.745429E-05	
13791	9.658615E-01	2.590602E-01	-1.678022E-05	
13794	9.658536E-01	2.590919E-01	-1.831767E-05	
13797	9.658534E-01	2.590920E-01	-1.889665E-05	
13800	9.659593E-01	2.586975E-01	-1.181063E-07	
13803	9.659585E-01	2.586975E-01	-6.503666E-07	
14614	9.658450E-01	-2.591199E-01	-4.171226E-06	
14642	9.658450E-01	-2.591200E-01	-4.188614E-06	
14670	9.658262E-01	-2.591928E-01	-3.348832E-06	
14698	9.658263E-01	-2.591914E-01	-8.777676E-06	
14783	2.585955E-01	9.659865E-01	-9.677283E-06	
14784	2.585958E-01	9.659861E-01	-9.752600E-06	
14785	2.585952E-01	9.659868E-01	-9.445977E-06	
14786	2.586427E-01	9.659740E-01	-1.169260E-05	
14787	2.586427E-01	9.659736E-01	-1.131557E-05	
14788	2.587004E-01	9.659585E-01	-5.857075E-07	
14789	2.587000E-01	9.659579E-01	-6.018474E-07	
14790	2.586997E-01	9.659584E-01	-5.687114E-07	
14791	2.586995E-01	9.659580E-01	-3.153398E-07	
14792	2.586999E-01	9.659586E-01	-4.008478E-07	
14793	2.587750E-01	9.659379E-01	-1.235859E-05	
14794	2.588108E-01	9.659285E-01	-1.283874E-05	
14795	2.588416E-01	9.659209E-01	-1.247901E-05	
14796	2.588478E-01	9.659187E-01	-1.316075E-05	
14797	2.586995E-01	9.659585E-01	-2.790347E-07	
14798	2.588734E-01	9.659115E-01	-1.311329E-05	
14799	2.589024E-01	9.659039E-01	-1.367606E-05	
14800	2.589324E-01	9.658966E-01	-1.509187E-05	
14801	2.589484E-01	9.658918E-01	-1.638881E-05	
14802	2.586995E-01	9.659585E-01	-2.902259E-07	
14803	2.587000E-01	9.659581E-01	-8.546530E-07	
14804	2.586995E-01	9.659587E-01	-9.527585E-07	
14805	2.587000E-01	9.659580E-01	-1.194588E-07	
14806	2.590911E-01	9.658538E-01	-2.817683E-05	
14807	2.587001E-01	9.659581E-01	-1.244312E-07	
14808	2.591710E-01	9.658322E-01	-2.403789E-05	
14809	2.591713E-01	9.658317E-01	-2.449914E-05	
14810	2.587004E-01	9.659580E-01	-3.581320E-07	
14838	-2.591142E-01	9.658465E-01	-2.504647E-06	
14866	-2.591147E-01	9.658472E-01	-3.044361E-06	
14894	-2.591852E-01	9.658280E-01	-3.856594E-06	
14922	-2.591851E-01	9.658276E-01	-3.949465E-06	
15007	9.659871E-01	2.585950E-01	-1.219481E-05	
15008	9.659863E-01	2.585960E-01	-9.336137E-06	
15009	9.659862E-01	2.585959E-01	-9.465889E-06	
15010	9.659740E-01	2.586412E-01	-1.162866E-05	
15011	9.659742E-01	2.586410E-01	-1.124727E-05	
15012	9.659595E-01	2.586978E-01	-5.923788E-07	
15013	9.659588E-01	2.586973E-01	-2.871023E-07	
15014	9.659594E-01	2.586975E-01	-7.517413E-08	
15015	9.659595E-01	2.586974E-01	-3.618660E-07	
15016	9.659593E-01	2.586977E-01	-6.422568E-07	
15017	9.659378E-01	2.587764E-01	-1.312596E-05	
15018	9.659281E-01	2.588133E-01	-1.505709E-05	
15019	9.659200E-01	2.588418E-01	-1.376991E-05	
15020	9.659188E-01	2.588484E-01	-1.319435E-05	
15021	9.659588E-01	2.586980E-01	-6.012207E-07	
15022	9.659124E-01	2.588734E-01	-1.351552E-05	
15023	9.659041E-01	2.589024E-01	-1.378752E-05	
15024	9.658962E-01	2.589323E-01	-1.498677E-05	
15025	9.658916E-01	2.589488E-01	-1.607767E-05	
15026	9.659593E-01	2.586975E-01	-6.925231E-07	
15027	9.659588E-01	2.586978E-01	-4.701534E-07	
15028	9.659593E-01	2.586971E-01	-4.601503E-07	
15029	9.659586E-01	2.586975E-01	-3.979585E-07	
15030	9.658535E-01	2.590910E-01	-2.831867E-05	
15031	9.659593E-01	2.586979E-01	-2.943719E-07	
15032	9.658323E-01	2.591712E-01	-2.411756E-05	
15033	9.658324E-01	2.591714E-01	-2.399888E-05	
15034	9.659593E-01	2.586976E-01	-2.320946E-08	
15143	9.658458E-01	-2.591201E-01	-4.346262E-06	
15225	9.658450E-01	-2.591198E-01	-4.363250E-06	
15307	9.658259E-01	-2.591914E-01	-8.710927E-06	
15554	2.585955E-01	9.659863E-01	-9.443885E-06	
15558	2.586997E-01	9.659588E-01	-9.606766E-07	
15561	2.586434E-01	9.659736E-01	-1.188565E-05	
15564	2.586425E-01	9.659735E-01	-1.195291E-05	
15567	2.586997E-01	9.659584E-01	-7.890344E-07	
15570	2.586616E-01	9.659688E-01	-1.197188E-05	
15573	2.587001E-01	9.659587E-01	-1.150069E-05	
15576	2.586995E-01	9.659588E-01	-1.164941E-05	
15579	2.587277E-01	9.659510E-01	-1.119000E-05	
15582	2.587543E-01	9.659433E-01	-1.212580E-05	
15585	2.587746E-01	9.659380E-01	-1.298983E-05	
15588	2.588104E-01	9.659290E-01	-1.297151E-05	
15591	2.588418E-01	9.659202E-01	-1.316320E-05	
15594	2.588481E-01	9.659187E-01	-1.291501E-05	
15597	2.588734E-01	9.659121E-01	-1.313581E-05	
15600	2.589021E-01	9.659044E-01	-1.372447E-05	
15603	2.589316E-01	9.658964E-01	-1.472393E-05	
15606	2.589489E-01	9.658921E-01	-1.569063E-05	
15609	2.589853E-01	9.658822E-01	-1.793633E-05	
15612	2.590130E-01	9.658746E-01	-1.989888E-05	
15615	2.590129E-01	9.658749E-01	-1.923131E-05	
15618	2.590600E-01	9.658617E-01	-2.118148E-05	
15621	2.590600E-01	9.658616E-01	-2.174077E-05	
15624	2.590909E-01	9.658540E-01	-2.348429E-05	
15627	2.590909E-01	9.658538E-01	-2.291519E-05	
15630	2.587004E-01	9.659586E-01	-3.934447E-07	
15633	2.586999E-01	9.659582E-01	-1.768244E-07	
15743	-2.591143E-01	9.658473E-01	-2.895948E-06	
15826	-2.591141E-01	9.658472E-01	-3.006714E-06	
15908	-2.591850E-01	9.658284E-01	-3.728531E-06	
16156	9.659865E-01	2.585963E-01	-8.994640E-06	
16159	9.659587E-01	2.586977E-01	-1.272899E-07	
16162	9.659742E-01	2.586414E-01	-1.119531E-05	
16165	9.659742E-01	2.586412E-01	-1.159471E-05	
16168	9.659595E-01	2.586976E-01	-8.462207E-07	
16171	9.659689E-01	2.586588E-01	-1.110264E-05	
16174	9.659586E-01	2.586977E-01	-1.136182E-05	
16177	9.659586E-01	2.586976E-01	-1.070337E-05	
16180	9.659516E-01	2.587251E-01	-1.011958E-05	
16183	9.659444E-01	2.587512E-01	-1.097184E-05	
16186	9.659379E-01	2.587766E-01	-1.310076E-05	
16189	9.659283E-01	2.588129E-01	-1.540245E-05	
16192	9.659205E-01	2.588418E-01	-1.444367E-05	
16195	9.659188E-01	2.588480E-01	-1.354793E-05	
16198	9.659118E-01	2.588736E-01	-1.364776E-05	
16201	9.659039E-01	2.589028E-01	-1.420498E-05	
16204	9.658957E-01	2.589324E-01	-1.491749E-05	
16207	9.658919E-01	2.589482E-01	-1.642728E-05	
16210	9.658820E-01	2.589861E-01	-1.760867E-05	
16213	9.658745E-01	2.590138E-01	-1.998181E-05	
16216	9.658741E-01	2.590129E-01	-1.989726E-05	
16219	9.658623E-01	2.590601E-01	-2.155984E-05	
16222	9.658617E-01	2.590600E-01	-2.159071E-05	
16225	9.658535E-01	2.590915E-01	-2.294263E-05	
16228	9.658530E-01	2.590910E-01	-2.365521E-05	
16231	9.659591E-01	2.586971E-01	-3.038518E-07	
16234	9.659594E-01	2.586977E-01	-2.121004E-07	
17045	9.658453E-01	-2.591216E-01	-1.963907E-06	
17073	9.658451E-01	-2.591216E-01	-1.168687E-06	
17101	9.658256E-01	-2.591923E-01	-2.890443E-06	
17129	9.658257E-01	-2.591928E-01	-3.683829E-06	
17214	2.585923E-01	9.659874E-01	-1.660889E-05	
17215	2.585945E-01	9.659871E-01	-1.289276E-05	
17216	2.585945E-01	9.659867E-01	-1.265801E-05	
17217	2.586431E-01	9.659740E-01	-1.458460E-05	
17218	2.586429E-01	9.659737E-01	-1.522245E-05	
17219	2.586995E-01	9.659581E-01	-8.787536E-07	
17220	2.587004E-01	9.659579E-01	-8.708176E-07	
17221	2.587005E-01	9.659583E-01	-2.004749E-07	
17222	2.586996E-01	9.659579E-01	-9.194184E-07	
17223	2.586998E-01	9.659579E-01	-5.494259E-07	
17224	2.587743E-01	9.659384E-01	-1.479426E-05	
17225	2.588108E-01	9.659285E-01	-1.532404E-05	
17226	2.588419E-01	9.659206E-01	-1.610924E-05	
17227	2.588488E-01	9.659188E-01	-1.546153E-05	
17228	2.588483E-01	9.659190E-01	-1.602653E-05	
17229	2.588727E-01	9.659125E-01	-1.627509E-05	
17230	2.589023E-01	9.659044E-01	-1.649867E-05	
17231	2.589315E-01	9.658960E-01	-1.806260E-05	
17232	2.589476E-01	9.658921E-01	-1.962320E-05	
17233	2.586999E-01	9.659586E-01	-9.388815E-07	
17234	2.586998E-01	9.659579E-01	-2.656509E-07	
17235	2.586996E-01	9.659585E-01	-3.564524E-08	
17236	2.587003E-01	9.659579E-01	-7.255865E-07	
17237	2.590899E-01	9.658539E-01	-3.405540E-05	
17238	2.586996E-01	9.659585E-01	-3.007479E-07	
17239	2.591712E-01	9.658322E-01	-2.970517E-05	
17240	2.591708E-01	9.658326E-01	-2.980924E-05	
17241	2.587002E-01	9.659584E-01	-7.431859E-07	
17269	-2.591159E-01	9.658465E-01	-2.821174E-07	
17297	-2.591156E-01	9.658463E-01	-5.302757E-07	
17325	-2.591858E-01	9.658284E-01	-2.574995E-06	
17353	-2.591855E-01	9.658277E-01	-2.741877E-06	
17438	9.659870E-01	2.585933E-01	-1.612452E-05	
17439	9.659867E-01	2.585948E-01	-1.207243E-05	
17440	9.659863E-01	2.585949E-01	-1.227479E-05	
17441	9.659742E-01	2.586412E-01	-1.474605E-05	
17442	9.659737E-01	2.586409E-01	-1.517198E-05	
17443	9.659594E-01	2.586976E-01	-8.997652E-07	
17444	9.659588E-01	2.586974E-01	-8.579007E-07	
17445	9.659587E-01	2.586978E-01	-7.172070E-07	
17446	9.659590E-01	2.586981E-01	-2.969051E-07	
17447	9.659593E-01	2.586976E-01	-3.423854E-07	
17448	9.659379E-01	2.587756E-01	-1.522839E-05	
17449	9.659283E-01	2.588130E-01	-1.685635E-05	
17450	9.659199E-01	2.588423E-01	-1.679728E-05	
17451	9.659189E-01	2.588480E-01	-1.561238E-05	
17452	9.659186E-01	2.588483E-01	-1.574927E-05	
17453	9.659122E-01	2.588726E-01	-1.577529E-05	
17454	9.659043E-01	2.589019E-01	-1.710078E-05	
17455	9.658968E-01	2.589319E-01	-1.763607E-05	
17456	9.658921E-01	2.589481E-01	-1.922029E-05	
17457	9.659592E-01	2.586974E-01	-6.861434E-07	
17458	9.659586E-01	2.586976E-01	-1.014717E-07	
17459	9.659593E-01	2.586971E-01	-5.653831E-07	
17460	9.659587E-01	2.586980E-01	-2.304146E-07	
17461	9.658538E-01	2.590906E-01	-3.444582E-05	
17462	9.659592E-01	2.586981E-01	-8.527724E-07	
17463	9.658322E-01	2.591716E-01	-2.955509E-05	
17464	9.658319E-01	2.591712E-01	-3.019292E-05	
17465	9.659590E-01	2.586978E-01	-8.712093E-07	
17574	9.658453E-01	-2.591211E-01	-2.041566E-06	
17656	9.658451E-01	-2.591216E-01	-1.357653E-06	
17738	9.658264E-01	-2.591930E-01	-3.390402E-06	
17985	2.585940E-01	9.659870E-01	-1.280085E-05	
17989	2.587004E-01	9.659588E-01	-6.857052E-08	
17992	2.586430E-01	9.659737E-01	-1.442478E-05	
17995	2.586432E-01	9.659734E-01	-1.490988E-05	
17998	2.586999E-01	9.659583E-01	-3.767957E-07	
18001	2.586618E-01	9.659682E-01	-1.379774E-05	
18004	2.586999E-01	9.659582E-01	-1.399641E-05	
18007	2.587000E-01	9.659586E-01	-1.372964E-05	
18010	2.587286E-01	9.659507E-01	-1.287985E-05	
18013	2.587541E-01	9.659442E-01	-1.319578E-05	
18016	2.587742E-01	9.659383E-01	-1.416092E-05	
18019	2.588104E-01	9.659291E-01	-1.498175E-05	
18022	2.588412E-01	9.659200E-01	-1.582748E-05	
18025	2.588479E-01	9.659191E-01	-1.579179E-05	
18028	2.588734E-01	9.659123E-01	-1.618769E-05	
18031	2.589026E-01	9.659038E-01	-1.624232E-05	
18034	2.589310E-01	9.658963E-01	-1.815584E-05	
18037	2.589475E-01	9.658922E-01	-1.887142E-05	
18040	2.589852E-01	9.658822E-01	-2.102777E-05	
18043	2.590114E-01	9.658750E-01	-2.745763E-05	
18046	2.590129E-01	9.658742E-01	-2.328810E-05	
18049	2.590589E-01	9.658620E-01	-2.619075E-05	
18052	2.590588E-01	9.658624E-01	-2.599153E-05	
18055	2.590905E-01	9.658534E-01	-2.818892E-05	
18058	2.590911E-01	9.658536E-01	-2.847863E-05	
18061	2.586995E-01	9.659582E-01	-8.423354E-07	
18064	2.586997E-01	9.659588E-01	-9.509400E-07	
18174	-2.591153E-01	9.658468E-01	-4.129837E-07	
18257	-2.591151E-01	9.658465E-01	-7.736934E-07	
18339	-2.591859E-01	9.658275E-01	-2.649836E-06	
18587	9.659866E-01	2.585943E-01	-1.240041E-05	
18590	9.659594E-01	2.586980E-01	-5.254569E-07	
18593	9.659740E-01	2.586407E-01	-1.512300E-05	
18596	9.659744E-01	2.586413E-01	-1.509644E-05	
18599	9.659587E-01	2.586973E-01	-1.723791E-08	
18602	9.659695E-01	2.586594E-01	-1.453789E-05	
18605	9.659586E-01	2.586983E-01	-1.318148E-05	
18608	9.659589E-01	2.586978E-01	-1.293837E-05	
18611	9.659513E-01	2.587255E-01	-1.217212E-05	
18614	9.659452E-01	2.587507E-01	-1.244139E-05	
18617	9.659377E-01	2.587758E-01	-1.487676E-05	
18620	9.659278E-01	2.588124E-01	-1.743143E-05	
18623	9.659199E-01	2.588428E-01	-1.695008E-05	
18626	9.659183E-01	2.588485E-01	-1.538653E-05	
18629	9.659117E-01	2.588727E-01	-1.592699E-05	
18632	9.659045E-01	2.589020E-01	-1.650496E-05	
18635	9.658965E-01	2.589319E-01	-1.740349E-05	
18638	9.658920E-01	2.589483E-01	-1.959479E-05	
18641	9.658823E-01	2.589847E-01	-2.099605E-05	
18644	9.658750E-01	2.590115E-01	-2.805583E-05	
18647	9.658750E-01	2.590127E-01	-2.340652E-05	
18650	9.658617E-01	2.590589E-01	-2.626884E-05	
18653	9.658619E-01	2.590592E-01	-2.641431E-05	
18656	9.658539E-01	2.590907E-01	-2.813754E-05	
18659	9.658535E-01	2.590905E-01	-2.865969E-05	
18662	9.659589E-01	2.586980E-01	-4.730310E-07	
18665	9.659593E-01	2.586977E-01	-4.062905E-07	
19476	9.658451E-01	-2.591220E-01	3.959630E-06	
19504	9.658451E-01	-2.591215E-01	4.081464E-06	
19532	9.658262E-01	-2.591930E-01	4.283968E-06	
19560	9.658256E-01	-2.591925E-01	4.335238E-06	
19645	2.585911E-01	9.659879E-01	-2.108901E-05	
19646	2.585925E-01	9.659866E-01	-1.657771E-05	
19647	2.585925E-01	9.659867E-01	-1.642026E-05	
19648	2.586425E-01	9.659736E-01	-1.866583E-05	
19649	2.586428E-01	9.659740E-01	-1.806124E-05	
19650	2.586997E-01	9.659588E-01	-8.061901E-07	
19651	2.587004E-01	9.659586E-01	-6.706721E-08	
19652	2.587003E-01	9.659582E-01	-1.661545E-08	
19653	2.587004E-01	9.659580E-01	-5.353461E-07	
19654	2.586998E-01	9.659588E-01	-1.327022E-07	
19655	2.587745E-01	9.659381E-01	-1.577766E-05	
19656	2.588090E-01	9.659289E-01	-1.809934E-05	
19657	2.588414E-01	9.659203E-01	-1.817209E-05	
19658	2.588483E-01	9.659188E-01	-1.882466E-05	
19659	2.588487E-01	9.659186E-01	-1.876461E-05	
19660	2.588725E-01	9.659119E-01	-1.924161E-05	
19661	2.589016E-01	9.659045E-01	-2.009275E-05	
19662	2.589305E-01	9.658960E-01	-2.051911E-05	
19663	2.589469E-01	9.658922E-01	-2.221575E-05	
19664	2.587001E-01	9.659579E-01	-7.268790E-07	
19665	2.586998E-01	9.659580E-01	-6.579845E-07	
19666	2.587004E-01	9.659583E-01	-7.476223E-07	
19667	2.586997E-01	9.659584E-01	-2.624544E-07	
19668	2.590893E-01	9.658539E-01	-4.014435E-05	
19669	2.586995E-01	9.659586E-01	-7.946472E-07	
19670	2.591709E-01	9.658322E-01	-3.591266E-05	
19671	2.591710E-01	9.658321E-01	-3.572898E-05	
19672	2.586996E-01	9.659584E-01	-3.509460E-07	
19700	-2.591159E-01	9.658465E-01	4.376992E-06	
19728	-2.591155E-01	9.658468E-01	4.788303E-06	
19756	-2.591867E-01	9.658279E-01	1.382307E-05	
19784	-2.591863E-01	9.658281E-01	3.887103E-06	
19869	9.659875E-01	2.585913E-01	-2.092694E-05	
19870	9.659872E-01	2.585934E-01	-1.675734E-05	
19871	9.659872E-01	2.585926E-01	-1.652989E-05	
19872	9.659737E-01	2.586411E-01	-1.869129E-05	
19873	9.659738E-01	2.586409E-01	-1.842198E-05	
19874	9.659594E-01	2.586979E-01	-6.236887E-07	
19875	9.659595E-01	2.586975E-01	-5.451967E-07	
19876	9.659590E-01	2.586973E-01	-2.189319E-07	
19877	9.659593E-01	2.586971E-01	-7.937688E-08	
19878	9.659589E-01	2.586980E-01	-5.738704E-07	
19879	9.659386E-01	2.587739E-01	-1.599956E-05	
19880	9.659279E-01	2.588122E-01	-1.883602E-05	
19881	9.659197E-01	2.588429E-01	-1.878293E-05	
19882	9.659184E-01	2.588489E-01	-1.862112E-05	
19883	9.659189E-01	2.588480E-01	-1.865862E-05	
19884	9.659122E-01	2.588723E-01	-1.844173E-05	
19885	9.659037E-01	2.589018E-01	-1.979836E-05	
19886	9.658967E-01	2.589312E-01	-2.120853E-05	
19887	9.658923E-01	2.589476E-01	-2.249315E-05	
19888	9.659586E-01	2.586975E-01	-4.733790E-07	
19889	9.659588E-01	2.586976E-01	-8.751985E-07	
19890	9.659586E-01	2.586975E-01	5.818119E-08	
19891	9.659589E-01	2.586972E-01	-4.979407E-07	
19892	9.658543E-01	2.590889E-01	-4.006525E-05	
19893	9.659591E-01	2.586973E-01	-8.830903E-07	
19894	9.658320E-01	2.591708E-01	-3.606857E-05	
19895	9.658325E-01	2.591707E-01	-3.622677E-05	
19896	9.659586E-01	2.586971E-01	-7.034774E-07	
20005	9.658451E-01	-2.591220E-01	4.128889E-06	
20087	9.658453E-01	-2.591221E-01	3.644984E-06	
20169	9.658264E-01	-2.591928E-01	3.873520E-06	
20416	2.585925E-01	9.659874E-01	-1.604751E-05	
20420	2.587003E-01	9.659582E-01	-9.041466E-07	
20423	2.586426E-01	9.659735E-01	-1.842254E-05	
20426	2.586427E-01	9.659737E-01	-1.829515E-05	
20429	2.587000E-01	9.659586E-01	-5.791639E-07	
20432	2.586618E-01	9.659689E-01	-1.695215E-05	
20435	2.587000E-01	9.659583E-01	-1.553783E-05	
20438	2.586999E-01	9.659586E-01	-1.540071E-05	
20441	2.587279E-01	9.659507E-01	-1.484777E-05	
20444	2.587535E-01	9.659443E-01	-1.538315E-05	
20447	2.587738E-01	9.659384E-01	-1.560817E-05	
20450	2.588096E-01	9.659288E-01	-1.707271E-05	
20453	2.588419E-01	9.659201E-01	-1.817328E-05	
20456	2.588487E-01	9.659184E-01	-1.867933E-05	
20459	2.588726E-01	9.659120E-01	-1.831726E-05	
20462	2.589016E-01	9.659042E-01	-2.003335E-05	
20465	2.589306E-01	9.658968E-01	-2.053035E-05	
20468	2.589474E-01	9.658923E-01	-2.238328E-05	
20471	2.589837E-01	9.658820E-01	-2.519377E-05	
20474	2.590104E-01	9.658754E-01	-3.278278E-05	
20477	2.590117E-01	9.658750E-01	-2.782004E-05	
20480	2.590575E-01	9.658626E-01	-3.089131E-05	
20483	2.590576E-01	9.658623E-01	-3.100131E-05	
20486	2.590895E-01	9.658543E-01	-3.397217E-05	
20489	2.590903E-01	9.658540E-01	-3.389798E-05	
20492	2.587004E-01	9.659580E-01	-6.645758E-08	
20495	2.587000E-01	9.659582E-01	-2.996858E-07	
20605	-2.591160E-01	9.658465E-01	4.905716E-06	
20688	-2.591162E-01	9.658464E-01	4.531672E-06	
20770	-2.591854E-01	9.658275E-01	4.316335E-06	
21018	9.659865E-01	2.585930E-01	-1.602590E-05	
21021	9.659591E-01	2.586980E-01	-1.270562E-07	
21024	9.659744E-01	2.586410E-01	-1.792567E-05	
21027	9.659739E-01	2.586413E-01	-1.784797E-05	
21030	9.659593E-01	2.586980E-01	-3.681527E-07	
21033	9.659692E-01	2.586600E-01	-1.670486E-05	
21036	9.659591E-01	2.586986E-01	-1.532551E-05	
21039	9.659590E-01	2.586987E-01	-1.513479E-05	
21042	9.659512E-01	2.587262E-01	-1.370955E-05	
21045	9.659452E-01	2.587499E-01	-1.348199E-05	
21048	9.659381E-01	2.587737E-01	-1.558769E-05	
21051	9.659278E-01	2.588125E-01	-1.890928E-05	
21054	9.659202E-01	2.588434E-01	-1.911692E-05	
21057	9.659188E-01	2.588486E-01	-1.883565E-05	
21060	9.659117E-01	2.588729E-01	-1.900539E-05	
21063	9.659047E-01	2.589024E-01	-1.994402E-05	
21066	9.658966E-01	2.589306E-01	-2.128139E-05	
21069	9.658916E-01	2.589472E-01	-2.270006E-05	
21072	9.658827E-01	2.589838E-01	-2.527111E-05	
21075	9.658747E-01	2.590102E-01	-3.289965E-05	
21078	9.658744E-01	2.590116E-01	-2.833200E-05	
21081	9.658623E-01	2.590572E-01	-3.135725E-05	
21084	9.658627E-01	2.590579E-01	-3.104960E-05	
21087	9.658536E-01	2.590902E-01	-3.402690E-05	
21090	9.658536E-01	2.590903E-01	-3.379833E-05	
21093	9.659593E-01	2.586974E-01	-8.444643E-07	
21096	9.659589E-01	2.586980E-01	-2.147095E-07	
21907	9.658456E-01	-2.591200E-01	1.352777E-05	
21935	9.658453E-01	-2.591208E-01	1.308803E-05	
21963	9.658251E-01	-2.591941E-01	2.626263E-05	
21991	9.658263E-01	-2.591936E-01	1.581410E-05	
22076	2.585886E-01	9.659878E-01	-2.320132E-05	
22077	2.585910E-01	9.659881E-01	-2.103084E-05	
22078	2.585909E-01	9.659873E-01	-2.117317E-05	
22079	2.586436E-01	9.659734E-01	-2.267227E-05	
22080	2.586433E-01	9.659737E-01	-2.285671E-05	
22081	2.587002E-01	9.659584E-01	-1.338071E-07	
22082	2.587004E-01	9.659584E-01	-9.008294E-07	
22083	2.587005E-01	9.659579E-01	-8.406364E-07	
22084	2.586997E-01	9.659586E-01	-9.300657E-07	
22085	2.587000E-01	9.659588E-01	-2.074509E-09	
22086	2.587739E-01	9.659384E-01	-1.626735E-05	
22087	2.588066E-01	9.659295E-01	-1.699872E-05	
22088	2.588408E-01	9.659203E-01	-2.102522E-05	
22089	2.588486E-01	9.659184E-01	-2.102373E-05	
22090	2.588484E-01	9.659183E-01	-2.130885E-05	
22091	2.588724E-01	9.659121E-01	-2.225735E-05	
22092	2.589014E-01	9.659047E-01	-2.360144E-05	
22093	2.589308E-01	9.658966E-01	-2.471264E-05	
22094	2.589465E-01	9.658923E-01	-2.657394E-05	
22095	2.587003E-01	9.659586E-01	-3.225859E-07	
22096	2.587004E-01	9.659584E-01	-4.835272E-08	
22097	2.587004E-01	9.659581E-01	-1.628868E-07	
22098	2.586997E-01	9.659583E-01	-2.062658E-07	
22099	2.590878E-01	9.658544E-01	-4.614877E-05	
22100	2.586997E-01	9.659587E-01	-6.958519E-08	
22101	2.591700E-01	9.658321E-01	-4.260040E-05	
22102	2.591699E-01	9.658327E-01	-4.257943E-05	
22103	2.587004E-01	9.659580E-01	-6.254004E-07	
22131	-2.591154E-01	9.658469E-01	1.445276E-05	
22159	-2.591149E-01	9.658466E-01	1.367158E-05	
22187	-2.591894E-01	9.658271E-01	2.423498E-05	
22215	-2.591871E-01	9.658274E-01	1.308749E-05	
22300	9.659882E-01	2.585889E-01	-2.301204E-05	
22301	9.659871E-01	2.585914E-01	-2.102997E-05	
22302	9.659871E-01	2.585908E-01	-2.090599E-05	
22303	9.659736E-01	2.586418E-01	-2.303370E-05	
22304	9.659737E-01	2.586414E-01	-2.252332E-05	
22305	9.659592E-01	2.586976E-01	-1.916882E-07	
22306	9.659586E-01	2.586976E-01	-2.930926E-07	
22307	9.659590E-01	2.586981E-01	-1.557543E-07	
22308	9.659586E-01	2.586974E-01	-2.809785E-07	
22309	9.659593E-01	2.586973E-01	-7.428952E-07	
22310	9.659393E-01	2.587721E-01	-1.507576E-05	
22311	9.659287E-01	2.588108E-01	-2.028480E-05	
22312	9.659200E-01	2.588437E-01	-2.156875E-05	
22313	9.659182E-01	2.588486E-01	-2.175156E-05	
22314	9.659185E-01	2.588481E-01	-2.187094E-05	
22315	9.659119E-01	2.588723E-01	-2.176146E-05	
22316	9.659041E-01	2.589012E-01	-2.316714E-05	
22317	9.658968E-01	2.589308E-01	-2.429054E-05	
22318	9.658927E-01	2.589468E-01	-2.639688E-05	
22319	9.659591E-01	2.586975E-01	-6.663943E-07	
22320	9.659593E-01	2.586977E-01	-7.220189E-07	
22321	9.659595E-01	2.586977E-01	-5.081082E-07	
22322	9.659591E-01	2.586975E-01	-8.850873E-07	
22323	9.658545E-01	2.590877E-01	-4.622446E-05	
22324	9.659589E-01	2.586976E-01	-2.339994E-07	
22325	9.658317E-01	2.591710E-01	-4.251762E-05	
22326	9.658327E-01	2.591708E-01	-4.260504E-05	
22327	9.659592E-01	2.586975E-01	-9.275366E-07	
22436	9.658453E-01	-2.591208E-01	1.281373E-05	
22518	9.658452E-01	-2.591203E-01	1.289444E-05	
22600	9.658259E-01	-2.591934E-01	1.624062E-05	
22847	2.585903E-01	9.659881E-01	-2.087127E-05	
22851	2.586996E-01	9.659587E-01	-1.644087E-07	
22854	2.586431E-01	9.659736E-01	-2.253410E-05	
22857	2.586438E-01	9.659735E-01	-2.289283E-05	
22860	2.587002E-01	9.659580E-01	-2.894455E-07	
22863	2.586629E-01	9.659682E-01	-1.933207E-05	
22866	2.587004E-01	9.659581E-01	-1.720614E-05	
22869	2.587010E-01	9.659579E-01	-1.698641E-05	
22872	2.587286E-01	9.659508E-01	-1.629978E-05	
22875	2.587531E-01	9.659439E-01	-1.506649E-05	
22878	2.587740E-01	9.659386E-01	-1.599392E-05	
22881	2.588085E-01	9.659293E-01	-1.906603E-05	
22884	2.588413E-01	9.659202E-01	-2.046079E-05	
22887	2.588489E-01	9.659183E-01	-2.156624E-05	
22890	2.588726E-01	9.659124E-01	-2.252059E-05	
22893	2.589013E-01	9.659041E-01	-2.310423E-05	
22896	2.589299E-01	9.658965E-01	-2.417895E-05	
22899	2.589462E-01	9.658927E-01	-2.631901E-05	
22902	2.589825E-01	9.658830E-01	-2.951317E-05	
22905	2.590102E-01	9.658752E-01	-3.234426E-05	
22908	2.590100E-01	9.658750E-01	-3.255711E-05	
22911	2.590557E-01	9.658631E-01	-3.648620E-05	
22914	2.590559E-01	9.658626E-01	-3.604164E-05	
22917	2.590889E-01	9.658539E-01	-3.998298E-05	
22920	2.590893E-01	9.658541E-01	-4.023175E-05	
22923	2.586998E-01	9.659586E-01	-4.627548E-07	
22926	2.587003E-01	9.659581E-01	6.672238E-09	
23036	-2.591155E-01	9.658472E-01	1.429619E-05	
23119	-2.591149E-01	9.658471E-01	1.422828E-05	
23201	-2.591870E-01	9.658273E-01	1.311732E-05	
23449	9.659874E-01	2.585906E-01	-2.125550E-05	
23452	9.659591E-01	2.586974E-01	-1.963772E-07	
23455	9.659738E-01	2.586422E-01	-2.272479E-05	
23458	9.659744E-01	2.586417E-01	-2.268148E-05	
23461	9.659591E-01	2.586978E-01	-5.283265E-07	
23464	9.659688E-01	2.586607E-01	-2.017917E-05	
23467	9.659589E-01	2.586990E-01	-1.694804E-05	
23470	9.659587E-01	2.586999E-01	-1.755256E-05	
23473	9.659514E-01	2.587263E-01	-1.464083E-05	
23476	9.659448E-01	2.587503E-01	-1.302962E-05	
23479	9.659390E-01	2.587721E-01	-1.559001E-05	
23482	9.659287E-01	2.588116E-01	-1.991976E-05	
23485	9.659198E-01	2.588432E-01	-2.231625E-05	
23488	9.659182E-01	2.588486E-01	-2.135583E-05	
23491	9.659124E-01	2.588724E-01	-2.215807E-05	
23494	9.659044E-01	2.589012E-01	-2.306637E-05	
23497	9.658964E-01	2.589304E-01	-2.476837E-05	
23500	9.658922E-01	2.589467E-01	-2.607382E-05	
23503	9.658829E-01	2.589827E-01	-2.971071E-05	
23506	9.658748E-01	2.590104E-01	-3.218605E-05	
23509	9.658748E-01	2.590110E-01	-3.253241E-05	
23512	9.658633E-01	2.590565E-01	-3.596028E-05	
23515	9.658632E-01	2.590563E-01	-3.593431E-05	
23518	9.658540E-01	2.590894E-01	-3.973406E-05	
23521	9.658544E-01	2.590894E-01	-4.002348E-05	
23524	9.659595E-01	2.586974E-01	3.568998E-08	
23527	9.659591E-01	2.586971E-01	-6.772032E-07	
24338	9.658462E-01	-2.591175E-01	2.505659E-05	
24366	9.658460E-01	-2.591180E-01	2.512460E-05	
24394	9.658258E-01	-2.591945E-01	2.644643E-05	
24422	9.658260E-01	-2.591939E-01	2.586107E-05	
24507	2.585885E-01	9.659881E-01	-2.243899E-05	
24508	2.585881E-01	9.659887E-01	-2.320456E-05	
24509	2.585883E-01	9.659887E-01	-2.339355E-05	
24510	2.586446E-01	9.659733E-01	-2.589069E-05	
24511	2.586440E-01	9.659731E-01	-2.562702E-05	
24512	2.586997E-01	9.659588E-01	-5.820177E-07	
24513	2.587002E-01	9.659580E-01	-8.472464E-07	
24514	2.587003E-01	9.659582E-01	-8.815257E-07	
24515	2.586999E-01	9.659581E-01	-1.036476E-07	
24516	2.586998E-01	9.659584E-01	-1.974837E-07	
24517	2.587739E-01	9.659382E-01	-1.435885E-05	
24518	2.588075E-01	9.659293E-01	-1.724667E-05	
24519	2.588402E-01	9.659211E-01	-2.187133E-05	
24520	2.588484E-01	9.659190E-01	-2.381758E-05	
24521	2.588484E-01	9.659186E-01	-2.383907E-05	
24522	2.588721E-01	9.659122E-01	-2.620035E-05	
24523	2.589017E-01	9.659048E-01	-2.784602E-05	
24524	2.589297E-01	9.658970E-01	-2.871907E-05	
24525	2.589458E-01	9.658927E-01	-3.135477E-05	
24526	2.586996E-01	9.659581E-01	-5.405273E-07	
24527	2.587001E-01	9.659579E-01	-4.681458E-07	
24528	2.586998E-01	9.659588E-01	-4.451183E-07	
24529	2.586998E-01	9.659588E-01	-4.118388E-07	
24530	2.590881E-01	9.658544E-01	-4.636488E-05	
24531	2.587003E-01	9.659582E-01	-1.494781E-07	
24532	2.591696E-01	9.658320E-01	-4.886311E-05	
24533	2.591694E-01	9.658323E-01	-4.828131E-05	
24534	2.587003E-01	9.659581E-01	-1.552031E-07	
24562	-2.591138E-01	9.658471E-01	2.511025E-05	
24590	-2.591134E-01	9.658476E-01	2.501625E-05	
24618	-2.591894E-01	9.658265E-01	2.435255E-05	
24646	-2.591899E-01	9.658268E-01	2.385092E-05	
24731	9.659885E-01	2.585891E-01	-2.301312E-05	
24732	9.659882E-01	2.585892E-01	-2.240192E-05	
24733	9.659877E-01	2.585887E-01	-2.289905E-05	
24734	9.659740E-01	2.586423E-01	-2.587754E-05	
24735	9.659740E-01	2.586426E-01	-2.628163E-05	
24736	9.659585E-01	2.586972E-01	-8.166372E-07	
24737	9.659593E-01	2.586971E-01	-1.900728E-07	
24738	9.659592E-01	2.586976E-01	-3.354120E-07	
24739	9.659593E-01	2.586974E-01	-2.248948E-07	
24740	9.659590E-01	2.586975E-01	-4.251357E-07	
24741	9.659390E-01	2.587715E-01	-1.251329E-05	
24742	9.659294E-01	2.588086E-01	-1.792469E-05	
24743	9.659199E-01	2.588436E-01	-2.264892E-05	
24744	9.659189E-01	2.588481E-01	-2.445798E-05	
24745	9.659185E-01	2.588483E-01	-2.510684E-05	
24746	9.659122E-01	2.588715E-01	-2.660406E-05	
24747	9.659042E-01	2.589010E-01	-2.749060E-05	
24748	9.658970E-01	2.589297E-01	-2.901904E-05	
24749	9.658929E-01	2.589458E-01	-3.121054E-05	
24750	9.659586E-01	2.586977E-01	-2.496041E-07	
24751	9.659589E-01	2.586975E-01	1.650954E-08	
24752	9.659591E-01	2.586971E-01	-8.051159E-07	
24753	9.659591E-01	2.586973E-01	-6.838032E-07	
24754	9.658539E-01	2.590884E-01	-4.619888E-05	
24755	9.659591E-01	2.586978E-01	2.753397E-08	
24756	9.658326E-01	2.591703E-01	-4.908661E-05	
24757	9.658321E-01	2.591704E-01	-4.844028E-05	
24758	9.659589E-01	2.586975E-01	-5.928217E-07	
24867	9.658465E-01	-2.591181E-01	2.542643E-05	
24949	9.658457E-01	-2.591174E-01	2.509141E-05	
25031	9.658255E-01	-2.591940E-01	2.653069E-05	
25278	2.585883E-01	9.659880E-01	-2.317239E-05	
25282	2.586999E-01	9.659581E-01	-2.869925E-07	
25285	2.586443E-01	9.659733E-01	-2.578668E-05	
25288	2.586439E-01	9.659733E-01	-2.554349E-05	
25291	2.586996E-01	9.659582E-01	-1.913902E-07	
25294	2.586648E-01	9.659679E-01	-2.286014E-05	
25297	2.587023E-01	9.659579E-01	-1.809117E-05	
25300	2.587018E-01	9.659583E-01	-1.833581E-05	
25303	2.587292E-01	9.659504E-01	-1.549664E-05	
25306	2.587538E-01	9.659435E-01	-1.520344E-05	
25309	2.587735E-01	9.659388E-01	-1.392979E-05	
25312	2.588072E-01	9.659296E-01	-1.728167E-05	
25315	2.588404E-01	9.659210E-01	-2.160019E-05	
25318	2.588477E-01	9.659190E-01	-2.373890E-05	
25321	2.588716E-01	9.659122E-01	-2.646841E-05	
25324	2.589009E-01	9.659040E-01	-2.736918E-05	
25327	2.589300E-01	9.658966E-01	-2.873297E-05	
25330	2.589457E-01	9.658924E-01	-3.069079E-05	
25333	2.589815E-01	9.658828E-01	-3.439886E-05	
25336	2.590089E-01	9.658752E-01	-3.719021E-05	
25339	2.590091E-01	9.658757E-01	-3.729611E-05	
25342	2.590536E-01	9.658632E-01	-4.193115E-05	
25345	2.590540E-01	9.658638E-01	-4.188520E-05	
25348	2.590885E-01	9.658541E-01	-4.690537E-05	
25351	2.590883E-01	9.658547E-01	-4.620985E-05	
25354	2.586995E-01	9.659579E-01	-5.750269E-07	
25357	2.587004E-01	9.659587E-01	-9.544723E-07	
25467	-2.591134E-01	9.658473E-01	2.501107E-05	
25550	-2.591137E-01	9.658477E-01	2.509763E-05	
25632	-2.591897E-01	9.658265E-01	2.415988E-05	
25880	9.659883E-01	2.585887E-01	-2.260961E-05	
25883	9.659594E-01	2.586974E-01	-6.762277E-07	
25886	9.659737E-01	2.586419E-01	-2.568714E-05	
25889	9.659740E-01	2.586426E-01	-2.571755E-05	
25892	9.659586E-01	2.586976E-01	-2.393220E-07	
25895	9.659681E-01	2.586623E-01	-2.369730E-05	
25898	9.659581E-01	2.587012E-01	-1.817116E-05	
25901	9.659583E-01	2.587012E-01	-1.866353E-05	
25904	9.659514E-01	2.587276E-01	-1.442308E-05	
25907	9.659447E-01	2.587504E-01	-1.308035E-05	
25910	9.659392E-01	2.587712E-01	-1.288301E-05	
25913	9.659293E-01	2.588084E-01	-1.736633E-05	
25916	9.659204E-01	2.588428E-01	-2.274158E-05	
25919	9.659191E-01	2.588478E-01	-2.415093E-05	
25922	9.659124E-01	2.588721E-01	-2.580284E-05	
25925	9.659048E-01	2.589015E-01	-2.738311E-05	
25928	9.658967E-01	2.589300E-01	-2.866024E-05	
25931	9.658922E-01	2.589455E-01	-3.106820E-05	
25934	9.658830E-01	2.589812E-01	-3.408056E-05	
25937	9.658752E-01	2.590099E-01	-3.750897E-05	
25940	9.658756E-01	2.590095E-01	-3.709983E-05	
25943	9.658637E-01	2.590539E-01	-4.250485E-05	
25946	9.658639E-01	2.590541E-01	-4.231063E-05	
25949	9.658540E-01	2.590878E-01	-4.686306E-05	
25952	9.658540E-01	2.590878E-01	-4.612607E-05	
25955	9.659594E-01	2.586978E-01	-1.059551E-07	
25958	9.659592E-01	2.586974E-01	-7.788360E-07	
