triangle
//Number_of_Node
1229
//Number_of_Element
2142
//Number_of_Region
3
//Factor
1000.0
30,29,1,
1,2,30,
31,30,2,
2,3,31,
32,31,3,
3,4,32,
33,32,4,
4,5,33,
34,33,5,
5,6,34,
35,34,6,
6,7,35,
36,35,7,
7,8,36,
37,36,8,
8,9,37,
38,37,9,
9,10,38,
39,38,10,
10,11,39,
40,39,11,
11,12,40,
41,40,12,
12,13,41,
42,41,13,
13,14,42,
43,42,14,
14,15,43,
44,43,15,
15,16,44,
45,44,16,
16,17,45,
46,45,17,
17,18,46,
47,46,18,
18,19,47,
48,47,19,
19,20,48,
49,48,20,
20,21,49,
50,49,21,
21,22,50,
51,50,22,
22,23,51,
52,51,23,
23,24,52,
53,52,24,
24,25,53,
54,53,25,
25,26,54,
55,54,26,
26,27,55,
56,55,27,
27,28,56,
58,57,29,
29,30,58,
59,58,30,
30,31,59,
60,59,31,
31,32,60,
61,60,32,
32,33,61,
62,61,33,
33,34,62,
63,62,34,
34,35,63,
64,63,35,
35,36,64,
65,64,36,
36,37,65,
66,65,37,
37,38,66,
67,66,38,
38,39,67,
68,67,39,
39,40,68,
69,68,40,
40,41,69,
70,69,41,
41,42,70,
71,70,42,
42,43,71,
72,71,43,
43,44,72,
73,72,44,
44,45,73,
74,73,45,
45,46,74,
75,74,46,
46,47,75,
76,75,47,
47,48,76,
77,76,48,
48,49,77,
78,77,49,
49,50,78,
79,78,50,
50,51,79,
80,79,51,
51,52,80,
81,80,52,
52,53,81,
82,81,53,
53,54,82,
83,82,54,
54,55,83,
84,83,55,
55,56,84,
86,85,57,
57,58,86,
87,86,58,
58,59,87,
88,87,59,
59,60,88,
89,88,60,
60,61,89,
90,89,61,
61,62,90,
91,90,62,
62,63,91,
92,91,63,
63,64,92,
93,92,64,
64,65,93,
94,93,65,
65,66,94,
95,94,66,
66,67,95,
96,95,67,
67,68,96,
97,96,68,
68,69,97,
98,97,69,
69,70,98,
99,98,70,
70,71,99,
100,99,71,
71,72,100,
101,100,72,
72,73,101,
102,101,73,
73,74,102,
103,102,74,
74,75,103,
104,103,75,
75,76,104,
105,104,76,
76,77,105,
106,105,77,
77,78,106,
107,106,78,
78,79,107,
108,107,79,
79,80,108,
109,108,80,
80,81,109,
110,109,81,
81,82,110,
111,110,82,
82,83,111,
112,111,83,
83,84,112,
114,113,85,
85,86,114,
115,114,86,
86,87,115,
116,115,87,
87,88,116,
117,116,88,
88,89,117,
118,117,89,
89,90,118,
119,118,90,
90,91,119,
120,119,91,
91,92,120,
121,120,92,
92,93,121,
122,121,93,
93,94,122,
123,122,94,
94,95,123,
124,123,95,
95,96,124,
125,124,96,
96,97,125,
126,125,97,
97,98,126,
127,126,98,
98,99,127,
128,127,99,
99,100,128,
129,128,100,
100,101,129,
130,129,101,
101,102,130,
131,130,102,
102,103,131,
132,131,103,
103,104,132,
133,132,104,
104,105,133,
134,133,105,
105,106,134,
135,134,106,
106,107,135,
136,135,107,
107,108,136,
137,136,108,
108,109,137,
138,137,109,
109,110,138,
139,138,110,
110,111,139,
140,139,111,
111,112,140,
142,141,113,
113,114,142,
143,142,114,
114,115,143,
144,143,115,
115,116,144,
145,144,116,
116,117,145,
146,145,117,
117,118,146,
147,146,118,
118,119,147,
148,147,119,
119,120,148,
149,148,120,
120,121,149,
150,149,121,
121,122,150,
151,150,122,
122,123,151,
152,151,123,
123,124,152,
153,152,124,
124,125,153,
154,153,125,
125,126,154,
155,154,126,
126,127,155,
156,155,127,
127,128,156,
157,156,128,
128,129,157,
158,157,129,
129,130,158,
159,158,130,
130,131,159,
160,159,131,
131,132,160,
161,160,132,
132,133,161,
162,161,133,
133,134,162,
163,162,134,
134,135,163,
164,163,135,
135,136,164,
165,164,136,
136,137,165,
166,165,137,
137,138,166,
167,166,138,
138,139,167,
168,167,139,
139,140,168,
170,169,141,
141,142,170,
171,170,142,
142,143,171,
172,171,143,
143,144,172,
173,172,144,
144,145,173,
174,173,145,
145,146,174,
175,174,146,
146,147,175,
176,175,147,
147,148,176,
177,176,148,
148,149,177,
178,177,149,
149,150,178,
179,178,150,
150,151,179,
180,179,151,
151,152,180,
181,180,152,
152,153,181,
182,181,153,
153,154,182,
183,182,154,
154,155,183,
184,183,155,
155,156,184,
185,184,156,
156,157,185,
186,185,157,
157,158,186,
187,186,158,
158,159,187,
188,187,159,
159,160,188,
189,188,160,
160,161,189,
190,189,161,
161,162,190,
191,190,162,
162,163,191,
192,191,163,
163,164,192,
193,192,164,
164,165,193,
194,193,165,
165,166,194,
195,194,166,
166,167,195,
196,195,167,
167,168,196,
198,197,169,
169,170,198,
199,198,170,
170,171,199,
200,199,171,
171,172,200,
201,200,172,
172,173,201,
202,201,173,
173,174,202,
203,202,174,
174,175,203,
204,203,175,
175,176,204,
205,204,176,
176,177,205,
206,205,177,
177,178,206,
207,206,178,
178,179,207,
208,207,179,
179,180,208,
209,208,180,
180,181,209,
210,209,181,
181,182,210,
211,210,182,
182,183,211,
212,211,183,
183,184,212,
213,212,184,
184,185,213,
214,213,185,
185,186,214,
215,214,186,
186,187,215,
216,215,187,
187,188,216,
217,216,188,
188,189,217,
218,217,189,
189,190,218,
219,218,190,
190,191,219,
220,219,191,
191,192,220,
221,220,192,
192,193,221,
222,221,193,
193,194,222,
223,222,194,
194,195,223,
224,223,195,
195,196,224,
626,654,655,
655,627,626,
627,655,656,
656,628,627,
628,656,657,
657,629,628,
629,657,658,
658,630,629,
630,658,659,
659,631,630,
631,659,660,
660,632,631,
632,660,661,
661,633,632,
633,661,662,
662,634,633,
634,662,663,
663,635,634,
635,663,664,
664,636,635,
636,664,665,
665,637,636,
637,665,666,
666,638,637,
638,666,667,
667,639,638,
639,667,668,
668,640,639,
640,668,669,
669,641,640,
641,669,670,
670,642,641,
642,670,671,
671,643,642,
643,671,672,
672,644,643,
644,672,673,
673,645,644,
645,673,674,
674,646,645,
646,674,675,
675,647,646,
647,675,676,
676,648,647,
648,676,677,
677,649,648,
649,677,678,
678,650,649,
650,678,679,
679,651,650,
651,679,680,
680,652,651,
652,680,681,
681,653,652,
654,682,683,
683,655,654,
655,683,684,
684,656,655,
656,684,685,
685,657,656,
657,685,686,
686,658,657,
658,686,687,
687,659,658,
659,687,688,
688,660,659,
660,688,689,
689,661,660,
661,689,690,
690,662,661,
662,690,691,
691,663,662,
663,691,692,
692,664,663,
664,692,693,
693,665,664,
665,693,694,
694,666,665,
666,694,695,
695,667,666,
667,695,696,
696,668,667,
668,696,697,
697,669,668,
669,697,698,
698,670,669,
670,698,699,
699,671,670,
671,699,700,
700,672,671,
672,700,701,
701,673,672,
673,701,702,
702,674,673,
674,702,703,
703,675,674,
675,703,704,
704,676,675,
676,704,705,
705,677,676,
677,705,706,
706,678,677,
678,706,707,
707,679,678,
679,707,708,
708,680,679,
680,708,709,
709,681,680,
682,710,711,
711,683,682,
683,711,712,
712,684,683,
684,712,713,
713,685,684,
685,713,714,
714,686,685,
686,714,715,
715,687,686,
687,715,716,
716,688,687,
688,716,717,
717,689,688,
689,717,718,
718,690,689,
690,718,719,
719,691,690,
691,719,720,
720,692,691,
692,720,721,
721,693,692,
693,721,722,
722,694,693,
694,722,723,
723,695,694,
695,723,724,
724,696,695,
696,724,725,
725,697,696,
697,725,726,
726,698,697,
698,726,727,
727,699,698,
699,727,728,
728,700,699,
700,728,729,
729,701,700,
701,729,730,
730,702,701,
702,730,731,
731,703,702,
703,731,732,
732,704,703,
704,732,733,
733,705,704,
705,733,734,
734,706,705,
706,734,735,
735,707,706,
707,735,736,
736,708,707,
708,736,737,
737,709,708,
710,738,739,
739,711,710,
711,739,740,
740,712,711,
712,740,741,
741,713,712,
713,741,742,
742,714,713,
714,742,743,
743,715,714,
715,743,744,
744,716,715,
716,744,745,
745,717,716,
717,745,746,
746,718,717,
718,746,747,
747,719,718,
719,747,748,
748,720,719,
720,748,749,
749,721,720,
721,749,750,
750,722,721,
722,750,751,
751,723,722,
723,751,752,
752,724,723,
724,752,753,
753,725,724,
725,753,754,
754,726,725,
726,754,755,
755,727,726,
727,755,756,
756,728,727,
728,756,757,
757,729,728,
729,757,758,
758,730,729,
730,758,759,
759,731,730,
731,759,760,
760,732,731,
732,760,761,
761,733,732,
733,761,762,
762,734,733,
734,762,763,
763,735,734,
735,763,764,
764,736,735,
736,764,765,
765,737,736,
738,766,767,
767,739,738,
739,767,768,
768,740,739,
740,768,769,
769,741,740,
741,769,770,
770,742,741,
742,770,771,
771,743,742,
743,771,772,
772,744,743,
744,772,773,
773,745,744,
745,773,774,
774,746,745,
746,774,775,
775,747,746,
747,775,776,
776,748,747,
748,776,777,
777,749,748,
749,777,778,
778,750,749,
750,778,779,
779,751,750,
751,779,780,
780,752,751,
752,780,781,
781,753,752,
753,781,782,
782,754,753,
754,782,783,
783,755,754,
755,783,784,
784,756,755,
756,784,785,
785,757,756,
757,785,786,
786,758,757,
758,786,787,
787,759,758,
759,787,788,
788,760,759,
760,788,789,
789,761,760,
761,789,790,
790,762,761,
762,790,791,
791,763,762,
763,791,792,
792,764,763,
764,792,793,
793,765,764,
766,794,795,
795,767,766,
767,795,796,
796,768,767,
768,796,797,
797,769,768,
769,797,798,
798,770,769,
770,798,799,
799,771,770,
771,799,800,
800,772,771,
772,800,801,
801,773,772,
773,801,802,
802,774,773,
774,802,803,
803,775,774,
775,803,804,
804,776,775,
776,804,805,
805,777,776,
777,805,806,
806,778,777,
778,806,807,
807,779,778,
779,807,808,
808,780,779,
780,808,809,
809,781,780,
781,809,810,
810,782,781,
782,810,811,
811,783,782,
783,811,812,
812,784,783,
784,812,813,
813,785,784,
785,813,814,
814,786,785,
786,814,815,
815,787,786,
787,815,816,
816,788,787,
788,816,817,
817,789,788,
789,817,818,
818,790,789,
790,818,819,
819,791,790,
791,819,820,
820,792,791,
792,820,821,
821,793,792,
794,822,823,
823,795,794,
795,823,824,
824,796,795,
796,824,825,
825,797,796,
797,825,826,
826,798,797,
798,826,827,
827,799,798,
799,827,828,
828,800,799,
800,828,829,
829,801,800,
801,829,830,
830,802,801,
802,830,831,
831,803,802,
803,831,832,
832,804,803,
804,832,833,
833,805,804,
805,833,834,
834,806,805,
806,834,835,
835,807,806,
807,835,836,
836,808,807,
808,836,837,
837,809,808,
809,837,838,
838,810,809,
810,838,839,
839,811,810,
811,839,840,
840,812,811,
812,840,841,
841,813,812,
813,841,842,
842,814,813,
814,842,843,
843,815,814,
815,843,844,
844,816,815,
816,844,845,
845,817,816,
817,845,846,
846,818,817,
818,846,847,
847,819,818,
819,847,848,
848,820,819,
820,848,849,
849,821,820,
374,402,455,
278,297,462,
492,230,565,
407,346,418,
278,227,297,
431,336,448,
397,342,532,
364,409,477,
358,464,469,
464,382,469,
397,412,588,
342,397,479,
527,367,574,
404,337,468,
349,403,414,
315,314,537,
336,415,448,
406,361,489,
409,340,477,
421,338,504,
371,403,438,
402,374,543,
303,302,432,
414,315,537,
367,447,574,
344,423,485,
406,489,561,
377,421,504,
327,408,433,
554,399,559,
295,401,498,
332,237,422,
298,229,541,
327,326,408,
403,371,531,
381,461,508,
517,354,542,
339,441,519,
421,361,445,
346,400,520,
269,439,478,
345,554,559,
412,334,588,
303,432,566,
413,373,559,
232,427,525,
310,309,411,
405,365,492,
401,295,497,
319,434,548,
346,407,530,
496,312,518,
411,309,450,
229,429,541,
370,409,444,
536,334,539,
461,380,463,
405,492,565,
452,354,517,
497,362,499,
348,430,435,
409,364,444,
351,404,468,
242,243,418,
403,349,438,
402,543,577,
340,451,472,
529,394,616,
319,318,434,
543,335,577,
461,333,508,
391,344,528,
338,421,445,
333,463,511,
353,431,448,
307,491,513,
404,351,458,
394,529,574,
269,270,439,
401,497,499,
463,396,511,
361,406,445,
233,232,525,
260,259,420,
383,427,598,
399,413,559,
410,335,475,
451,378,472,
519,441,580,
337,404,547,
396,544,569,
428,231,502,
415,359,448,
344,391,488,
371,502,531,
301,300,424,
485,335,616,
412,397,532,
400,346,530,
334,412,539,
333,461,463,
426,399,554,
423,376,485,
335,410,616,
347,402,473,
427,232,548,
438,349,563,
467,441,562,
374,455,569,
428,371,465,
413,291,571,
331,235,558,
238,332,487,
359,415,466,
454,282,464,
357,441,467,
234,321,425,
544,374,569,
242,418,534,
410,529,616,
422,237,481,
430,287,435,
337,457,468,
427,284,598,
436,355,486,
360,400,530,
427,383,525,
309,308,450,
340,409,451,
250,251,433,
406,459,609,
328,327,433,
420,259,564,
407,360,530,
291,413,568,
313,496,537,
438,563,615,
454,358,459,
313,312,496,
400,425,520,
398,536,539,
307,306,491,
400,360,506,
548,434,622,
314,313,537,
335,485,577,
431,353,482,
361,421,520,
365,405,581,
360,407,494,
349,479,563,
323,322,443,
473,402,577,
398,545,606,
461,381,545,
332,422,487,
385,470,505,
310,411,471,
404,379,547,
420,564,613,
459,358,609,
296,295,498,
283,282,454,
407,244,494,
274,275,436,
424,356,515,
408,326,500,
258,225,510,
276,277,442,
480,576,592,
430,348,587,
384,427,548,
285,284,427,
376,419,473,
439,375,516,
464,281,600,
235,254,481,
420,354,452,
458,267,495,
432,391,566,
402,347,516,
299,298,541,
347,439,516,
423,344,488,
384,435,617,
433,251,474,
486,355,603,
315,414,522,
383,454,459,
371,428,502,
387,430,519,
421,346,520,
288,287,430,
392,496,518,
582,483,597,
394,485,616,
436,275,549,
358,454,464,
373,413,570,
245,246,437,
409,370,524,
419,376,567,
244,407,611,
440,370,490,
233,459,561,
509,229,608,
480,386,576,
564,385,613,
362,453,477,
282,281,464,
343,440,490,
337,419,567,
336,480,483,
521,299,541,
426,362,552,
225,239,510,
419,347,473,
351,456,458,
271,460,540,
271,272,460,
476,241,534,
388,483,582,
488,356,619,
379,404,495,
266,267,458,
234,425,607,
491,389,513,
378,442,472,
328,433,474,
429,229,509,
418,243,611,
411,450,593,
404,458,495,
498,363,621,
263,264,429,
363,462,621,
463,350,544,
470,369,505,
442,363,472,
254,235,555,
416,509,608,
419,337,547,
391,432,488,
295,294,497,
378,436,549,
443,322,506,
305,304,446,
519,430,587,
456,266,458,
362,477,499,
322,234,607,
241,242,534,
411,359,471,
362,426,554,
428,348,434,
357,570,571,
415,336,583,
418,346,557,
425,321,489,
366,429,579,
475,335,543,
384,548,622,
265,266,456,
460,375,540,
287,286,435,
251,252,474,
435,286,617,
291,290,571,
479,397,563,
231,428,575,
460,390,523,
424,300,492,
356,424,604,
450,353,593,
423,488,619,
371,438,612,
490,396,569,
459,406,561,
427,384,617,
432,302,515,
430,387,610,
367,446,528,
476,377,504,
349,414,560,
356,432,515,
379,419,547,
416,262,509,
414,403,522,
348,428,465,
396,463,544,
377,418,557,
501,372,503,
369,476,504,
393,501,503,
228,260,526,
279,228,526,
344,447,528,
352,461,545,
439,347,478,
361,425,489,
359,411,593,
480,380,483,
479,349,560,
363,498,553,
545,381,606,
301,424,515,
457,365,468,
329,328,474,
239,240,470,
280,279,452,
437,360,494,
407,418,611,
278,462,556,
435,384,622,
230,299,565,
442,277,556,
274,436,486,
429,366,541,
396,490,511,
281,280,517,
570,413,571,
260,420,526,
576,350,592,
346,421,557,
514,398,606,
523,390,590,
398,514,536,
447,367,528,
498,401,553,
451,409,524,
338,445,469,
399,426,584,
453,364,477,
348,435,622,
425,400,607,
277,278,556,
419,379,594,
426,293,584,
269,478,578,
418,377,534,
311,310,471,
360,443,506,
382,517,542,
395,441,615,
290,289,484,
364,507,508,
441,339,615,
352,582,597,
387,519,580,
238,487,589,
459,233,525,
432,356,488,
355,451,524,
392,466,533,
370,440,524,
338,449,504,
490,370,511,
252,253,512,
326,325,500,
318,231,575,
514,373,536,
389,491,527,
421,377,557,
413,399,568,
441,395,562,
455,343,569,
474,252,512,
496,392,533,
340,472,553,
428,434,575,
446,367,538,
453,362,554,
354,420,613,
444,364,508,
362,497,552,
267,268,495,
263,429,509,
245,437,494,
491,367,527,
433,408,618,
250,433,618,
368,496,533,
425,361,520,
246,247,573,
512,253,555,
449,369,504,
288,430,610,
273,274,486,
281,517,600,
337,567,619,
470,385,510,
529,341,574,
262,263,509,
414,537,560,
429,264,579,
341,527,574,
343,455,523,
499,340,553,
239,470,510,
405,535,581,
293,426,552,
285,427,617,
333,444,508,
448,359,593,
440,355,524,
244,245,494,
321,320,489,
300,230,492,
302,301,515,
537,368,560,
410,475,576,
507,381,508,
479,368,533,
449,354,505,
450,308,513,
434,348,622,
248,249,493,
446,304,566,
437,246,573,
563,395,615,
444,333,511,
482,389,527,
325,324,623,
255,256,422,
457,337,619,
247,503,573,
469,382,601,
481,237,558,
453,345,507,
386,431,546,
364,453,507,
355,436,605,
363,442,556,
455,375,523,
551,415,583,
347,419,594,
466,342,533,
434,318,575,
442,378,549,
254,255,481,
495,268,578,
456,351,535,
422,256,487,
475,350,576,
306,305,538,
493,249,618,
360,437,620,
280,452,517,
365,424,492,
243,244,611,
311,471,518,
388,551,583,
455,402,516,
431,482,546,
336,431,596,
484,357,571,
231,317,502,
370,444,511,
276,442,549,
375,455,516,
456,366,579,
369,449,505,
324,501,623,
466,392,599,
420,452,526,
462,363,556,
408,493,618,
375,439,540,
383,459,525,
342,479,533,
437,372,620,
293,292,584,
454,383,598,
436,378,605,
354,449,542,
253,254,555,
359,466,599,
465,371,612,
491,306,538,
292,291,568,
372,437,573,
431,386,596,
292,568,584,
329,474,512,
375,460,523,
477,340,499,
443,372,550,
443,360,620,
305,446,538,
391,446,566,
372,443,620,
341,482,527,
366,456,535,
262,416,572,
439,270,540,
268,269,578,
405,521,535,
353,448,593,
240,241,585,
390,460,586,
535,351,581,
467,334,536,
377,476,534,
308,307,513,
496,368,537,
376,423,567,
330,329,512,
323,443,550,
567,423,619,
255,422,481,
290,484,571,
312,311,518,
387,484,610,
324,323,550,
440,343,590,
334,467,562,
365,457,604,
485,376,577,
445,406,609,
465,339,519,
386,529,576,
424,365,604,
393,493,500,
316,315,522,
493,408,500,
241,476,585,
486,390,586,
489,320,561,
379,495,578,
235,330,555,
506,322,607,
256,257,624,
330,512,555,
532,388,582,
449,338,601,
446,391,528,
500,325,623,
460,272,586,
345,453,554,
261,262,572,
374,475,543,
270,271,540,
382,542,601,
317,316,531,
368,479,560,
380,461,597,
502,317,531,
529,410,576,
469,445,609,
463,380,592,
461,352,597,
350,463,592,
447,344,614,
373,467,536,
468,365,581,
369,470,585,
273,486,586,
355,440,603,
283,454,598,
378,451,605,
412,532,582,
358,469,609,
390,486,603,
247,248,595,
447,394,574,
339,465,612,
265,456,579,
472,363,553,
275,276,549,
316,522,531,
475,374,544,
232,319,548,
568,399,584,
452,279,526,
476,369,585,
294,293,552,
451,355,605,
501,324,550,
350,475,544,
389,482,602,
376,473,577,
264,265,579,
394,447,614,
357,484,580,
382,464,600,
484,387,580,
462,297,621,
484,289,610,
467,373,570,
612,438,615,
286,285,617,
353,450,602,
289,288,610,
284,283,598,
257,226,591,
482,353,602,
320,233,561,
259,258,564,
336,483,583,
226,261,591,
487,417,589,
272,273,586,
304,303,566,
591,417,624,
357,467,570,
367,491,538,
466,415,551,
297,296,621,
441,357,580,
521,366,535,
539,352,545,
388,532,551,
237,331,558,
342,466,551,
483,388,583,
249,250,618,
487,256,624,
344,485,614,
480,336,596,
514,345,559,
258,510,564,
351,468,581,
379,478,594,
338,469,601,
372,501,550,
339,612,615,
529,386,546,
478,347,594,
470,240,585,
482,341,546,
478,379,578,
493,393,595,
503,247,595,
248,493,595,
386,480,596,
518,471,599,
522,403,531,
450,513,602,
485,394,614,
398,539,545,
471,359,599,
503,372,573,
400,506,607,
497,294,552,
356,604,619,
341,529,546,
532,342,551,
343,490,569,
513,389,602,
401,499,553,
510,385,564,
572,416,589,
521,405,565,
539,412,582,
385,505,613,
257,591,624,
517,382,600,
393,500,623,
235,481,558,
373,514,559,
348,465,587,
507,345,606,
343,523,590,
380,480,592,
381,507,606,
352,539,582,
483,380,597,
505,354,613,
604,457,619,
366,521,541,
417,572,589,
393,503,595,
440,590,603,
299,521,565,
563,397,588,
296,498,621,
501,393,623,
590,390,603,
572,417,591,
465,519,587,
395,563,588,
238,589,608,
562,395,588,
542,449,601,
345,514,606,
392,518,599,
334,562,588,
417,487,624,
261,572,591,
589,416,608,
229,238,608,
331,625,235,
331,236,625,
1059,1006,978,
1066,297,901,
1169,853,1096,
1022,950,1011,
297,227,901,
1052,940,1035,
1136,946,1001,
1081,1013,968,
1073,1068,962,
1073,986,1068,
1192,1016,1001,
1083,1001,946,
1178,971,1131,
1072,941,1008,
1018,1007,953,
1141,918,919,
1052,1019,940,
1093,965,1010,
1081,944,1013,
1108,942,1025,
1042,1007,975,
1147,978,1006,
1036,906,907,
1141,919,1018,
1178,1051,971,
1089,1027,948,
1165,1093,1010,
1108,1025,981,
1037,1012,931,
1163,1003,1158,
1102,1005,295,
1026,860,936,
1145,852,902,
1012,930,931,
1135,975,1007,
1112,1065,985,
1146,958,1121,
1123,1045,943,
1049,965,1025,
1124,1004,950,
1082,1043,892,
1163,1158,949,
1192,938,1016,
1170,1036,907,
1163,977,1017,
1129,1031,855,
1015,913,914,
1096,969,1009,
1101,295,1005,
1152,1038,923,
1134,1011,950,
1122,916,1100,
1054,913,1015,
1145,1033,852,
1048,1013,974,
1143,938,1140,
1067,984,1065,
1169,1096,1009,
1121,958,1056,
1103,966,1101,
1039,1034,952,
1048,968,1013,
1072,1008,955,
1022,866,865,
1042,953,1007,
1181,1147,1006,
1076,1055,944,
1220,998,1133,
1038,922,923,
1181,939,1147,
1112,937,1065,
1132,948,995,
1049,1025,942,
1115,1067,937,
1052,1035,957,
1117,1095,911,
1062,955,1008,
1178,1133,998,
1043,893,892,
1103,1101,1005,
1115,1000,1067,
1049,1010,965,
1129,855,856,
1024,882,883,
1202,1031,987,
1163,1017,1003,
1079,939,1014,
1076,982,1055,
1184,1045,1123,
1151,1008,941,
1173,1148,1000,
1106,854,1032,
1052,963,1019,
1092,995,948,
1135,1106,975,
1028,904,905,
1220,939,1089,
1136,1001,1016,
1134,950,1004,
1143,1016,938,
1067,1065,937,
1158,1003,1030,
1089,980,1027,
1220,1014,939,
1077,1006,951,
1152,855,1031,
1167,953,1042,
1166,1045,1071,
1173,1059,978,
1069,975,1032,
1175,291,1017,
1162,858,935,
1091,936,861,
1070,1019,963,
1068,282,1058,
1071,1045,961,
1029,925,857,
1173,978,1148,
1138,1022,865,
1220,1133,1014,
1085,860,1026,
1039,287,1034,
1072,1061,941,
1202,284,1031,
1090,959,1040,
1134,1004,964,
1129,987,1031,
1054,912,913,
1055,1013,944,
1037,874,873,
1213,1063,1010,
1037,931,932,
1168,882,1024,
1134,964,1011,
1172,1017,291,
1141,1100,917,
1219,1167,1042,
1063,962,1058,
1100,916,917,
1124,1029,1004,
1143,1140,1002,
1095,910,911,
1110,964,1004,
1226,1038,1152,
1141,917,918,
1181,1089,939,
1086,957,1035,
1124,1025,965,
1185,1009,969,
1098,1011,964,
1167,1083,953,
1047,926,927,
1181,1006,1077,
1210,1149,1002,
1149,985,1065,
1091,1026,936,
1109,1074,989,
1075,1015,914,
1151,983,1008,
1217,1168,1024,
1213,962,1063,
1102,295,296,
1058,282,283,
1098,867,1011,
1040,898,897,
1119,960,1028,
1104,930,1012,
1114,850,881,
1046,900,899,
1196,1180,1084,
1191,952,1034,
1152,1031,988,
1031,284,285,
1077,1023,980,
1120,979,1043,
1204,281,1068,
1085,877,858,
1056,958,1024,
1099,890,1062,
1170,995,1036,
1120,951,1006,
1145,902,903,
1120,1043,951,
1092,948,1027,
1221,1039,988,
1078,874,1037,
1207,959,1090,
1126,1018,919,
1063,1058,987,
1106,1032,975,
1123,1034,991,
1124,950,1025,
1034,287,288,
1122,1100,996,
1201,1087,1186,
1220,1089,998,
1153,898,1040,
1068,1058,962,
1174,1017,977,
1041,869,868,
1128,974,1013,
1171,980,1023,
1215,1011,867,
1094,974,1044,
1165,1063,856,
1212,852,1113,
1180,990,1084,
1217,989,1168,
1081,1057,966,
1068,281,282,
1094,1044,947,
1171,1023,941,
1087,1084,940,
1145,903,1125,
1156,966,1030,
1114,862,850,
1077,951,1023,
1062,1060,955,
1144,1064,894,
1064,895,894,
1138,864,1080,
1186,1087,992,
1223,960,1092,
1099,1008,983,
1062,890,889,
1211,1029,857,
1117,993,1095,
1076,1046,982,
1078,1037,932,
1113,852,1033,
1215,866,1022,
1197,1054,1015,
1099,1062,1008,
1225,967,1102,
1033,887,886,
1225,1066,967,
1148,954,1067,
1109,973,1074,
1076,967,1046,
1159,858,877,
1212,1113,1020,
1151,941,1023,
1092,1036,995,
1101,294,295,
1153,1040,982,
1110,926,1047,
1050,908,909,
1191,1034,1123,
1062,889,1060,
1103,1081,966,
1211,857,926,
1138,865,864,
1075,963,1015,
1158,1030,966,
1038,952,1032,
1175,1174,961,
1187,940,1019,
1161,950,1022,
1093,925,1029,
1183,1033,970,
1147,939,1079,
1226,1152,988,
1060,889,888,
1144,979,1064,
1039,286,287,
1078,875,874,
1221,286,1039,
1175,290,291,
1167,1001,1083,
1179,1032,854,
1127,994,1064,
1096,904,1028,
1208,1028,960,
1197,957,1054,
1223,1092,1027,
1216,1042,975,
1173,1000,1094,
1165,1010,1063,
1221,988,1031,
1119,906,1036,
1214,991,1034,
1132,1050,971,
1108,981,1080,
1164,1018,953,
1119,1036,960,
1151,1023,983,
1113,885,1020,
1126,1007,1018,
1069,1032,952,
1148,1067,1000,
1161,1022,981,
1107,976,1105,
1108,1080,973,
1107,1105,997,
1130,883,228,
1130,228,279,
1132,1051,948,
1149,1065,956,
1082,951,1043,
1093,1029,965,
1197,1015,963,
1087,984,1084,
1164,953,1083,
1157,1102,967,
1210,985,1149,
1119,1028,905,
1072,969,1061,
1078,932,933,
1074,863,862,
1056,279,280,
1098,964,1041,
1215,1022,1011,
1160,1066,901,
1226,988,1039,
1169,903,853,
1160,900,1046,
1090,1040,897,
1145,970,1033,
1115,1094,1000,
1121,280,281,
1175,1017,1174,
1130,1024,883,
1196,954,1180,
1161,1025,950,
1210,1002,1118,
1194,994,1127,
1140,1118,1002,
1132,971,1051,
1157,1005,1102,
1128,1013,1055,
1073,1049,942,
1188,1030,1003,
1081,968,1057,
1226,1039,952,
1211,1004,1029,
1160,901,900,
1198,983,1023,
1188,293,1030,
1182,1082,892,
1138,981,1022,
1075,914,915,
1110,1047,964,
1146,1121,986,
1219,1045,999,
1088,289,290,
1112,1111,968,
1219,943,1045,
1201,1186,956,
1184,1123,991,
1193,1091,861,
1129,856,1063,
1092,960,1036,
1128,1055,959,
1137,1070,996,
1128,1044,974,
1108,1053,942,
1115,974,1094,
1116,876,875,
1104,929,930,
1179,854,922,
1140,977,1118,
1131,1095,993,
1161,981,1025,
1172,1003,1017,
1166,999,1045,
1173,947,1059,
1116,875,1078,
1137,996,1100,
1157,1076,944,
1179,1038,1032,
1142,971,1050,
1158,966,1057,
1217,1024,958,
1112,968,1048,
1156,1101,966,
1099,891,890,
1113,1033,886,
1098,1041,868,
1131,971,1095,
1222,1012,1037,
1222,1037,873,
1137,1100,972,
1124,965,1029,
1177,870,869,
1159,876,1116,
1108,973,1053,
1214,1034,288,
1090,897,896,
1204,1121,281,
1223,1171,941,
1114,989,1074,
1178,945,1133,
1113,886,885,
1164,1141,1018,
1183,887,1033,
1178,1131,945,
1127,1059,947,
1157,944,1103,
1114,1074,862,
1185,1139,1009,
1156,1030,293,
1221,1031,285,
1112,1048,937,
1197,963,1052,
1128,959,1044,
1098,868,867,
1093,924,925,
1096,853,904,
1119,905,906,
1164,972,1141,
1180,1079,1014,
1112,985,1111,
1137,972,1083,
1109,958,1053,
1117,912,1054,
1226,952,1038,
1097,872,871,
1170,908,1050,
1177,869,1041,
1219,999,1167,
1115,937,1048,
1131,993,1086,
1227,928,929,
1026,879,878,
1223,941,1061,
1177,1107,870,
1205,986,1073,
1162,860,1085,
1111,949,1057,
1150,1035,990,
1111,1057,968,
1209,1040,959,
1160,1046,967,
1127,979,1059,
1187,1019,1155,
1198,1023,951,
1137,946,1070,
1179,922,1038,
1153,982,1046,
1085,878,877,
1182,891,1099,
1139,955,1060,
1091,879,1026,
1180,954,1079,
1142,909,910,
1222,872,1097,
1224,1041,964,
1121,1056,280,
1096,1028,969,
1215,867,866,
1122,1075,915,
1187,1155,992,
1120,1006,1059,
1150,1086,1035,
1200,1035,940,
1175,961,1088,
1106,921,854,
1115,1048,974,
1153,1046,899,
1120,1059,979,
1183,970,1060,
1109,1053,973,
1227,1105,928,
1203,996,1070,
1130,1056,1024,
1160,967,1066,
1222,1097,1012,
1144,1043,979,
1129,1063,987,
1137,1083,946,
1224,976,1041,
1188,292,293,
1202,987,1058,
1209,982,1040,
1146,1053,958,
1159,877,876,
1203,1070,963,
1216,975,1069,
1142,910,1095,
1172,291,292,
1177,1041,976,
1200,990,1035,
1188,1172,292,
1116,1078,933,
1127,1064,979,
1103,944,1081,
1154,976,1047,
1224,964,1047,
1142,1050,909,
1170,1050,995,
1224,1047,976,
1131,1086,945,
1139,1060,970,
1176,1020,885,
1144,893,1043,
1182,892,891,
1139,1125,1009,
1197,1052,957,
1189,864,863,
1190,1064,994,
1185,955,1139,
1140,938,1071,
1138,1080,981,
1117,911,912,
1141,972,1100,
1171,1027,980,
1116,933,934,
1154,1047,927,
1223,1027,1171,
1085,1026,878,
1175,1088,290,
1122,915,916,
1214,1088,991,
1154,927,928,
1194,947,1044,
1166,1071,938,
1208,1061,969,
1181,980,1089,
1213,1010,1049,
1123,943,1069,
1180,1133,990,
1208,969,1028,
1104,1097,997,
1126,919,920,
1104,1012,1097,
1189,1080,864,
1190,994,1090,
1165,924,1093,
1182,1099,983,
1159,934,858,
1211,926,1110,
1228,880,879,
1159,1116,934,
1186,992,1136,
1205,942,1053,
1132,995,1050,
1227,929,1104,
1190,895,1064,
1158,1057,949,
1176,885,884,
1147,1079,978,
1144,894,893,
1205,1146,986,
1135,920,921,
1164,1083,972,
1201,1065,984,
1135,921,1106,
1180,1014,1133,
1213,1049,1073,
1196,984,1067,
1201,956,1065,
1196,1067,954,
1218,948,1051,
1140,1071,977,
1185,969,1072,
1189,1074,973,
1190,1090,896,
1207,1044,959,
1202,1058,283,
1209,1055,982,
1186,1136,1016,
1213,1073,962,
1207,1090,994,
1199,871,870,
1178,998,1051,
1216,1069,943,
1183,1060,888,
1157,967,1076,
1153,899,898,
1135,1126,920,
1148,978,1079,
1152,923,855,
1188,1003,1172,
1130,279,1056,
1189,973,1080,
1156,293,294,
1209,959,1055,
1154,928,1105,
1148,1079,954,
1206,1086,993,
1181,1077,980,
1183,888,887,
1218,1051,998,
1184,1088,961,
1204,1068,986,
1184,991,1088,
1225,297,1066,
1214,289,1088,
1174,977,1071,
1219,1042,1216,
1221,285,286,
1206,1054,957,
1214,288,289,
1202,283,284,
1195,851,880,
1206,957,1086,
1165,856,924,
1168,881,882,
1187,1087,940,
1195,884,851,
1193,1021,1091,
1190,896,895,
1170,907,908,
1228,1021,1195,
1174,1071,961,
1142,1095,971,
1155,1019,1070,
1225,296,297,
1184,961,1045,
1139,970,1125,
1149,956,1143,
1155,1136,992,
1162,935,860,
1155,1070,946,
1187,992,1087,
1222,873,872,
1228,879,1091,
1218,1089,948,
1200,940,1084,
1163,949,1118,
1168,1114,881,
1185,1072,955,
1198,1082,983,
1205,1073,942,
1154,1105,976,
1219,1216,943,
1150,990,1133,
1198,951,1082,
1189,863,1074,
1150,945,1086,
1182,983,1082,
1199,997,1097,
1199,870,1107,
1199,1097,871,
1200,1084,990,
1203,1075,1122,
1135,1007,1126,
1206,1117,1054,
1218,998,1089,
1149,1143,1002,
1203,963,1075,
1177,976,1107,
1211,1110,1004,
1156,294,1101,
1223,1208,960,
1150,1133,945,
1155,946,1136,
1173,1094,947,
1206,993,1117,
1157,1103,1005,
1168,989,1114,
1193,1020,1176,
1169,1009,1125,
1186,1016,1143,
1217,1109,989,
1228,1195,880,
1204,986,1121,
1227,1104,997,
1162,1085,858,
1163,1118,977,
1191,1069,952,
1210,949,1111,
1194,1127,947,
1196,1084,984,
1210,1111,985,
1186,1143,956,
1201,984,1087,
1217,958,1109,
1223,1061,1208,
1145,1125,970,
1193,1176,1021,
1199,1107,997,
1207,1194,1044,
1169,1125,903,
1192,1001,1167,
1225,1102,296,
1227,997,1105,
1207,994,1194,
1195,1021,1176,
1191,1123,1069,
1192,1167,999,
1212,1193,861,
1192,999,1166,
1205,1053,1146,
1210,1118,949,
1203,1122,996,
1192,1166,938,
1228,1091,1021,
1195,1176,884,
1212,1020,1193,
1212,861,852,
858,1229,935,
1229,859,935,
51.63192 ,19.25566 ,
52.59783 ,18.99684 ,
53.66036 ,18.71215 ,
54.82913 ,18.39898 ,
56.11381 ,18.05473 ,
57.53373 ,17.67429 ,
59.08886 ,17.25756 ,
60.79855 ,16.79946 ,
62.68211 ,16.29477 ,
64.74919 ,15.74089 ,
67.02877 ,15.13008 ,
69.53053 ,14.45974 ,
72.28341 ,13.72211 ,
74.61130 ,13.09835 ,
76.94883 ,12.47201 ,
79.27670 ,11.84826 ,
82.02961 ,11.11062 ,
84.53133 ,10.44029 ,
86.81093 ,9.82947 ,
88.87802 ,9.27559 ,
90.76157 ,8.77090 ,
92.47126 ,8.31280 ,
94.02640 ,7.89608 ,
95.44631 ,7.51564 ,
96.73098 ,7.17140 ,
97.89976 ,6.85822 ,
98.96229 ,6.57353 ,
99.92821 ,6.31471 ,
51.89073 ,20.22158 ,
52.85666 ,19.96277 ,
53.91918 ,19.67806 ,
55.08795 ,19.36488 ,
56.37262 ,19.02067 ,
57.79254 ,18.64020 ,
59.34768 ,18.22350 ,
61.05738 ,17.76539 ,
62.94093 ,17.26069 ,
65.00800 ,16.70681 ,
67.28759 ,16.09601 ,
69.78934 ,15.42565 ,
72.54223 ,14.68803 ,
74.87011 ,14.06428 ,
77.20764 ,13.43794 ,
79.53553 ,12.81418 ,
82.28842 ,12.07655 ,
84.79016 ,11.40622 ,
87.06975 ,10.79539 ,
89.13683 ,10.24152 ,
91.02038 ,9.73684 ,
92.73008 ,9.27871 ,
94.28522 ,8.86202 ,
95.70513 ,8.48155 ,
96.98982 ,8.13731 ,
98.15858 ,7.82415 ,
99.22110 ,7.53945 ,
100.18703 ,7.28063 ,
52.17544 ,21.28410 ,
53.14136 ,21.02529 ,
54.20389 ,20.74058 ,
55.37266 ,20.42741 ,
56.65733 ,20.08318 ,
58.07724 ,19.70272 ,
59.63238 ,19.28603 ,
61.34206 ,18.82792 ,
63.22563 ,18.32321 ,
65.29271 ,17.76934 ,
67.57230 ,17.15852 ,
70.07403 ,16.48818 ,
72.82694 ,15.75055 ,
75.15481 ,15.12680 ,
77.49235 ,14.50045 ,
79.82023 ,13.87669 ,
82.57312 ,13.13907 ,
85.07487 ,12.46872 ,
87.35445 ,11.85790 ,
89.42154 ,11.30404 ,
91.30510 ,10.79932 ,
93.01478 ,10.34122 ,
94.56991 ,9.92453 ,
95.98984 ,9.54407 ,
97.27451 ,9.19983 ,
98.44329 ,8.88667 ,
99.50580 ,8.60198 ,
100.47173 ,8.34315 ,
52.48861 ,22.45287 ,
53.45454 ,22.19406 ,
54.51706 ,21.90935 ,
55.68583 ,21.59618 ,
56.97050 ,21.25195 ,
58.39042 ,20.87148 ,
59.94555 ,20.45480 ,
61.65525 ,19.99669 ,
63.53881 ,19.49198 ,
65.60588 ,18.93811 ,
67.88547 ,18.32731 ,
70.38721 ,17.65695 ,
73.14011 ,16.91932 ,
75.46798 ,16.29557 ,
77.80552 ,15.66922 ,
80.13340 ,15.04546 ,
82.88629 ,14.30784 ,
85.38803 ,13.63749 ,
87.66763 ,13.02668 ,
89.73471 ,12.47281 ,
91.61826 ,11.96810 ,
93.32795 ,11.50999 ,
94.88309 ,11.09330 ,
96.30301 ,10.71284 ,
97.58768 ,10.36860 ,
98.75646 ,10.05544 ,
99.81897 ,9.77074 ,
100.78490 ,9.51192 ,
52.83284 ,23.73755 ,
53.79877 ,23.47872 ,
54.86127 ,23.19404 ,
56.03005 ,22.88085 ,
57.31475 ,22.53663 ,
58.73464 ,22.15617 ,
60.28978 ,21.73947 ,
61.99947 ,21.28136 ,
63.88303 ,20.77666 ,
65.95010 ,20.22278 ,
68.22969 ,19.61198 ,
70.73144 ,18.94164 ,
73.48433 ,18.20399 ,
75.81221 ,17.58025 ,
78.14975 ,16.95391 ,
80.47763 ,16.33015 ,
83.23052 ,15.59252 ,
85.73226 ,14.92218 ,
88.01186 ,14.31136 ,
90.07893 ,13.75749 ,
91.96250 ,13.25280 ,
93.67217 ,12.79469 ,
95.22731 ,12.37799 ,
96.64723 ,11.99752 ,
97.93191 ,11.65329 ,
99.10068 ,11.34012 ,
100.16320 ,11.05542 ,
101.12912 ,10.79660 ,
53.15377 ,24.93530 ,
54.11971 ,24.67648 ,
55.18222 ,24.39178 ,
56.35099 ,24.07861 ,
57.63567 ,23.73438 ,
59.05559 ,23.35392 ,
60.61072 ,22.93721 ,
62.32041 ,22.47912 ,
64.20396 ,21.97441 ,
66.27104 ,21.42054 ,
68.55063 ,20.80974 ,
71.05238 ,20.13938 ,
73.80527 ,19.40175 ,
76.13315 ,18.77800 ,
78.47069 ,18.15165 ,
80.79858 ,17.52790 ,
83.55146 ,16.79027 ,
86.05321 ,16.11992 ,
88.33278 ,15.50910 ,
90.39987 ,14.95524 ,
92.28342 ,14.45054 ,
93.99312 ,13.99243 ,
95.54826 ,13.57573 ,
96.96818 ,13.19527 ,
98.25286 ,12.85104 ,
99.42163 ,12.53787 ,
100.48414 ,12.25317 ,
101.45006 ,11.99435 ,
53.47471 ,26.13305 ,
54.44063 ,25.87423 ,
55.50314 ,25.58953 ,
56.67191 ,25.27636 ,
57.95660 ,24.93213 ,
59.37650 ,24.55167 ,
60.93165 ,24.13496 ,
62.64134 ,23.67686 ,
64.52490 ,23.17216 ,
66.59198 ,22.61830 ,
68.87156 ,22.00748 ,
71.37331 ,21.33713 ,
74.12621 ,20.59948 ,
76.45409 ,19.97575 ,
78.79162 ,19.34940 ,
81.11949 ,18.72565 ,
83.87239 ,17.98801 ,
86.37414 ,17.31768 ,
88.65373 ,16.70686 ,
90.72081 ,16.15299 ,
92.60436 ,15.64829 ,
94.31405 ,15.19017 ,
95.86919 ,14.77348 ,
97.28909 ,14.39302 ,
98.57378 ,14.04879 ,
99.74255 ,13.73562 ,
100.80507 ,13.45091 ,
101.77100 ,13.19210 ,
53.79564 ,27.33080 ,
54.76157 ,27.07198 ,
55.82409 ,26.78728 ,
56.99286 ,26.47411 ,
58.27754 ,26.12988 ,
59.69744 ,25.74941 ,
61.25258 ,25.33272 ,
62.96228 ,24.87460 ,
64.84583 ,24.36990 ,
66.91292 ,23.81604 ,
69.19249 ,23.20522 ,
71.69425 ,22.53489 ,
74.44714 ,21.79725 ,
76.77502 ,21.17348 ,
79.11256 ,20.54715 ,
81.44044 ,19.92340 ,
84.19333 ,19.18577 ,
86.69508 ,18.51542 ,
88.97466 ,17.90462 ,
91.04174 ,17.35073 ,
92.92530 ,16.84604 ,
94.63499 ,16.38793 ,
96.19013 ,15.97123 ,
97.61004 ,15.59077 ,
98.89472 ,15.24654 ,
100.06349 ,14.93336 ,
101.12601 ,14.64866 ,
102.09193 ,14.38984 ,
20.00001 ,-0.00000 ,
119.99999 ,-0.00000 ,
84.85281 ,84.85281 ,
14.14214 ,14.14214 ,
114.79841 ,10.29496 ,
102.09193 ,14.38984 ,
53.79564 ,27.33080 ,
42.46335 ,31.40255 ,
41.16926 ,26.57292 ,
51.46627 ,18.63746 ,
99.76257 ,5.69651 ,
101.05665 ,10.52614 ,
105.23924 ,6.81723 ,
115.14456 ,8.25547 ,
25.00001 ,-0.00000 ,
30.00000 ,-0.00000 ,
35.00000 ,0.00000 ,
40.00000 ,-0.00000 ,
45.00001 ,-0.00000 ,
50.00000 ,-0.00000 ,
55.00000 ,-0.00000 ,
60.00000 ,-0.00000 ,
65.00000 ,-0.00000 ,
69.99999 ,-0.00000 ,
75.00000 ,-0.00000 ,
80.00000 ,-0.00000 ,
85.00001 ,-0.00000 ,
89.99999 ,-0.00000 ,
94.99999 ,-0.00000 ,
100.00000 ,-0.00000 ,
105.00000 ,-0.00000 ,
110.00001 ,-0.00000 ,
115.00000 ,-0.00000 ,
19.61571 ,3.90181 ,
18.47759 ,7.65367 ,
16.62939 ,11.11140 ,
119.89749 ,4.95900 ,
119.59014 ,9.90952 ,
119.07846 ,14.84312 ,
118.36336 ,19.75135 ,
117.44602 ,24.62584 ,
116.32802 ,29.45826 ,
115.01130 ,34.24034 ,
113.49807 ,38.96394 ,
111.79093 ,43.62096 ,
109.89280 ,48.20345 ,
107.80692 ,52.70359 ,
105.53685 ,57.11369 ,
103.08647 ,61.42621 ,
100.45998 ,65.63378 ,
97.66185 ,69.72922 ,
94.69686 ,73.70553 ,
91.57009 ,77.55591 ,
88.28687 ,81.27379 ,
17.67767 ,17.67767 ,
21.21320 ,21.21320 ,
24.74874 ,24.74874 ,
28.28427 ,28.28427 ,
31.81981 ,31.81981 ,
35.35534 ,35.35534 ,
38.89087 ,38.89087 ,
42.42641 ,42.42641 ,
45.96194 ,45.96194 ,
49.49747 ,49.49747 ,
53.03301 ,53.03301 ,
56.56854 ,56.56854 ,
60.10408 ,60.10408 ,
63.63961 ,63.63961 ,
67.17514 ,67.17514 ,
70.71068 ,70.71068 ,
74.24621 ,74.24620 ,
77.78175 ,77.78175 ,
81.31728 ,81.31728 ,
109.10762 ,12.51000 ,
104.63385 ,13.70874 ,
99.55002 ,15.07096 ,
97.00812 ,15.75205 ,
94.46622 ,16.43315 ,
91.92430 ,17.11425 ,
89.38238 ,17.79536 ,
86.84047 ,18.47645 ,
84.29856 ,19.15757 ,
81.75666 ,19.83867 ,
79.21474 ,20.51977 ,
76.67283 ,21.20086 ,
74.13092 ,21.88198 ,
71.58902 ,22.56307 ,
69.04711 ,23.24418 ,
66.50520 ,23.92527 ,
63.96329 ,24.60639 ,
61.42138 ,25.28749 ,
58.87946 ,25.96857 ,
56.33755 ,26.64969 ,
51.25373 ,28.01189 ,
48.71182 ,28.69300 ,
45.88950 ,23.58267 ,
48.67789 ,21.11007 ,
56.29590 ,17.34337 ,
61.12553 ,16.04927 ,
65.95516 ,14.75518 ,
70.78479 ,13.46109 ,
75.61442 ,12.16697 ,
80.44405 ,10.87289 ,
85.27368 ,9.57879 ,
90.10331 ,8.28470 ,
94.93294 ,6.99061 ,
103.14795 ,8.67168 ,
107.97758 ,7.37758 ,
82.96444 ,49.76525 ,
68.41411 ,45.81111 ,
93.10680 ,36.77882 ,
79.34651 ,36.35816 ,
102.21691 ,30.10767 ,
35.07374 ,14.31546 ,
58.44477 ,40.23131 ,
84.20781 ,64.00090 ,
85.93834 ,31.60621 ,
70.98663 ,35.56637 ,
95.10152 ,51.08064 ,
93.52220 ,28.68574 ,
73.62533 ,56.20546 ,
45.02358 ,10.30686 ,
102.56684 ,41.38022 ,
51.42914 ,39.99846 ,
63.54457 ,33.96307 ,
86.80341 ,42.84878 ,
109.02007 ,27.10738 ,
76.26626 ,45.87681 ,
80.02030 ,28.59176 ,
25.72457 ,13.58572 ,
93.32834 ,60.38447 ,
97.62442 ,22.91706 ,
61.01499 ,50.01515 ,
34.87654 ,23.30411 ,
75.25553 ,29.24278 ,
53.57218 ,8.83637 ,
42.65137 ,17.17427 ,
75.43063 ,63.75295 ,
84.73882 ,73.44484 ,
80.84395 ,57.06265 ,
102.63807 ,21.51182 ,
111.94834 ,20.97709 ,
87.87442 ,25.35276 ,
66.91945 ,30.55513 ,
31.22124 ,7.39873 ,
88.70821 ,54.10356 ,
57.14214 ,33.37699 ,
60.82029 ,7.94019 ,
67.33210 ,52.20898 ,
92.65213 ,44.96930 ,
101.84812 ,48.50442 ,
97.92780 ,33.34339 ,
38.28809 ,7.90308 ,
91.01652 ,66.78995 ,
107.28288 ,36.79723 ,
81.38891 ,43.88450 ,
77.19022 ,51.66158 ,
29.41183 ,19.27776 ,
36.84902 ,30.31871 ,
45.05879 ,36.93678 ,
24.99819 ,6.90518 ,
84.20795 ,35.97018 ,
55.63608 ,47.31814 ,
74.93111 ,38.55823 ,
83.21118 ,26.03491 ,
98.94128 ,55.93216 ,
92.37833 ,23.55204 ,
70.66927 ,29.05919 ,
68.71986 ,6.82219 ,
90.83418 ,32.62344 ,
63.52217 ,41.24832 ,
88.83777 ,48.24864 ,
68.54107 ,38.50910 ,
72.30398 ,49.43431 ,
67.55092 ,58.89263 ,
49.78360 ,13.02611 ,
78.84175 ,69.84505 ,
97.39074 ,42.50062 ,
60.69665 ,32.09554 ,
107.90167 ,31.65272 ,
106.62286 ,22.84018 ,
40.39810 ,21.36905 ,
48.54724 ,5.77357 ,
76.77956 ,7.23003 ,
85.93454 ,58.81421 ,
88.93662 ,36.56802 ,
76.48164 ,26.17900 ,
70.21545 ,41.23598 ,
63.08101 ,55.03231 ,
63.33951 ,30.39144 ,
76.02859 ,34.65743 ,
117.95476 ,9.48118 ,
116.47152 ,4.78039 ,
43.02800 ,5.19982 ,
102.01942 ,34.38184 ,
21.08980 ,11.37608 ,
40.22242 ,12.70759 ,
106.99726 ,3.68576 ,
96.66813 ,29.91073 ,
99.57016 ,20.22728 ,
46.32154 ,17.48343 ,
70.56493 ,62.84410 ,
40.76818 ,33.96603 ,
54.17176 ,36.66938 ,
114.80842 ,17.28090 ,
51.48312 ,44.92549 ,
81.68209 ,33.71339 ,
94.43906 ,21.36855 ,
81.69837 ,4.97086 ,
50.19129 ,35.72488 ,
47.01525 ,41.16237 ,
95.35268 ,64.72144 ,
57.20463 ,4.74072 ,
60.56196 ,35.04866 ,
105.72960 ,45.33534 ,
93.35164 ,55.25904 ,
60.66820 ,43.74176 ,
90.02315 ,72.17594 ,
57.93707 ,11.95554 ,
84.18433 ,54.09732 ,
38.22276 ,17.45664 ,
89.49633 ,22.51248 ,
90.55668 ,29.40997 ,
78.60502 ,32.79171 ,
30.75482 ,12.33160 ,
79.13264 ,25.63515 ,
88.94273 ,62.77088 ,
22.18000 ,16.51529 ,
76.66480 ,59.39423 ,
32.53761 ,28.23412 ,
97.09147 ,47.30494 ,
113.03214 ,25.32346 ,
100.44995 ,26.85189 ,
111.98415 ,30.19258 ,
39.04167 ,25.14960 ,
102.79179 ,53.30896 ,
79.69803 ,47.56054 ,
84.77918 ,77.62607 ,
84.71462 ,46.22359 ,
30.38038 ,23.97471 ,
55.88414 ,40.29208 ,
72.42967 ,31.19410 ,
65.14554 ,48.57959 ,
105.12737 ,26.45084 ,
33.80967 ,18.73610 ,
27.86549 ,4.27917 ,
73.67347 ,25.49671 ,
86.91316 ,68.01792 ,
99.45925 ,38.60574 ,
87.03126 ,4.52864 ,
90.38824 ,41.69929 ,
34.98526 ,5.44712 ,
80.56756 ,61.47417 ,
106.99750 ,41.16481 ,
67.48708 ,35.50799 ,
82.05860 ,38.47818 ,
103.06903 ,3.48058 ,
82.89112 ,28.70138 ,
78.06303 ,39.48523 ,
57.18099 ,51.47211 ,
94.03556 ,32.53760 ,
98.36463 ,60.56054 ,
110.73340 ,4.50899 ,
95.27217 ,24.64867 ,
44.71510 ,20.55916 ,
90.99884 ,50.99896 ,
84.59531 ,23.99624 ,
102.34673 ,17.44985 ,
72.70319 ,4.05492 ,
52.83818 ,3.90786 ,
110.93684 ,35.16849 ,
68.60413 ,28.21304 ,
74.58487 ,68.48054 ,
80.23680 ,73.96444 ,
79.36376 ,66.07977 ,
72.28650 ,9.01203 ,
65.22709 ,9.41988 ,
55.85472 ,30.00919 ,
64.80649 ,5.18042 ,
34.65131 ,10.05142 ,
27.75280 ,9.66593 ,
54.20092 ,13.60376 ,
77.10193 ,55.60982 ,
80.67976 ,52.74593 ,
118.03870 ,13.11760 ,
23.25471 ,3.60333 ,
86.33707 ,51.19927 ,
92.27604 ,3.88580 ,
81.38872 ,23.35144 ,
71.31007 ,52.86539 ,
96.69179 ,19.16436 ,
100.73373 ,44.80450 ,
25.08544 ,19.21196 ,
71.00344 ,26.00423 ,
56.27495 ,44.07709 ,
44.79893 ,14.16429 ,
108.72843 ,20.29872 ,
60.54088 ,28.57687 ,
98.70169 ,51.67247 ,
89.93838 ,58.14199 ,
39.62614 ,29.57459 ,
18.25682 ,14.09975 ,
85.43946 ,27.04994 ,
90.55854 ,25.12986 ,
87.54719 ,34.29424 ,
48.76150 ,9.55539 ,
58.36738 ,29.14130 ,
72.03188 ,38.46405 ,
69.36527 ,31.16431 ,
38.55209 ,3.78753 ,
109.28188 ,23.65129 ,
69.19969 ,49.02272 ,
65.05285 ,27.81660 ,
86.68710 ,21.72072 ,
72.42688 ,46.48088 ,
105.80662 ,49.30629 ,
111.13129 ,17.85599 ,
28.61540 ,16.01611 ,
94.10189 ,41.66212 ,
89.17969 ,45.03732 ,
75.42204 ,49.00843 ,
84.22444 ,33.13577 ,
104.95950 ,32.03870 ,
45.69983 ,33.80417 ,
93.73123 ,69.54787 ,
62.05315 ,12.14743 ,
73.85467 ,36.16460 ,
71.07278 ,66.73366 ,
82.54992 ,68.92503 ,
72.38701 ,59.61479 ,
96.44986 ,3.37066 ,
88.15488 ,75.67935 ,
41.51160 ,9.39690 ,
102.71945 ,6.08204 ,
69.04357 ,55.51421 ,
65.07954 ,32.10811 ,
42.90334 ,23.02369 ,
64.61385 ,43.57897 ,
64.81316 ,38.47816 ,
21.96931 ,7.32564 ,
106.09622 ,20.40805 ,
91.47231 ,20.27535 ,
99.61356 ,31.15327 ,
63.78773 ,59.15672 ,
93.08752 ,48.22169 ,
63.89461 ,51.88287 ,
59.47868 ,54.33325 ,
119.21110 ,6.69453 ,
61.16853 ,3.66781 ,
88.46865 ,30.95278 ,
52.85227 ,34.47495 ,
86.25124 ,38.08955 ,
95.80439 ,35.98362 ,
110.05603 ,39.14910 ,
115.36453 ,21.71056 ,
58.59275 ,47.88693 ,
106.84863 ,25.47141 ,
74.43949 ,41.24879 ,
76.83114 ,37.16490 ,
66.86393 ,62.19845 ,
31.59507 ,3.37616 ,
101.94263 ,57.92386 ,
53.56110 ,42.41801 ,
66.50966 ,41.16636 ,
116.74189 ,7.48034 ,
96.38912 ,54.07335 ,
116.95520 ,2.84980 ,
84.11538 ,42.92724 ,
77.78083 ,28.18442 ,
104.84607 ,38.91399 ,
68.13122 ,3.17760 ,
81.82379 ,36.12997 ,
78.56026 ,44.42240 ,
35.52300 ,31.82237 ,
72.70980 ,28.58578 ,
27.37263 ,21.95879 ,
31.89364 ,15.84186 ,
81.23519 ,26.64433 ,
96.07500 ,57.24191 ,
99.91178 ,22.60078 ,
92.16007 ,63.66669 ,
74.51881 ,53.00885 ,
51.83125 ,15.57607 ,
116.89134 ,10.32547 ,
37.24141 ,20.91326 ,
52.97443 ,49.55605 ,
46.33273 ,3.04379 ,
58.40777 ,37.81285 ,
24.30694 ,9.77171 ,
92.23715 ,30.81418 ,
61.15905 ,39.80484 ,
90.98390 ,34.97449 ,
42.31855 ,38.99873 ,
77.31159 ,3.05518 ,
99.27727 ,27.54683 ,
57.38354 ,8.36820 ,
81.40424 ,77.30268 ,
47.85393 ,37.87168 ,
68.74397 ,10.59206 ,
112.62434 ,2.00200 ,
100.40962 ,8.11133 ,
19.25566 ,51.63192 ,
18.99684 ,52.59783 ,
18.71215 ,53.66036 ,
18.39898 ,54.82913 ,
18.05473 ,56.11381 ,
17.67429 ,57.53373 ,
17.25756 ,59.08886 ,
16.79946 ,60.79855 ,
16.29477 ,62.68211 ,
15.74089 ,64.74919 ,
15.13008 ,67.02877 ,
14.45974 ,69.53053 ,
13.72211 ,72.28341 ,
13.09835 ,74.61130 ,
12.47201 ,76.94883 ,
11.84826 ,79.27670 ,
11.11062 ,82.02961 ,
10.44029 ,84.53133 ,
9.82947 ,86.81093 ,
9.27559 ,88.87802 ,
8.77090 ,90.76157 ,
8.31280 ,92.47126 ,
7.89608 ,94.02640 ,
7.51564 ,95.44631 ,
7.17140 ,96.73098 ,
6.85822 ,97.89976 ,
6.57353 ,98.96229 ,
6.31471 ,99.92821 ,
20.22158 ,51.89073 ,
19.96277 ,52.85666 ,
19.67806 ,53.91918 ,
19.36488 ,55.08795 ,
19.02067 ,56.37262 ,
18.64020 ,57.79254 ,
18.22350 ,59.34768 ,
17.76539 ,61.05738 ,
17.26069 ,62.94093 ,
16.70681 ,65.00800 ,
16.09601 ,67.28759 ,
15.42565 ,69.78934 ,
14.68803 ,72.54223 ,
14.06428 ,74.87011 ,
13.43794 ,77.20764 ,
12.81418 ,79.53553 ,
12.07655 ,82.28842 ,
11.40622 ,84.79016 ,
10.79539 ,87.06975 ,
10.24152 ,89.13683 ,
9.73684 ,91.02038 ,
9.27871 ,92.73008 ,
8.86202 ,94.28522 ,
8.48155 ,95.70513 ,
8.13731 ,96.98982 ,
7.82415 ,98.15858 ,
7.53945 ,99.22110 ,
7.28063 ,100.18703 ,
21.28410 ,52.17544 ,
21.02529 ,53.14136 ,
20.74058 ,54.20389 ,
20.42741 ,55.37266 ,
20.08318 ,56.65733 ,
19.70272 ,58.07724 ,
19.28603 ,59.63238 ,
18.82792 ,61.34206 ,
18.32321 ,63.22563 ,
17.76934 ,65.29271 ,
17.15852 ,67.57230 ,
16.48818 ,70.07403 ,
15.75055 ,72.82694 ,
15.12680 ,75.15481 ,
14.50045 ,77.49235 ,
13.87669 ,79.82023 ,
13.13907 ,82.57312 ,
12.46872 ,85.07487 ,
11.85790 ,87.35445 ,
11.30404 ,89.42154 ,
10.79932 ,91.30510 ,
10.34122 ,93.01478 ,
9.92453 ,94.56991 ,
9.54407 ,95.98984 ,
9.19983 ,97.27451 ,
8.88667 ,98.44329 ,
8.60198 ,99.50580 ,
8.34315 ,100.47173 ,
22.45287 ,52.48861 ,
22.19406 ,53.45454 ,
21.90935 ,54.51706 ,
21.59618 ,55.68583 ,
21.25195 ,56.97050 ,
20.87148 ,58.39042 ,
20.45480 ,59.94555 ,
19.99669 ,61.65525 ,
19.49198 ,63.53881 ,
18.93811 ,65.60588 ,
18.32731 ,67.88547 ,
17.65695 ,70.38721 ,
16.91932 ,73.14011 ,
16.29557 ,75.46798 ,
15.66922 ,77.80552 ,
15.04546 ,80.13340 ,
14.30784 ,82.88629 ,
13.63749 ,85.38803 ,
13.02668 ,87.66763 ,
12.47281 ,89.73471 ,
11.96810 ,91.61826 ,
11.50999 ,93.32795 ,
11.09330 ,94.88309 ,
10.71284 ,96.30301 ,
10.36860 ,97.58768 ,
10.05544 ,98.75646 ,
9.77074 ,99.81897 ,
9.51192 ,100.78490 ,
23.73755 ,52.83284 ,
23.47872 ,53.79877 ,
23.19404 ,54.86127 ,
22.88085 ,56.03005 ,
22.53663 ,57.31475 ,
22.15617 ,58.73464 ,
21.73947 ,60.28978 ,
21.28136 ,61.99947 ,
20.77666 ,63.88303 ,
20.22278 ,65.95010 ,
19.61198 ,68.22969 ,
18.94164 ,70.73144 ,
18.20399 ,73.48433 ,
17.58025 ,75.81221 ,
16.95391 ,78.14975 ,
16.33015 ,80.47763 ,
15.59252 ,83.23052 ,
14.92218 ,85.73226 ,
14.31136 ,88.01186 ,
13.75749 ,90.07893 ,
13.25280 ,91.96250 ,
12.79469 ,93.67217 ,
12.37799 ,95.22731 ,
11.99752 ,96.64723 ,
11.65329 ,97.93191 ,
11.34012 ,99.10068 ,
11.05542 ,100.16320 ,
10.79660 ,101.12912 ,
24.93530 ,53.15377 ,
24.67648 ,54.11971 ,
24.39178 ,55.18222 ,
24.07861 ,56.35099 ,
23.73438 ,57.63567 ,
23.35392 ,59.05559 ,
22.93721 ,60.61072 ,
22.47912 ,62.32041 ,
21.97441 ,64.20396 ,
21.42054 ,66.27104 ,
20.80974 ,68.55063 ,
20.13938 ,71.05238 ,
19.40175 ,73.80527 ,
18.77800 ,76.13315 ,
18.15165 ,78.47069 ,
17.52790 ,80.79858 ,
16.79027 ,83.55146 ,
16.11992 ,86.05321 ,
15.50910 ,88.33278 ,
14.95524 ,90.39987 ,
14.45054 ,92.28342 ,
13.99243 ,93.99312 ,
13.57573 ,95.54826 ,
13.19527 ,96.96818 ,
12.85104 ,98.25286 ,
12.53787 ,99.42163 ,
12.25317 ,100.48414 ,
11.99435 ,101.45006 ,
26.13305 ,53.47471 ,
25.87423 ,54.44063 ,
25.58953 ,55.50314 ,
25.27636 ,56.67191 ,
24.93213 ,57.95660 ,
24.55167 ,59.37650 ,
24.13496 ,60.93165 ,
23.67686 ,62.64134 ,
23.17216 ,64.52490 ,
22.61830 ,66.59198 ,
22.00748 ,68.87156 ,
21.33713 ,71.37331 ,
20.59948 ,74.12621 ,
19.97575 ,76.45409 ,
19.34940 ,78.79162 ,
18.72565 ,81.11949 ,
17.98801 ,83.87239 ,
17.31768 ,86.37414 ,
16.70686 ,88.65373 ,
16.15299 ,90.72081 ,
15.64829 ,92.60436 ,
15.19017 ,94.31405 ,
14.77348 ,95.86919 ,
14.39302 ,97.28909 ,
14.04879 ,98.57378 ,
13.73562 ,99.74255 ,
13.45091 ,100.80507 ,
13.19210 ,101.77100 ,
27.33080 ,53.79564 ,
27.07198 ,54.76157 ,
26.78728 ,55.82409 ,
26.47411 ,56.99286 ,
26.12988 ,58.27754 ,
25.74941 ,59.69744 ,
25.33272 ,61.25258 ,
24.87460 ,62.96228 ,
24.36990 ,64.84583 ,
23.81604 ,66.91292 ,
23.20522 ,69.19249 ,
22.53489 ,71.69425 ,
21.79725 ,74.44714 ,
21.17348 ,76.77502 ,
20.54715 ,79.11256 ,
19.92340 ,81.44044 ,
19.18577 ,84.19333 ,
18.51542 ,86.69508 ,
17.90462 ,88.97466 ,
17.35073 ,91.04174 ,
16.84604 ,92.92530 ,
16.38793 ,94.63499 ,
15.97123 ,96.19013 ,
15.59077 ,97.61004 ,
15.24654 ,98.89472 ,
14.93336 ,100.06349 ,
14.64866 ,101.12601 ,
14.38984 ,102.09193 ,
0.00000 ,20.00001 ,
0.00000 ,119.99999 ,
10.29496 ,114.79841 ,
14.38984 ,102.09193 ,
27.33080 ,53.79564 ,
31.40255 ,42.46335 ,
26.57292 ,41.16926 ,
18.63746 ,51.46627 ,
5.69651 ,99.76257 ,
10.52614 ,101.05665 ,
6.81723 ,105.23924 ,
8.25547 ,115.14456 ,
0.00000 ,25.00001 ,
0.00000 ,30.00000 ,
0.00000 ,35.00000 ,
0.00000 ,40.00000 ,
0.00000 ,45.00001 ,
0.00000 ,50.00000 ,
0.00000 ,55.00000 ,
0.00000 ,60.00000 ,
0.00000 ,65.00000 ,
0.00000 ,69.99999 ,
0.00000 ,75.00000 ,
0.00000 ,80.00000 ,
0.00000 ,85.00001 ,
0.00000 ,89.99999 ,
0.00000 ,94.99999 ,
0.00000 ,100.00000 ,
0.00000 ,105.00000 ,
0.00000 ,110.00001 ,
0.00000 ,115.00000 ,
3.90181 ,19.61571 ,
7.65367 ,18.47759 ,
11.11140 ,16.62939 ,
4.95900 ,119.89749 ,
9.90952 ,119.59014 ,
14.84312 ,119.07846 ,
19.75135 ,118.36336 ,
24.62584 ,117.44602 ,
29.45826 ,116.32802 ,
34.24034 ,115.01130 ,
38.96394 ,113.49807 ,
43.62096 ,111.79093 ,
48.20345 ,109.89280 ,
52.70359 ,107.80692 ,
57.11369 ,105.53685 ,
61.42621 ,103.08647 ,
65.63378 ,100.45998 ,
69.72922 ,97.66185 ,
73.70553 ,94.69686 ,
77.55591 ,91.57009 ,
81.27379 ,88.28687 ,
12.51000 ,109.10762 ,
13.70874 ,104.63385 ,
15.07096 ,99.55002 ,
15.75205 ,97.00812 ,
16.43315 ,94.46622 ,
17.11425 ,91.92430 ,
17.79536 ,89.38238 ,
18.47645 ,86.84047 ,
19.15757 ,84.29856 ,
19.83867 ,81.75666 ,
20.51977 ,79.21474 ,
21.20086 ,76.67283 ,
21.88198 ,74.13092 ,
22.56307 ,71.58902 ,
23.24418 ,69.04711 ,
23.92527 ,66.50520 ,
24.60639 ,63.96329 ,
25.28749 ,61.42138 ,
25.96857 ,58.87946 ,
26.64969 ,56.33755 ,
28.01189 ,51.25373 ,
28.69300 ,48.71182 ,
23.58267 ,45.88950 ,
21.11007 ,48.67789 ,
17.34337 ,56.29590 ,
16.04927 ,61.12553 ,
14.75518 ,65.95516 ,
13.46109 ,70.78479 ,
12.16697 ,75.61442 ,
10.87289 ,80.44405 ,
9.57879 ,85.27368 ,
8.28470 ,90.10331 ,
6.99061 ,94.93294 ,
8.67168 ,103.14795 ,
7.37758 ,107.97758 ,
49.76525 ,82.96444 ,
45.81111 ,68.41411 ,
36.77882 ,93.10680 ,
36.35816 ,79.34651 ,
30.10767 ,102.21691 ,
14.31546 ,35.07374 ,
40.23131 ,58.44477 ,
64.00090 ,84.20781 ,
31.60621 ,85.93834 ,
35.56637 ,70.98663 ,
51.08064 ,95.10152 ,
28.68574 ,93.52220 ,
56.20546 ,73.62533 ,
10.30686 ,45.02358 ,
41.38022 ,102.56684 ,
39.99846 ,51.42914 ,
33.96307 ,63.54457 ,
42.84878 ,86.80341 ,
27.10738 ,109.02007 ,
45.87681 ,76.26626 ,
28.59176 ,80.02030 ,
13.58572 ,25.72457 ,
60.38447 ,93.32834 ,
22.91706 ,97.62442 ,
50.01515 ,61.01499 ,
23.30411 ,34.87654 ,
29.24278 ,75.25553 ,
8.83637 ,53.57218 ,
17.17427 ,42.65137 ,
63.75295 ,75.43063 ,
73.44484 ,84.73882 ,
57.06265 ,80.84395 ,
21.51182 ,102.63807 ,
20.97709 ,111.94834 ,
25.35276 ,87.87442 ,
30.55513 ,66.91945 ,
7.39873 ,31.22124 ,
54.10356 ,88.70821 ,
33.37699 ,57.14214 ,
7.94019 ,60.82029 ,
52.20898 ,67.33210 ,
44.96930 ,92.65213 ,
48.50442 ,101.84812 ,
33.34339 ,97.92780 ,
7.90308 ,38.28809 ,
66.78995 ,91.01652 ,
36.79723 ,107.28288 ,
43.88450 ,81.38891 ,
51.66158 ,77.19022 ,
19.27776 ,29.41183 ,
30.31871 ,36.84902 ,
36.93678 ,45.05879 ,
6.90518 ,24.99819 ,
35.97018 ,84.20795 ,
47.31814 ,55.63608 ,
38.55823 ,74.93111 ,
26.03491 ,83.21118 ,
55.93216 ,98.94128 ,
23.55204 ,92.37833 ,
29.05919 ,70.66927 ,
6.82219 ,68.71986 ,
32.62344 ,90.83418 ,
41.24832 ,63.52217 ,
48.24864 ,88.83777 ,
38.50910 ,68.54107 ,
49.43431 ,72.30398 ,
58.89263 ,67.55092 ,
13.02611 ,49.78360 ,
69.84505 ,78.84175 ,
42.50062 ,97.39074 ,
32.09554 ,60.69665 ,
31.65272 ,107.90167 ,
22.84018 ,106.62286 ,
21.36905 ,40.39810 ,
5.77357 ,48.54724 ,
7.23003 ,76.77956 ,
58.81421 ,85.93454 ,
36.56802 ,88.93662 ,
26.17900 ,76.48164 ,
41.23598 ,70.21545 ,
55.03231 ,63.08101 ,
30.39144 ,63.33951 ,
34.65743 ,76.02859 ,
9.48118 ,117.95476 ,
4.78039 ,116.47152 ,
5.19982 ,43.02800 ,
34.38184 ,102.01942 ,
11.37608 ,21.08980 ,
12.70759 ,40.22242 ,
3.68576 ,106.99726 ,
29.91073 ,96.66813 ,
20.22728 ,99.57016 ,
17.48343 ,46.32154 ,
62.84410 ,70.56493 ,
33.96603 ,40.76818 ,
36.66938 ,54.17176 ,
17.28090 ,114.80842 ,
44.92549 ,51.48312 ,
33.71339 ,81.68209 ,
21.36855 ,94.43906 ,
4.97086 ,81.69837 ,
35.72488 ,50.19129 ,
41.16237 ,47.01525 ,
64.72144 ,95.35268 ,
4.74072 ,57.20463 ,
35.04866 ,60.56196 ,
45.33534 ,105.72960 ,
55.25904 ,93.35164 ,
43.74176 ,60.66820 ,
72.17594 ,90.02315 ,
11.95554 ,57.93707 ,
54.09732 ,84.18433 ,
17.45664 ,38.22276 ,
22.51248 ,89.49633 ,
29.40997 ,90.55668 ,
32.79171 ,78.60502 ,
12.33160 ,30.75482 ,
25.63515 ,79.13264 ,
62.77088 ,88.94273 ,
16.51529 ,22.18000 ,
59.39423 ,76.66480 ,
28.23412 ,32.53761 ,
47.30494 ,97.09147 ,
25.32346 ,113.03214 ,
26.85189 ,100.44995 ,
30.19258 ,111.98415 ,
25.14960 ,39.04167 ,
53.30896 ,102.79179 ,
47.56054 ,79.69803 ,
77.62607 ,84.77918 ,
46.22359 ,84.71462 ,
23.97471 ,30.38038 ,
40.29208 ,55.88414 ,
31.19410 ,72.42967 ,
48.57959 ,65.14554 ,
26.45084 ,105.12737 ,
18.73610 ,33.80967 ,
4.27917 ,27.86549 ,
25.49671 ,73.67347 ,
68.01792 ,86.91316 ,
38.60574 ,99.45925 ,
4.52864 ,87.03126 ,
41.69929 ,90.38824 ,
5.44712 ,34.98526 ,
61.47417 ,80.56756 ,
41.16481 ,106.99750 ,
35.50799 ,67.48708 ,
38.47818 ,82.05860 ,
3.48058 ,103.06903 ,
28.70138 ,82.89112 ,
39.48523 ,78.06303 ,
51.47211 ,57.18099 ,
32.53760 ,94.03556 ,
60.56054 ,98.36463 ,
4.50899 ,110.73340 ,
24.64867 ,95.27217 ,
20.55916 ,44.71510 ,
50.99896 ,90.99884 ,
23.99624 ,84.59531 ,
17.44985 ,102.34673 ,
4.05492 ,72.70319 ,
3.90786 ,52.83818 ,
35.16849 ,110.93684 ,
28.21304 ,68.60413 ,
68.48054 ,74.58487 ,
73.96444 ,80.23680 ,
66.07977 ,79.36376 ,
9.01203 ,72.28650 ,
9.41988 ,65.22709 ,
30.00919 ,55.85472 ,
5.18042 ,64.80649 ,
10.05142 ,34.65131 ,
9.66593 ,27.75280 ,
13.60376 ,54.20092 ,
55.60982 ,77.10193 ,
52.74593 ,80.67976 ,
13.11760 ,118.03870 ,
3.60333 ,23.25471 ,
51.19927 ,86.33707 ,
3.88580 ,92.27604 ,
23.35144 ,81.38872 ,
52.86539 ,71.31007 ,
19.16436 ,96.69179 ,
44.80450 ,100.73373 ,
19.21196 ,25.08544 ,
26.00423 ,71.00344 ,
44.07709 ,56.27495 ,
14.16429 ,44.79893 ,
20.29872 ,108.72843 ,
28.57687 ,60.54088 ,
51.67247 ,98.70169 ,
58.14199 ,89.93838 ,
29.57459 ,39.62614 ,
14.09975 ,18.25682 ,
27.04994 ,85.43946 ,
25.12986 ,90.55854 ,
34.29424 ,87.54719 ,
9.55539 ,48.76150 ,
29.14130 ,58.36738 ,
38.46405 ,72.03188 ,
31.16431 ,69.36527 ,
3.78753 ,38.55209 ,
23.65129 ,109.28188 ,
49.02272 ,69.19969 ,
27.81660 ,65.05285 ,
21.72072 ,86.68710 ,
46.48088 ,72.42688 ,
49.30629 ,105.80662 ,
17.85599 ,111.13129 ,
16.01611 ,28.61540 ,
41.66212 ,94.10189 ,
45.03732 ,89.17969 ,
49.00843 ,75.42204 ,
33.13577 ,84.22444 ,
32.03870 ,104.95950 ,
33.80417 ,45.69983 ,
69.54787 ,93.73123 ,
12.14743 ,62.05315 ,
36.16460 ,73.85467 ,
66.73366 ,71.07278 ,
68.92503 ,82.54992 ,
59.61479 ,72.38701 ,
3.37066 ,96.44986 ,
75.67935 ,88.15488 ,
9.39690 ,41.51160 ,
6.08204 ,102.71945 ,
55.51421 ,69.04357 ,
32.10811 ,65.07954 ,
23.02369 ,42.90334 ,
43.57897 ,64.61385 ,
38.47816 ,64.81316 ,
7.32564 ,21.96931 ,
20.40805 ,106.09622 ,
20.27535 ,91.47231 ,
31.15327 ,99.61356 ,
59.15672 ,63.78773 ,
48.22169 ,93.08752 ,
51.88287 ,63.89461 ,
54.33325 ,59.47868 ,
6.69453 ,119.21110 ,
3.66781 ,61.16853 ,
30.95278 ,88.46865 ,
34.47495 ,52.85227 ,
38.08955 ,86.25124 ,
35.98362 ,95.80439 ,
39.14910 ,110.05603 ,
21.71056 ,115.36453 ,
47.88693 ,58.59275 ,
25.47141 ,106.84863 ,
41.24879 ,74.43949 ,
37.16490 ,76.83114 ,
62.19845 ,66.86393 ,
3.37616 ,31.59507 ,
57.92386 ,101.94263 ,
42.41801 ,53.56110 ,
41.16636 ,66.50966 ,
7.48034 ,116.74189 ,
54.07335 ,96.38912 ,
2.84980 ,116.95520 ,
42.92724 ,84.11538 ,
28.18442 ,77.78083 ,
38.91399 ,104.84607 ,
3.17760 ,68.13122 ,
36.12997 ,81.82379 ,
44.42240 ,78.56026 ,
31.82237 ,35.52300 ,
28.58578 ,72.70980 ,
21.95879 ,27.37263 ,
15.84186 ,31.89364 ,
26.64433 ,81.23519 ,
57.24191 ,96.07500 ,
22.60078 ,99.91178 ,
63.66669 ,92.16007 ,
53.00885 ,74.51881 ,
15.57607 ,51.83125 ,
10.32547 ,116.89134 ,
20.91326 ,37.24141 ,
49.55605 ,52.97443 ,
3.04379 ,46.33273 ,
37.81285 ,58.40777 ,
9.77171 ,24.30694 ,
30.81418 ,92.23715 ,
39.80484 ,61.15905 ,
34.97449 ,90.98390 ,
38.99873 ,42.31855 ,
3.05518 ,77.31159 ,
27.54683 ,99.27727 ,
8.36820 ,57.38354 ,
77.30268 ,81.40424 ,
37.87168 ,47.85393 ,
10.59206 ,68.74397 ,
2.00200 ,112.62434 ,
8.11133 ,100.40962 ,
1,378,PM1
379,756,PM2
757,2142,iron
