nodal
3
7374
28	9.655256E-01	-2.603105E-01	-1.654579E-06	
56	9.655252E-01	-2.603098E-01	-2.343051E-06	
84	9.653981E-01	-2.607824E-01	-1.269136E-05	
112	9.653978E-01	-2.607833E-01	-1.267303E-05	
197	2.577969E-01	9.662000E-01	-5.109186E-06	
198	2.577974E-01	9.661995E-01	-4.526956E-06	
199	2.577969E-01	9.662001E-01	-5.427024E-06	
200	2.579729E-01	9.661522E-01	-8.496518E-06	
201	2.579729E-01	9.661523E-01	-9.020007E-06	
202	2.581089E-01	9.661164E-01	-1.033415E-05	
203	2.581086E-01	9.661169E-01	-9.841043E-06	
204	2.582781E-01	9.660712E-01	-1.132212E-05	
205	2.583522E-01	9.660517E-01	-1.105641E-05	
206	2.585215E-01	9.660061E-01	-1.051380E-05	
207	2.586589E-01	9.659690E-01	-1.040180E-05	
208	2.587893E-01	9.659342E-01	-1.312901E-05	
209	2.589078E-01	9.659024E-01	-1.285229E-05	
210	2.589789E-01	9.658839E-01	-1.150157E-05	
211	2.589786E-01	9.658838E-01	-1.177939E-05	
212	2.590826E-01	9.658555E-01	-1.189852E-05	
213	2.592075E-01	9.658221E-01	-1.189696E-05	
214	2.593234E-01	9.657917E-01	-1.151249E-05	
215	2.594369E-01	9.657611E-01	-1.253677E-05	
216	2.595870E-01	9.657202E-01	-1.399100E-05	
217	2.597257E-01	9.656829E-01	-1.573325E-05	
218	2.599321E-01	9.656277E-01	-1.661371E-05	
219	2.599318E-01	9.656272E-01	-1.638533E-05	
220	2.600866E-01	9.655859E-01	-1.811178E-05	
221	2.600861E-01	9.655856E-01	-1.731360E-05	
222	2.604116E-01	9.654980E-01	-1.824308E-05	
223	2.604117E-01	9.654985E-01	-1.814466E-05	
224	2.604121E-01	9.654985E-01	-1.763159E-05	
653	-2.603104E-01	9.655256E-01	-2.293630E-06	
681	-2.603100E-01	9.655250E-01	-1.668222E-06	
709	-2.607827E-01	9.653981E-01	-1.276480E-05	
737	-2.607830E-01	9.653983E-01	-1.330521E-05	
822	9.662001E-01	2.577976E-01	-5.353919E-06	
823	9.662000E-01	2.577974E-01	-5.059284E-06	
824	9.661993E-01	2.577974E-01	-4.770589E-06	
825	9.661522E-01	2.579737E-01	-8.152645E-06	
826	9.661527E-01	2.579730E-01	-8.655611E-06	
827	9.661161E-01	2.581087E-01	-1.015580E-05	
828	9.661160E-01	2.581091E-01	-1.003227E-05	
829	9.660711E-01	2.582785E-01	-1.153934E-05	
830	9.660509E-01	2.583525E-01	-1.176926E-05	
831	9.660064E-01	2.585222E-01	-1.083412E-05	
832	9.659698E-01	2.586583E-01	-1.054045E-05	
833	9.659345E-01	2.587887E-01	-1.241126E-05	
834	9.659029E-01	2.589077E-01	-1.246312E-05	
835	9.658835E-01	2.589787E-01	-1.148275E-05	
836	9.658836E-01	2.589783E-01	-1.141184E-05	
837	9.658562E-01	2.590822E-01	-1.113745E-05	
838	9.658219E-01	2.592079E-01	-1.113551E-05	
839	9.657914E-01	2.593233E-01	-1.229137E-05	
840	9.657606E-01	2.594371E-01	-1.304748E-05	
841	9.657200E-01	2.595870E-01	-1.399508E-05	
842	9.656829E-01	2.597255E-01	-1.499638E-05	
843	9.656276E-01	2.599319E-01	-1.678699E-05	
844	9.656275E-01	2.599313E-01	-1.661343E-05	
845	9.655864E-01	2.600858E-01	-1.816474E-05	
846	9.655856E-01	2.600864E-01	-1.788270E-05	
847	9.654980E-01	2.604119E-01	-1.786663E-05	
848	9.654984E-01	2.604118E-01	-1.819442E-05	
849	9.654986E-01	2.604117E-01	-1.754966E-05	
1257	9.655252E-01	-2.603103E-01	-1.566056E-06	
1285	9.655249E-01	-2.603102E-01	-2.270886E-06	
1313	9.653979E-01	-2.607826E-01	-1.314440E-05	
1341	9.653978E-01	-2.607831E-01	-1.272833E-05	
1426	2.577975E-01	9.661993E-01	-4.685415E-06	
1427	2.577976E-01	9.661993E-01	-4.559977E-06	
1428	2.577977E-01	9.661998E-01	-5.289245E-06	
1429	2.579734E-01	9.661524E-01	-8.988276E-06	
1430	2.579736E-01	9.661527E-01	-8.116620E-06	
1431	2.581086E-01	9.661166E-01	-1.001039E-05	
1432	2.581083E-01	9.661163E-01	-1.065838E-05	
1433	2.582784E-01	9.660707E-01	-1.118594E-05	
1434	2.583520E-01	9.660515E-01	-1.166781E-05	
1435	2.585222E-01	9.660057E-01	-1.131684E-05	
1436	2.586581E-01	9.659691E-01	-1.113055E-05	
1437	2.587891E-01	9.659347E-01	-1.305118E-05	
1438	2.589069E-01	9.659024E-01	-1.295584E-05	
1439	2.589784E-01	9.658834E-01	-1.207366E-05	
1440	2.589786E-01	9.658841E-01	-1.203539E-05	
1441	2.590818E-01	9.658560E-01	-1.116413E-05	
1442	2.592077E-01	9.658221E-01	-1.126404E-05	
1443	2.593230E-01	9.657917E-01	-1.174557E-05	
1444	2.594367E-01	9.657612E-01	-1.272249E-05	
1445	2.595869E-01	9.657200E-01	-1.359658E-05	
1446	2.597259E-01	9.656831E-01	-1.577806E-05	
1447	2.599321E-01	9.656277E-01	-1.639393E-05	
1448	2.599314E-01	9.656281E-01	-1.651529E-05	
1449	2.600864E-01	9.655860E-01	-1.812492E-05	
1450	2.600858E-01	9.655857E-01	-1.757564E-05	
1451	2.604120E-01	9.654984E-01	-1.827210E-05	
1452	2.604117E-01	9.654978E-01	-1.796623E-05	
1453	2.604113E-01	9.654987E-01	-1.805878E-05	
1882	-2.603101E-01	9.655258E-01	-1.585501E-06	
1910	-2.603102E-01	9.655256E-01	-2.014538E-06	
1938	-2.607829E-01	9.653975E-01	-1.265852E-05	
1966	-2.607831E-01	9.653975E-01	-1.278632E-05	
2051	9.661997E-01	2.577971E-01	-4.650218E-06	
2052	9.661998E-01	2.577971E-01	-5.422729E-06	
2053	9.661998E-01	2.577977E-01	-4.934979E-06	
2054	9.661530E-01	2.579736E-01	-8.089809E-06	
2055	9.661532E-01	2.579728E-01	-8.756287E-06	
2056	9.661163E-01	2.581090E-01	-9.831746E-06	
2057	9.661166E-01	2.581092E-01	-9.983290E-06	
2058	9.660710E-01	2.582783E-01	-1.101028E-05	
2059	9.660517E-01	2.583524E-01	-1.182200E-05	
2060	9.660057E-01	2.585215E-01	-1.070642E-05	
2061	9.659699E-01	2.586581E-01	-1.122168E-05	
2062	9.659340E-01	2.587891E-01	-1.254704E-05	
2063	9.659029E-01	2.589074E-01	-1.332390E-05	
2064	9.658836E-01	2.589787E-01	-1.114232E-05	
2065	9.658841E-01	2.589789E-01	-1.168286E-05	
2066	9.658564E-01	2.590818E-01	-1.108247E-05	
2067	9.658218E-01	2.592071E-01	-1.130151E-05	
2068	9.657915E-01	2.593233E-01	-1.231709E-05	
2069	9.657606E-01	2.594368E-01	-1.263806E-05	
2070	9.657203E-01	2.595871E-01	-1.429698E-05	
2071	9.656829E-01	2.597256E-01	-1.579177E-05	
2072	9.656280E-01	2.599318E-01	-1.674593E-05	
2073	9.656273E-01	2.599317E-01	-1.623305E-05	
2074	9.655863E-01	2.600860E-01	-1.780587E-05	
2075	9.655861E-01	2.600866E-01	-1.760992E-05	
2076	9.654980E-01	2.604118E-01	-1.766076E-05	
2077	9.654987E-01	2.604114E-01	-1.814428E-05	
2078	9.654980E-01	2.604120E-01	-1.763122E-05	
2486	9.655268E-01	-2.603036E-01	-1.646224E-05	
2514	9.655269E-01	-2.603045E-01	-1.572129E-05	
2542	9.653953E-01	-2.607904E-01	-7.208727E-06	
2570	9.653955E-01	-2.607905E-01	-7.347682E-06	
2655	2.577915E-01	9.662012E-01	-1.986182E-05	
2656	2.577910E-01	9.662009E-01	-1.992223E-05	
2657	2.577914E-01	9.662014E-01	-2.043332E-05	
2658	2.579713E-01	9.661529E-01	-2.773525E-05	
2659	2.579713E-01	9.661530E-01	-2.729818E-05	
2660	2.581074E-01	9.661169E-01	-3.019006E-05	
2661	2.581071E-01	9.661172E-01	-3.025754E-05	
2662	2.582789E-01	9.660712E-01	-3.121663E-05	
2663	2.583526E-01	9.660512E-01	-3.106950E-05	
2664	2.585215E-01	9.660058E-01	-3.096988E-05	
2665	2.586584E-01	9.659689E-01	-3.038322E-05	
2666	2.587816E-01	9.659365E-01	-6.181415E-05	
2667	2.589078E-01	9.659031E-01	-3.601465E-05	
2668	2.589790E-01	9.658834E-01	-3.670541E-05	
2669	2.589788E-01	9.658834E-01	-3.635015E-05	
2670	2.590819E-01	9.658558E-01	-3.537374E-05	
2671	2.592072E-01	9.658220E-01	-3.610035E-05	
2672	2.593212E-01	9.657921E-01	-3.683512E-05	
2673	2.594348E-01	9.657609E-01	-4.024062E-05	
2674	2.595844E-01	9.657211E-01	-4.359530E-05	
2675	2.597240E-01	9.656834E-01	-4.768247E-05	
2676	2.599297E-01	9.656283E-01	-5.178817E-05	
2677	2.599297E-01	9.656277E-01	-5.138059E-05	
2678	2.600846E-01	9.655860E-01	-5.507654E-05	
2679	2.600854E-01	9.655860E-01	-5.516650E-05	
2680	2.604116E-01	9.654984E-01	-5.617261E-05	
2681	2.604115E-01	9.654979E-01	-5.678245E-05	
2682	2.604115E-01	9.654985E-01	-5.675274E-05	
3111	-2.603036E-01	9.655276E-01	-1.575407E-05	
3139	-2.603037E-01	9.655271E-01	-1.612315E-05	
3167	-2.607908E-01	9.653962E-01	-6.645502E-06	
3195	-2.607902E-01	9.653953E-01	-6.607724E-06	
3280	9.662013E-01	2.577913E-01	-2.015515E-05	
3281	9.662014E-01	2.577916E-01	-2.054811E-05	
3282	9.662009E-01	2.577917E-01	-1.962007E-05	
3283	9.661534E-01	2.579715E-01	-2.730585E-05	
3284	9.661534E-01	2.579714E-01	-2.713937E-05	
3285	9.661164E-01	2.581080E-01	-3.040371E-05	
3286	9.661164E-01	2.581077E-01	-3.007991E-05	
3287	9.660716E-01	2.582786E-01	-3.037281E-05	
3288	9.660513E-01	2.583527E-01	-3.143977E-05	
3289	9.660056E-01	2.585214E-01	-3.115840E-05	
3290	9.659695E-01	2.586588E-01	-3.038457E-05	
3291	9.659363E-01	2.587816E-01	-6.170524E-05	
3292	9.659030E-01	2.589083E-01	-3.652817E-05	
3293	9.658838E-01	2.589789E-01	-3.576877E-05	
3294	9.658837E-01	2.589793E-01	-3.604561E-05	
3295	9.658563E-01	2.590824E-01	-3.615903E-05	
3296	9.658223E-01	2.592076E-01	-3.587914E-05	
3297	9.657917E-01	2.593214E-01	-3.689142E-05	
3298	9.657611E-01	2.594353E-01	-3.951377E-05	
3299	9.657212E-01	2.595853E-01	-4.340864E-05	
3300	9.656840E-01	2.597237E-01	-4.749761E-05	
3301	9.656282E-01	2.599299E-01	-5.193328E-05	
3302	9.656280E-01	2.599295E-01	-5.195022E-05	
3303	9.655866E-01	2.600852E-01	-5.526418E-05	
3304	9.655866E-01	2.600845E-01	-5.519781E-05	
3305	9.654987E-01	2.604120E-01	-5.618633E-05	
3306	9.654985E-01	2.604118E-01	-5.607437E-05	
3307	9.654981E-01	2.604115E-01	-5.606346E-05	
3715	9.655282E-01	-2.603015E-01	-2.211464E-05	
3743	9.655279E-01	-2.603017E-01	-2.189178E-05	
3771	9.653973E-01	-2.607845E-01	-1.922480E-05	
3799	9.653972E-01	-2.607847E-01	-1.908621E-05	
3884	2.577810E-01	9.662042E-01	-4.034729E-05	
3885	2.577816E-01	9.662042E-01	-4.075317E-05	
3886	2.577818E-01	9.662039E-01	-4.075454E-05	
3887	2.579687E-01	9.661545E-01	-5.083034E-05	
3888	2.579686E-01	9.661543E-01	-5.082002E-05	
3889	2.581069E-01	9.661171E-01	-5.241269E-05	
3890	2.581067E-01	9.661169E-01	-5.284925E-05	
3891	2.582789E-01	9.660711E-01	-5.224299E-05	
3892	2.583520E-01	9.660515E-01	-5.160078E-05	
3893	2.585209E-01	9.660066E-01	-5.291153E-05	
3894	2.586574E-01	9.659693E-01	-5.671047E-05	
3895	2.587815E-01	9.659366E-01	-6.180654E-05	
3896	2.589066E-01	9.659035E-01	-6.594362E-05	
3897	2.589816E-01	9.658827E-01	-6.450766E-05	
3898	2.589817E-01	9.658830E-01	-6.429193E-05	
3899	2.590834E-01	9.658555E-01	-6.010206E-05	
3900	2.592067E-01	9.658222E-01	-6.015517E-05	
3901	2.593191E-01	9.657925E-01	-6.274373E-05	
3902	2.594323E-01	9.657620E-01	-6.717239E-05	
3903	2.595799E-01	9.657218E-01	-7.429229E-05	
3904	2.597196E-01	9.656852E-01	-8.165251E-05	
3905	2.599254E-01	9.656298E-01	-8.992893E-05	
3906	2.599247E-01	9.656298E-01	-8.954338E-05	
3907	2.600822E-01	9.655870E-01	-9.662660E-05	
3908	2.600819E-01	9.655874E-01	-9.651036E-05	
3909	2.604110E-01	9.654981E-01	-9.946624E-05	
3910	2.604110E-01	9.654985E-01	-9.946320E-05	
3911	2.604111E-01	9.654980E-01	-9.954313E-05	
4340	-2.603016E-01	9.655280E-01	-2.194440E-05	
4368	-2.603009E-01	9.655283E-01	-2.169292E-05	
4396	-2.607847E-01	9.653978E-01	-1.946944E-05	
4424	-2.607848E-01	9.653974E-01	-1.954567E-05	
4509	9.662041E-01	2.577814E-01	-4.021341E-05	
4510	9.662041E-01	2.577816E-01	-4.062638E-05	
4511	9.662041E-01	2.577816E-01	-4.021133E-05	
4512	9.661536E-01	2.579685E-01	-5.131449E-05	
4513	9.661540E-01	2.579679E-01	-5.114525E-05	
4514	9.661168E-01	2.581071E-01	-5.324323E-05	
4515	9.661170E-01	2.581072E-01	-5.291962E-05	
4516	9.660708E-01	2.582785E-01	-5.220035E-05	
4517	9.660515E-01	2.583525E-01	-5.185291E-05	
4518	9.660063E-01	2.585214E-01	-5.251022E-05	
4519	9.659699E-01	2.586575E-01	-5.645170E-05	
4520	9.659367E-01	2.587819E-01	-6.118644E-05	
4521	9.659035E-01	2.589058E-01	-6.653378E-05	
4522	9.658825E-01	2.589814E-01	-6.510428E-05	
4523	9.658828E-01	2.589822E-01	-6.473610E-05	
4524	9.658558E-01	2.590830E-01	-6.035881E-05	
4525	9.658221E-01	2.592067E-01	-5.994700E-05	
4526	9.657923E-01	2.593190E-01	-6.229503E-05	
4527	9.657624E-01	2.594322E-01	-6.730173E-05	
4528	9.657219E-01	2.595804E-01	-7.375970E-05	
4529	9.656852E-01	2.597198E-01	-8.195514E-05	
4530	9.656299E-01	2.599251E-01	-8.988616E-05	
4531	9.656299E-01	2.599246E-01	-8.992437E-05	
4532	9.655871E-01	2.600824E-01	-9.606033E-05	
4533	9.655876E-01	2.600826E-01	-9.642449E-05	
4534	9.654983E-01	2.604114E-01	-9.934446E-05	
4535	9.654985E-01	2.604112E-01	-9.929258E-05	
4536	9.654981E-01	2.604111E-01	-9.955726E-05	
4944	9.655252E-01	-2.603104E-01	-9.071886E-06	
4972	9.655249E-01	-2.603104E-01	-9.008355E-06	
5000	9.653979E-01	-2.607849E-01	-2.379055E-05	
5028	9.653970E-01	-2.607844E-01	-2.426243E-05	
5113	2.577667E-01	9.662074E-01	-7.049441E-05	
5114	2.577673E-01	9.662081E-01	-7.038714E-05	
5115	2.577667E-01	9.662077E-01	-6.992751E-05	
5116	2.579674E-01	9.661547E-01	-8.076938E-05	
5117	2.579669E-01	9.661542E-01	-8.147942E-05	
5118	2.581088E-01	9.661165E-01	-7.827413E-05	
5119	2.581171E-01	9.661145E-01	-1.060132E-04	
5120	2.582798E-01	9.660709E-01	-7.369564E-05	
5121	2.583531E-01	9.660514E-01	-7.234306E-05	
5122	2.585197E-01	9.660062E-01	-7.288295E-05	
5123	2.586514E-01	9.659709E-01	-7.885231E-05	
5124	2.587803E-01	9.659366E-01	-8.416579E-05	
5125	2.588909E-01	9.659067E-01	-1.026583E-04	
5126	2.589971E-01	9.658788E-01	-1.036582E-04	
5127	2.589967E-01	9.658784E-01	-1.038799E-04	
5128	2.590843E-01	9.658548E-01	-8.451309E-05	
5129	2.592056E-01	9.658227E-01	-8.465932E-05	
5130	2.593151E-01	9.657934E-01	-8.984865E-05	
5131	2.594271E-01	9.657631E-01	-9.698610E-05	
5132	2.595728E-01	9.657237E-01	-1.063921E-04	
5133	2.597124E-01	9.656871E-01	-1.185189E-04	
5134	2.599166E-01	9.656321E-01	-1.313049E-04	
5135	2.599171E-01	9.656315E-01	-1.313107E-04	
5136	2.600767E-01	9.655882E-01	-1.437135E-04	
5137	2.600766E-01	9.655889E-01	-1.430496E-04	
5138	2.604106E-01	9.654984E-01	-1.493532E-04	
5139	2.604097E-01	9.654990E-01	-1.499626E-04	
5140	2.604099E-01	9.654985E-01	-1.497666E-04	
5569	-2.603104E-01	9.655253E-01	-8.742843E-06	
5597	-2.603107E-01	9.655252E-01	-8.572330E-06	
5625	-2.607843E-01	9.653970E-01	-2.404822E-05	
5653	-2.607848E-01	9.653972E-01	-2.421639E-05	
5738	9.662078E-01	2.577665E-01	-7.042199E-05	
5739	9.662073E-01	2.577665E-01	-6.982151E-05	
5740	9.662081E-01	2.577665E-01	-7.044650E-05	
5741	9.661547E-01	2.579666E-01	-8.147032E-05	
5742	9.661541E-01	2.579672E-01	-8.131616E-05	
5743	9.661167E-01	2.581090E-01	-7.783047E-05	
5744	9.661140E-01	2.581171E-01	-1.059542E-04	
5745	9.660713E-01	2.582797E-01	-7.390244E-05	
5746	9.660516E-01	2.583533E-01	-7.205872E-05	
5747	9.660072E-01	2.585191E-01	-7.295380E-05	
5748	9.659715E-01	2.586514E-01	-7.877373E-05	
5749	9.659371E-01	2.587796E-01	-8.416178E-05	
5750	9.659071E-01	2.588914E-01	-1.026937E-04	
5751	9.658783E-01	2.589966E-01	-1.033727E-04	
5752	9.658789E-01	2.589969E-01	-1.029549E-04	
5753	9.658554E-01	2.590848E-01	-8.438500E-05	
5754	9.658230E-01	2.592059E-01	-8.526118E-05	
5755	9.657935E-01	2.593153E-01	-8.948998E-05	
5756	9.657637E-01	2.594273E-01	-9.702491E-05	
5757	9.657238E-01	2.595731E-01	-1.065637E-04	
5758	9.656869E-01	2.597120E-01	-1.183386E-04	
5759	9.656319E-01	2.599166E-01	-1.318116E-04	
5760	9.656318E-01	2.599168E-01	-1.314784E-04	
5761	9.655890E-01	2.600765E-01	-1.433702E-04	
5762	9.655882E-01	2.600765E-01	-1.430318E-04	
5763	9.654992E-01	2.604104E-01	-1.500561E-04	
5764	9.654984E-01	2.604097E-01	-1.498700E-04	
5765	9.654989E-01	2.604101E-01	-1.494442E-04	
6173	9.655216E-01	-2.603227E-01	6.875672E-05	
6201	9.655223E-01	-2.603229E-01	6.911158E-05	
6229	9.653911E-01	-2.608059E-01	4.102488E-05	
6257	9.653919E-01	-2.608059E-01	4.089939E-05	
6342	2.577490E-01	9.662128E-01	-1.037255E-04	
6343	2.577492E-01	9.662124E-01	-1.041450E-04	
6344	2.577488E-01	9.662129E-01	-1.038680E-04	
6345	2.579690E-01	9.661538E-01	-1.160662E-04	
6346	2.579684E-01	9.661538E-01	-1.152480E-04	
6347	2.581169E-01	9.661146E-01	-1.061342E-04	
6348	2.581173E-01	9.661142E-01	-1.060631E-04	
6349	2.582824E-01	9.660701E-01	-9.515414E-05	
6350	2.583562E-01	9.660502E-01	-8.778448E-05	
6351	2.585173E-01	9.660075E-01	-8.570839E-05	
6352	2.586443E-01	9.659729E-01	-9.170041E-05	
6353	2.587771E-01	9.659379E-01	-9.989684E-05	
6354	2.588852E-01	9.659086E-01	-9.370939E-05	
6355	2.589994E-01	9.658780E-01	-9.823663E-05	
6356	2.590002E-01	9.658777E-01	-9.832111E-05	
6357	2.590842E-01	9.658556E-01	-1.135813E-04	
6358	2.592034E-01	9.658234E-01	-1.158883E-04	
6359	2.593095E-01	9.657950E-01	-1.224125E-04	
6360	2.594210E-01	9.657650E-01	-1.312356E-04	
6361	2.595630E-01	9.657267E-01	-1.448614E-04	
6362	2.597027E-01	9.656894E-01	-1.597407E-04	
6363	2.599022E-01	9.656353E-01	-1.793328E-04	
6364	2.599026E-01	9.656357E-01	-1.789130E-04	
6365	2.600687E-01	9.655912E-01	-1.979589E-04	
6366	2.600685E-01	9.655910E-01	-1.976329E-04	
6367	2.604067E-01	9.654997E-01	-2.073625E-04	
6368	2.604071E-01	9.654998E-01	-2.081274E-04	
6369	2.604067E-01	9.654994E-01	-2.073657E-04	
6798	-2.603232E-01	9.655218E-01	6.912364E-05	
6826	-2.603231E-01	9.655217E-01	6.931341E-05	
6854	-2.608061E-01	9.653919E-01	4.094643E-05	
6882	-2.608059E-01	9.653914E-01	4.082138E-05	
6967	9.662131E-01	2.577486E-01	-1.037969E-04	
6968	9.662127E-01	2.577492E-01	-1.036946E-04	
6969	9.662124E-01	2.577493E-01	-1.044135E-04	
6970	9.661540E-01	2.579685E-01	-1.157530E-04	
6971	9.661537E-01	2.579686E-01	-1.158389E-04	
6972	9.661146E-01	2.581169E-01	-1.063464E-04	
6973	9.661144E-01	2.581172E-01	-1.066160E-04	
6974	9.660698E-01	2.582830E-01	-9.484760E-05	
6975	9.660507E-01	2.583565E-01	-8.795779E-05	
6976	9.660068E-01	2.585180E-01	-8.555060E-05	
6977	9.659737E-01	2.586442E-01	-9.189242E-05	
6978	9.659379E-01	2.587771E-01	-9.959488E-05	
6979	9.659087E-01	2.588849E-01	-9.346203E-05	
6980	9.658781E-01	2.589998E-01	-9.771548E-05	
6981	9.658778E-01	2.590001E-01	-9.794748E-05	
6982	9.658551E-01	2.590846E-01	-1.133236E-04	
6983	9.658230E-01	2.592035E-01	-1.168258E-04	
6984	9.657950E-01	2.593098E-01	-1.227577E-04	
6985	9.657646E-01	2.594204E-01	-1.314573E-04	
6986	9.657266E-01	2.595623E-01	-1.444695E-04	
6987	9.656894E-01	2.597029E-01	-1.599559E-04	
6988	9.656358E-01	2.599024E-01	-1.795044E-04	
6989	9.656358E-01	2.599021E-01	-1.791473E-04	
6990	9.655905E-01	2.600689E-01	-1.977168E-04	
6991	9.655909E-01	2.600688E-01	-1.975158E-04	
6992	9.654994E-01	2.604066E-01	-2.083067E-04	
6993	9.654997E-01	2.604069E-01	-2.077266E-04	
6994	9.654994E-01	2.604066E-01	-2.079637E-04	
