hexahedron
//Number_of_Node
1764
//Number_of_Element
950
//Number_of_Region
4
//Factor
1000.0
311,310,295,296,17,16,1,2,
312,311,296,297,18,17,2,3,
313,312,297,298,19,18,3,4,
314,313,298,299,20,19,4,5,
315,314,299,300,21,20,5,6,
316,315,300,301,22,21,6,7,
317,316,301,302,23,22,7,8,
318,317,302,303,24,23,8,9,
326,325,310,311,32,31,16,17,
327,326,311,312,33,32,17,18,
328,327,312,313,34,33,18,19,
329,328,313,314,35,34,19,20,
330,329,314,315,36,35,20,21,
331,330,315,316,37,36,21,22,
332,331,316,317,38,37,22,23,
333,332,317,318,39,38,23,24,
335,334,325,326,41,40,31,32,
336,335,326,327,42,41,32,33,
337,336,327,328,43,42,33,34,
338,337,328,329,44,43,34,35,
339,338,329,330,45,44,35,36,
340,339,330,331,46,45,36,37,
341,340,331,332,47,46,37,38,
342,341,332,333,48,47,38,39,
605,604,589,590,311,310,295,296,
606,605,590,591,312,311,296,297,
607,606,591,592,313,312,297,298,
608,607,592,593,314,313,298,299,
609,608,593,594,315,314,299,300,
610,609,594,595,316,315,300,301,
611,610,595,596,317,316,301,302,
612,611,596,597,318,317,302,303,
620,619,604,605,326,325,310,311,
621,620,605,606,327,326,311,312,
622,621,606,607,328,327,312,313,
623,622,607,608,329,328,313,314,
624,623,608,609,330,329,314,315,
625,624,609,610,331,330,315,316,
626,625,610,611,332,331,316,317,
627,626,611,612,333,332,317,318,
629,628,619,620,335,334,325,326,
630,629,620,621,336,335,326,327,
631,630,621,622,337,336,327,328,
632,631,622,623,338,337,328,329,
633,632,623,624,339,338,329,330,
634,633,624,625,340,339,330,331,
635,634,625,626,341,340,331,332,
636,635,626,627,342,341,332,333,
899,898,883,884,605,604,589,590,
900,899,884,885,606,605,590,591,
901,900,885,886,607,606,591,592,
902,901,886,887,608,607,592,593,
903,902,887,888,609,608,593,594,
904,903,888,889,610,609,594,595,
905,904,889,890,611,610,595,596,
906,905,890,891,612,611,596,597,
914,913,898,899,620,619,604,605,
915,914,899,900,621,620,605,606,
916,915,900,901,622,621,606,607,
917,916,901,902,623,622,607,608,
918,917,902,903,624,623,608,609,
919,918,903,904,625,624,609,610,
920,919,904,905,626,625,610,611,
921,920,905,906,627,626,611,612,
923,922,913,914,629,628,619,620,
924,923,914,915,630,629,620,621,
925,924,915,916,631,630,621,622,
926,925,916,917,632,631,622,623,
927,926,917,918,633,632,623,624,
928,927,918,919,634,633,624,625,
929,928,919,920,635,634,625,626,
930,929,920,921,636,635,626,627,
1193,1192,1177,1178,899,898,883,884,
1194,1193,1178,1179,900,899,884,885,
1195,1194,1179,1180,901,900,885,886,
1196,1195,1180,1181,902,901,886,887,
1197,1196,1181,1182,903,902,887,888,
1198,1197,1182,1183,904,903,888,889,
1199,1198,1183,1184,905,904,889,890,
1200,1199,1184,1185,906,905,890,891,
1208,1207,1192,1193,914,913,898,899,
1209,1208,1193,1194,915,914,899,900,
1210,1209,1194,1195,916,915,900,901,
1211,1210,1195,1196,917,916,901,902,
1212,1211,1196,1197,918,917,902,903,
1213,1212,1197,1198,919,918,903,904,
1214,1213,1198,1199,920,919,904,905,
1215,1214,1199,1200,921,920,905,906,
1217,1216,1207,1208,923,922,913,914,
1218,1217,1208,1209,924,923,914,915,
1219,1218,1209,1210,925,924,915,916,
1220,1219,1210,1211,926,925,916,917,
1221,1220,1211,1212,927,926,917,918,
1222,1221,1212,1213,928,927,918,919,
1223,1222,1213,1214,929,928,919,920,
1224,1223,1214,1215,930,929,920,921,
1487,1486,1471,1472,1193,1192,1177,1178,
1488,1487,1472,1473,1194,1193,1178,1179,
1489,1488,1473,1474,1195,1194,1179,1180,
1490,1489,1474,1475,1196,1195,1180,1181,
1491,1490,1475,1476,1197,1196,1181,1182,
1492,1491,1476,1477,1198,1197,1182,1183,
1493,1492,1477,1478,1199,1198,1183,1184,
1494,1493,1478,1479,1200,1199,1184,1185,
1502,1501,1486,1487,1208,1207,1192,1193,
1503,1502,1487,1488,1209,1208,1193,1194,
1504,1503,1488,1489,1210,1209,1194,1195,
1505,1504,1489,1490,1211,1210,1195,1196,
1506,1505,1490,1491,1212,1211,1196,1197,
1507,1506,1491,1492,1213,1212,1197,1198,
1508,1507,1492,1493,1214,1213,1198,1199,
1509,1508,1493,1494,1215,1214,1199,1200,
1511,1510,1501,1502,1217,1216,1207,1208,
1512,1511,1502,1503,1218,1217,1208,1209,
1513,1512,1503,1504,1219,1218,1209,1210,
1514,1513,1504,1505,1220,1219,1210,1211,
1515,1514,1505,1506,1221,1220,1211,1212,
1516,1515,1506,1507,1222,1221,1212,1213,
1517,1516,1507,1508,1223,1222,1213,1214,
1518,1517,1508,1509,1224,1223,1214,1215,
320,319,304,305,26,25,10,11,
321,320,305,306,27,26,11,12,
322,321,306,307,28,27,12,13,
323,322,307,308,29,28,13,14,
324,323,308,309,30,29,14,15,
325,324,309,310,31,30,15,16,
614,613,598,599,320,319,304,305,
615,614,599,600,321,320,305,306,
616,615,600,601,322,321,306,307,
617,616,601,602,323,322,307,308,
618,617,602,603,324,323,308,309,
619,618,603,604,325,324,309,310,
908,907,892,893,614,613,598,599,
909,908,893,894,615,614,599,600,
910,909,894,895,616,615,600,601,
911,910,895,896,617,616,601,602,
912,911,896,897,618,617,602,603,
913,912,897,898,619,618,603,604,
1202,1201,1186,1187,908,907,892,893,
1203,1202,1187,1188,909,908,893,894,
1204,1203,1188,1189,910,909,894,895,
1205,1204,1189,1190,911,910,895,896,
1206,1205,1190,1191,912,911,896,897,
1207,1206,1191,1192,913,912,897,898,
1496,1495,1480,1481,1202,1201,1186,1187,
1497,1496,1481,1482,1203,1202,1187,1188,
1498,1497,1482,1483,1204,1203,1188,1189,
1499,1498,1483,1484,1205,1204,1189,1190,
1500,1499,1484,1485,1206,1205,1190,1191,
1501,1500,1485,1486,1207,1206,1191,1192,
385,384,343,344,91,90,49,50,
386,385,344,345,92,91,50,51,
387,386,345,346,93,92,51,52,
388,387,346,347,94,93,52,53,
389,388,347,348,95,94,53,54,
390,389,348,349,96,95,54,55,
391,390,349,350,97,96,55,56,
392,391,350,351,98,97,56,57,
393,392,351,352,99,98,57,58,
394,393,352,353,100,99,58,59,
395,394,353,354,101,100,59,60,
396,395,354,355,102,101,60,61,
397,396,355,356,103,102,61,62,
398,397,356,357,104,103,62,63,
399,398,357,358,105,104,63,64,
400,399,358,359,106,105,64,65,
401,400,359,360,107,106,65,66,
402,401,360,361,108,107,66,67,
403,402,361,362,109,108,67,68,
404,403,362,363,110,109,68,69,
405,404,363,364,111,110,69,70,
406,405,364,365,112,111,70,71,
407,406,365,366,113,112,71,72,
408,407,366,367,114,113,72,73,
409,408,367,368,115,114,73,74,
410,409,368,369,116,115,74,75,
411,410,369,370,117,116,75,76,
412,411,370,371,118,117,76,77,
413,412,371,372,119,118,77,78,
414,413,372,373,120,119,78,79,
415,414,373,374,121,120,79,80,
416,415,374,375,122,121,80,81,
417,416,375,376,123,122,81,82,
418,417,376,377,124,123,82,83,
419,418,377,378,125,124,83,84,
420,419,378,379,126,125,84,85,
421,420,379,380,127,126,85,86,
422,421,380,381,128,127,86,87,
423,422,381,382,129,128,87,88,
424,423,382,383,130,129,88,89,
426,425,384,385,132,131,90,91,
427,426,385,386,133,132,91,92,
428,427,386,387,134,133,92,93,
429,428,387,388,135,134,93,94,
430,429,388,389,136,135,94,95,
431,430,389,390,137,136,95,96,
432,431,390,391,138,137,96,97,
433,432,391,392,139,138,97,98,
434,433,392,393,140,139,98,99,
435,434,393,394,141,140,99,100,
436,435,394,395,142,141,100,101,
437,436,395,396,143,142,101,102,
438,437,396,397,144,143,102,103,
439,438,397,398,145,144,103,104,
440,439,398,399,146,145,104,105,
441,440,399,400,147,146,105,106,
442,441,400,401,148,147,106,107,
443,442,401,402,149,148,107,108,
444,443,402,403,150,149,108,109,
445,444,403,404,151,150,109,110,
446,445,404,405,152,151,110,111,
447,446,405,406,153,152,111,112,
448,447,406,407,154,153,112,113,
449,448,407,408,155,154,113,114,
450,449,408,409,156,155,114,115,
451,450,409,410,157,156,115,116,
452,451,410,411,158,157,116,117,
453,452,411,412,159,158,117,118,
454,453,412,413,160,159,118,119,
455,454,413,414,161,160,119,120,
456,455,414,415,162,161,120,121,
457,456,415,416,163,162,121,122,
458,457,416,417,164,163,122,123,
459,458,417,418,165,164,123,124,
460,459,418,419,166,165,124,125,
461,460,419,420,167,166,125,126,
462,461,420,421,168,167,126,127,
463,462,421,422,169,168,127,128,
464,463,422,423,170,169,128,129,
465,464,423,424,171,170,129,130,
679,678,637,638,385,384,343,344,
680,679,638,639,386,385,344,345,
681,680,639,640,387,386,345,346,
682,681,640,641,388,387,346,347,
683,682,641,642,389,388,347,348,
684,683,642,643,390,389,348,349,
685,684,643,644,391,390,349,350,
686,685,644,645,392,391,350,351,
687,686,645,646,393,392,351,352,
688,687,646,647,394,393,352,353,
689,688,647,648,395,394,353,354,
690,689,648,649,396,395,354,355,
691,690,649,650,397,396,355,356,
692,691,650,651,398,397,356,357,
693,692,651,652,399,398,357,358,
694,693,652,653,400,399,358,359,
695,694,653,654,401,400,359,360,
696,695,654,655,402,401,360,361,
697,696,655,656,403,402,361,362,
698,697,656,657,404,403,362,363,
699,698,657,658,405,404,363,364,
700,699,658,659,406,405,364,365,
701,700,659,660,407,406,365,366,
702,701,660,661,408,407,366,367,
703,702,661,662,409,408,367,368,
704,703,662,663,410,409,368,369,
705,704,663,664,411,410,369,370,
706,705,664,665,412,411,370,371,
707,706,665,666,413,412,371,372,
708,707,666,667,414,413,372,373,
709,708,667,668,415,414,373,374,
710,709,668,669,416,415,374,375,
711,710,669,670,417,416,375,376,
712,711,670,671,418,417,376,377,
713,712,671,672,419,418,377,378,
714,713,672,673,420,419,378,379,
715,714,673,674,421,420,379,380,
716,715,674,675,422,421,380,381,
717,716,675,676,423,422,381,382,
718,717,676,677,424,423,382,383,
720,719,678,679,426,425,384,385,
721,720,679,680,427,426,385,386,
722,721,680,681,428,427,386,387,
723,722,681,682,429,428,387,388,
724,723,682,683,430,429,388,389,
725,724,683,684,431,430,389,390,
726,725,684,685,432,431,390,391,
727,726,685,686,433,432,391,392,
728,727,686,687,434,433,392,393,
729,728,687,688,435,434,393,394,
730,729,688,689,436,435,394,395,
731,730,689,690,437,436,395,396,
732,731,690,691,438,437,396,397,
733,732,691,692,439,438,397,398,
734,733,692,693,440,439,398,399,
735,734,693,694,441,440,399,400,
736,735,694,695,442,441,400,401,
737,736,695,696,443,442,401,402,
738,737,696,697,444,443,402,403,
739,738,697,698,445,444,403,404,
740,739,698,699,446,445,404,405,
741,740,699,700,447,446,405,406,
742,741,700,701,448,447,406,407,
743,742,701,702,449,448,407,408,
744,743,702,703,450,449,408,409,
745,744,703,704,451,450,409,410,
746,745,704,705,452,451,410,411,
747,746,705,706,453,452,411,412,
748,747,706,707,454,453,412,413,
749,748,707,708,455,454,413,414,
750,749,708,709,456,455,414,415,
751,750,709,710,457,456,415,416,
752,751,710,711,458,457,416,417,
753,752,711,712,459,458,417,418,
754,753,712,713,460,459,418,419,
755,754,713,714,461,460,419,420,
756,755,714,715,462,461,420,421,
757,756,715,716,463,462,421,422,
758,757,716,717,464,463,422,423,
759,758,717,718,465,464,423,424,
973,972,931,932,679,678,637,638,
974,973,932,933,680,679,638,639,
975,974,933,934,681,680,639,640,
976,975,934,935,682,681,640,641,
977,976,935,936,683,682,641,642,
978,977,936,937,684,683,642,643,
979,978,937,938,685,684,643,644,
980,979,938,939,686,685,644,645,
981,980,939,940,687,686,645,646,
982,981,940,941,688,687,646,647,
983,982,941,942,689,688,647,648,
984,983,942,943,690,689,648,649,
985,984,943,944,691,690,649,650,
986,985,944,945,692,691,650,651,
987,986,945,946,693,692,651,652,
988,987,946,947,694,693,652,653,
989,988,947,948,695,694,653,654,
990,989,948,949,696,695,654,655,
991,990,949,950,697,696,655,656,
992,991,950,951,698,697,656,657,
993,992,951,952,699,698,657,658,
994,993,952,953,700,699,658,659,
995,994,953,954,701,700,659,660,
996,995,954,955,702,701,660,661,
997,996,955,956,703,702,661,662,
998,997,956,957,704,703,662,663,
999,998,957,958,705,704,663,664,
1000,999,958,959,706,705,664,665,
1001,1000,959,960,707,706,665,666,
1002,1001,960,961,708,707,666,667,
1003,1002,961,962,709,708,667,668,
1004,1003,962,963,710,709,668,669,
1005,1004,963,964,711,710,669,670,
1006,1005,964,965,712,711,670,671,
1007,1006,965,966,713,712,671,672,
1008,1007,966,967,714,713,672,673,
1009,1008,967,968,715,714,673,674,
1010,1009,968,969,716,715,674,675,
1011,1010,969,970,717,716,675,676,
1012,1011,970,971,718,717,676,677,
1014,1013,972,973,720,719,678,679,
1015,1014,973,974,721,720,679,680,
1016,1015,974,975,722,721,680,681,
1017,1016,975,976,723,722,681,682,
1018,1017,976,977,724,723,682,683,
1019,1018,977,978,725,724,683,684,
1020,1019,978,979,726,725,684,685,
1021,1020,979,980,727,726,685,686,
1022,1021,980,981,728,727,686,687,
1023,1022,981,982,729,728,687,688,
1024,1023,982,983,730,729,688,689,
1025,1024,983,984,731,730,689,690,
1026,1025,984,985,732,731,690,691,
1027,1026,985,986,733,732,691,692,
1028,1027,986,987,734,733,692,693,
1029,1028,987,988,735,734,693,694,
1030,1029,988,989,736,735,694,695,
1031,1030,989,990,737,736,695,696,
1032,1031,990,991,738,737,696,697,
1033,1032,991,992,739,738,697,698,
1034,1033,992,993,740,739,698,699,
1035,1034,993,994,741,740,699,700,
1036,1035,994,995,742,741,700,701,
1037,1036,995,996,743,742,701,702,
1038,1037,996,997,744,743,702,703,
1039,1038,997,998,745,744,703,704,
1040,1039,998,999,746,745,704,705,
1041,1040,999,1000,747,746,705,706,
1042,1041,1000,1001,748,747,706,707,
1043,1042,1001,1002,749,748,707,708,
1044,1043,1002,1003,750,749,708,709,
1045,1044,1003,1004,751,750,709,710,
1046,1045,1004,1005,752,751,710,711,
1047,1046,1005,1006,753,752,711,712,
1048,1047,1006,1007,754,753,712,713,
1049,1048,1007,1008,755,754,713,714,
1050,1049,1008,1009,756,755,714,715,
1051,1050,1009,1010,757,756,715,716,
1052,1051,1010,1011,758,757,716,717,
1053,1052,1011,1012,759,758,717,718,
1267,1266,1225,1226,973,972,931,932,
1268,1267,1226,1227,974,973,932,933,
1269,1268,1227,1228,975,974,933,934,
1270,1269,1228,1229,976,975,934,935,
1271,1270,1229,1230,977,976,935,936,
1272,1271,1230,1231,978,977,936,937,
1273,1272,1231,1232,979,978,937,938,
1274,1273,1232,1233,980,979,938,939,
1275,1274,1233,1234,981,980,939,940,
1276,1275,1234,1235,982,981,940,941,
1277,1276,1235,1236,983,982,941,942,
1278,1277,1236,1237,984,983,942,943,
1279,1278,1237,1238,985,984,943,944,
1280,1279,1238,1239,986,985,944,945,
1281,1280,1239,1240,987,986,945,946,
1282,1281,1240,1241,988,987,946,947,
1283,1282,1241,1242,989,988,947,948,
1284,1283,1242,1243,990,989,948,949,
1285,1284,1243,1244,991,990,949,950,
1286,1285,1244,1245,992,991,950,951,
1287,1286,1245,1246,993,992,951,952,
1288,1287,1246,1247,994,993,952,953,
1289,1288,1247,1248,995,994,953,954,
1290,1289,1248,1249,996,995,954,955,
1291,1290,1249,1250,997,996,955,956,
1292,1291,1250,1251,998,997,956,957,
1293,1292,1251,1252,999,998,957,958,
1294,1293,1252,1253,1000,999,958,959,
1295,1294,1253,1254,1001,1000,959,960,
1296,1295,1254,1255,1002,1001,960,961,
1297,1296,1255,1256,1003,1002,961,962,
1298,1297,1256,1257,1004,1003,962,963,
1299,1298,1257,1258,1005,1004,963,964,
1300,1299,1258,1259,1006,1005,964,965,
1301,1300,1259,1260,1007,1006,965,966,
1302,1301,1260,1261,1008,1007,966,967,
1303,1302,1261,1262,1009,1008,967,968,
1304,1303,1262,1263,1010,1009,968,969,
1305,1304,1263,1264,1011,1010,969,970,
1306,1305,1264,1265,1012,1011,970,971,
1308,1307,1266,1267,1014,1013,972,973,
1309,1308,1267,1268,1015,1014,973,974,
1310,1309,1268,1269,1016,1015,974,975,
1311,1310,1269,1270,1017,1016,975,976,
1312,1311,1270,1271,1018,1017,976,977,
1313,1312,1271,1272,1019,1018,977,978,
1314,1313,1272,1273,1020,1019,978,979,
1315,1314,1273,1274,1021,1020,979,980,
1316,1315,1274,1275,1022,1021,980,981,
1317,1316,1275,1276,1023,1022,981,982,
1318,1317,1276,1277,1024,1023,982,983,
1319,1318,1277,1278,1025,1024,983,984,
1320,1319,1278,1279,1026,1025,984,985,
1321,1320,1279,1280,1027,1026,985,986,
1322,1321,1280,1281,1028,1027,986,987,
1323,1322,1281,1282,1029,1028,987,988,
1324,1323,1282,1283,1030,1029,988,989,
1325,1324,1283,1284,1031,1030,989,990,
1326,1325,1284,1285,1032,1031,990,991,
1327,1326,1285,1286,1033,1032,991,992,
1328,1327,1286,1287,1034,1033,992,993,
1329,1328,1287,1288,1035,1034,993,994,
1330,1329,1288,1289,1036,1035,994,995,
1331,1330,1289,1290,1037,1036,995,996,
1332,1331,1290,1291,1038,1037,996,997,
1333,1332,1291,1292,1039,1038,997,998,
1334,1333,1292,1293,1040,1039,998,999,
1335,1334,1293,1294,1041,1040,999,1000,
1336,1335,1294,1295,1042,1041,1000,1001,
1337,1336,1295,1296,1043,1042,1001,1002,
1338,1337,1296,1297,1044,1043,1002,1003,
1339,1338,1297,1298,1045,1044,1003,1004,
1340,1339,1298,1299,1046,1045,1004,1005,
1341,1340,1299,1300,1047,1046,1005,1006,
1342,1341,1300,1301,1048,1047,1006,1007,
1343,1342,1301,1302,1049,1048,1007,1008,
1344,1343,1302,1303,1050,1049,1008,1009,
1345,1344,1303,1304,1051,1050,1009,1010,
1346,1345,1304,1305,1052,1051,1010,1011,
1347,1346,1305,1306,1053,1052,1011,1012,
1561,1560,1519,1520,1267,1266,1225,1226,
1562,1561,1520,1521,1268,1267,1226,1227,
1563,1562,1521,1522,1269,1268,1227,1228,
1564,1563,1522,1523,1270,1269,1228,1229,
1565,1564,1523,1524,1271,1270,1229,1230,
1566,1565,1524,1525,1272,1271,1230,1231,
1567,1566,1525,1526,1273,1272,1231,1232,
1568,1567,1526,1527,1274,1273,1232,1233,
1569,1568,1527,1528,1275,1274,1233,1234,
1570,1569,1528,1529,1276,1275,1234,1235,
1571,1570,1529,1530,1277,1276,1235,1236,
1572,1571,1530,1531,1278,1277,1236,1237,
1573,1572,1531,1532,1279,1278,1237,1238,
1574,1573,1532,1533,1280,1279,1238,1239,
1575,1574,1533,1534,1281,1280,1239,1240,
1576,1575,1534,1535,1282,1281,1240,1241,
1577,1576,1535,1536,1283,1282,1241,1242,
1578,1577,1536,1537,1284,1283,1242,1243,
1579,1578,1537,1538,1285,1284,1243,1244,
1580,1579,1538,1539,1286,1285,1244,1245,
1581,1580,1539,1540,1287,1286,1245,1246,
1582,1581,1540,1541,1288,1287,1246,1247,
1583,1582,1541,1542,1289,1288,1247,1248,
1584,1583,1542,1543,1290,1289,1248,1249,
1585,1584,1543,1544,1291,1290,1249,1250,
1586,1585,1544,1545,1292,1291,1250,1251,
1587,1586,1545,1546,1293,1292,1251,1252,
1588,1587,1546,1547,1294,1293,1252,1253,
1589,1588,1547,1548,1295,1294,1253,1254,
1590,1589,1548,1549,1296,1295,1254,1255,
1591,1590,1549,1550,1297,1296,1255,1256,
1592,1591,1550,1551,1298,1297,1256,1257,
1593,1592,1551,1552,1299,1298,1257,1258,
1594,1593,1552,1553,1300,1299,1258,1259,
1595,1594,1553,1554,1301,1300,1259,1260,
1596,1595,1554,1555,1302,1301,1260,1261,
1597,1596,1555,1556,1303,1302,1261,1262,
1598,1597,1556,1557,1304,1303,1262,1263,
1599,1598,1557,1558,1305,1304,1263,1264,
1600,1599,1558,1559,1306,1305,1264,1265,
1602,1601,1560,1561,1308,1307,1266,1267,
1603,1602,1561,1562,1309,1308,1267,1268,
1604,1603,1562,1563,1310,1309,1268,1269,
1605,1604,1563,1564,1311,1310,1269,1270,
1606,1605,1564,1565,1312,1311,1270,1271,
1607,1606,1565,1566,1313,1312,1271,1272,
1608,1607,1566,1567,1314,1313,1272,1273,
1609,1608,1567,1568,1315,1314,1273,1274,
1610,1609,1568,1569,1316,1315,1274,1275,
1611,1610,1569,1570,1317,1316,1275,1276,
1612,1611,1570,1571,1318,1317,1276,1277,
1613,1612,1571,1572,1319,1318,1277,1278,
1614,1613,1572,1573,1320,1319,1278,1279,
1615,1614,1573,1574,1321,1320,1279,1280,
1616,1615,1574,1575,1322,1321,1280,1281,
1617,1616,1575,1576,1323,1322,1281,1282,
1618,1617,1576,1577,1324,1323,1282,1283,
1619,1618,1577,1578,1325,1324,1283,1284,
1620,1619,1578,1579,1326,1325,1284,1285,
1621,1620,1579,1580,1327,1326,1285,1286,
1622,1621,1580,1581,1328,1327,1286,1287,
1623,1622,1581,1582,1329,1328,1287,1288,
1624,1623,1582,1583,1330,1329,1288,1289,
1625,1624,1583,1584,1331,1330,1289,1290,
1626,1625,1584,1585,1332,1331,1290,1291,
1627,1626,1585,1586,1333,1332,1291,1292,
1628,1627,1586,1587,1334,1333,1292,1293,
1629,1628,1587,1588,1335,1334,1293,1294,
1630,1629,1588,1589,1336,1335,1294,1295,
1631,1630,1589,1590,1337,1336,1295,1296,
1632,1631,1590,1591,1338,1337,1296,1297,
1633,1632,1591,1592,1339,1338,1297,1298,
1634,1633,1592,1593,1340,1339,1298,1299,
1635,1634,1593,1594,1341,1340,1299,1300,
1636,1635,1594,1595,1342,1341,1300,1301,
1637,1636,1595,1596,1343,1342,1301,1302,
1638,1637,1596,1597,1344,1343,1302,1303,
1639,1638,1597,1598,1345,1344,1303,1304,
1640,1639,1598,1599,1346,1345,1304,1305,
1641,1640,1599,1600,1347,1346,1305,1306,
508,507,466,467,214,213,172,173,
509,508,467,468,215,214,173,174,
510,509,468,469,216,215,174,175,
511,510,469,470,217,216,175,176,
512,511,470,471,218,217,176,177,
513,512,471,472,219,218,177,178,
514,513,472,473,220,219,178,179,
515,514,473,474,221,220,179,180,
516,515,474,475,222,221,180,181,
517,516,475,476,223,222,181,182,
518,517,476,477,224,223,182,183,
519,518,477,478,225,224,183,184,
520,519,478,479,226,225,184,185,
521,520,479,480,227,226,185,186,
522,521,480,481,228,227,186,187,
523,522,481,482,229,228,187,188,
524,523,482,483,230,229,188,189,
525,524,483,484,231,230,189,190,
526,525,484,485,232,231,190,191,
527,526,485,486,233,232,191,192,
528,527,486,487,234,233,192,193,
529,528,487,488,235,234,193,194,
530,529,488,489,236,235,194,195,
531,530,489,490,237,236,195,196,
532,531,490,491,238,237,196,197,
533,532,491,492,239,238,197,198,
534,533,492,493,240,239,198,199,
535,534,493,494,241,240,199,200,
536,535,494,495,242,241,200,201,
537,536,495,496,243,242,201,202,
538,537,496,497,244,243,202,203,
539,538,497,498,245,244,203,204,
540,539,498,499,246,245,204,205,
541,540,499,500,247,246,205,206,
542,541,500,501,248,247,206,207,
543,542,501,502,249,248,207,208,
544,543,502,503,250,249,208,209,
545,544,503,504,251,250,209,210,
546,545,504,505,252,251,210,211,
547,546,505,506,253,252,211,212,
549,548,507,508,255,254,213,214,
550,549,508,509,256,255,214,215,
551,550,509,510,257,256,215,216,
552,551,510,511,258,257,216,217,
553,552,511,512,259,258,217,218,
554,553,512,513,260,259,218,219,
555,554,513,514,261,260,219,220,
556,555,514,515,262,261,220,221,
557,556,515,516,263,262,221,222,
558,557,516,517,264,263,222,223,
559,558,517,518,265,264,223,224,
560,559,518,519,266,265,224,225,
561,560,519,520,267,266,225,226,
562,561,520,521,268,267,226,227,
563,562,521,522,269,268,227,228,
564,563,522,523,270,269,228,229,
565,564,523,524,271,270,229,230,
566,565,524,525,272,271,230,231,
567,566,525,526,273,272,231,232,
568,567,526,527,274,273,232,233,
569,568,527,528,275,274,233,234,
570,569,528,529,276,275,234,235,
571,570,529,530,277,276,235,236,
572,571,530,531,278,277,236,237,
573,572,531,532,279,278,237,238,
574,573,532,533,280,279,238,239,
575,574,533,534,281,280,239,240,
576,575,534,535,282,281,240,241,
577,576,535,536,283,282,241,242,
578,577,536,537,284,283,242,243,
579,578,537,538,285,284,243,244,
580,579,538,539,286,285,244,245,
581,580,539,540,287,286,245,246,
582,581,540,541,288,287,246,247,
583,582,541,542,289,288,247,248,
584,583,542,543,290,289,248,249,
585,584,543,544,291,290,249,250,
586,585,544,545,292,291,250,251,
587,586,545,546,293,292,251,252,
588,587,546,547,294,293,252,253,
802,801,760,761,508,507,466,467,
803,802,761,762,509,508,467,468,
804,803,762,763,510,509,468,469,
805,804,763,764,511,510,469,470,
806,805,764,765,512,511,470,471,
807,806,765,766,513,512,471,472,
808,807,766,767,514,513,472,473,
809,808,767,768,515,514,473,474,
810,809,768,769,516,515,474,475,
811,810,769,770,517,516,475,476,
812,811,770,771,518,517,476,477,
813,812,771,772,519,518,477,478,
814,813,772,773,520,519,478,479,
815,814,773,774,521,520,479,480,
816,815,774,775,522,521,480,481,
817,816,775,776,523,522,481,482,
818,817,776,777,524,523,482,483,
819,818,777,778,525,524,483,484,
820,819,778,779,526,525,484,485,
821,820,779,780,527,526,485,486,
822,821,780,781,528,527,486,487,
823,822,781,782,529,528,487,488,
824,823,782,783,530,529,488,489,
825,824,783,784,531,530,489,490,
826,825,784,785,532,531,490,491,
827,826,785,786,533,532,491,492,
828,827,786,787,534,533,492,493,
829,828,787,788,535,534,493,494,
830,829,788,789,536,535,494,495,
831,830,789,790,537,536,495,496,
832,831,790,791,538,537,496,497,
833,832,791,792,539,538,497,498,
834,833,792,793,540,539,498,499,
835,834,793,794,541,540,499,500,
836,835,794,795,542,541,500,501,
837,836,795,796,543,542,501,502,
838,837,796,797,544,543,502,503,
839,838,797,798,545,544,503,504,
840,839,798,799,546,545,504,505,
841,840,799,800,547,546,505,506,
843,842,801,802,549,548,507,508,
844,843,802,803,550,549,508,509,
845,844,803,804,551,550,509,510,
846,845,804,805,552,551,510,511,
847,846,805,806,553,552,511,512,
848,847,806,807,554,553,512,513,
849,848,807,808,555,554,513,514,
850,849,808,809,556,555,514,515,
851,850,809,810,557,556,515,516,
852,851,810,811,558,557,516,517,
853,852,811,812,559,558,517,518,
854,853,812,813,560,559,518,519,
855,854,813,814,561,560,519,520,
856,855,814,815,562,561,520,521,
857,856,815,816,563,562,521,522,
858,857,816,817,564,563,522,523,
859,858,817,818,565,564,523,524,
860,859,818,819,566,565,524,525,
861,860,819,820,567,566,525,526,
862,861,820,821,568,567,526,527,
863,862,821,822,569,568,527,528,
864,863,822,823,570,569,528,529,
865,864,823,824,571,570,529,530,
866,865,824,825,572,571,530,531,
867,866,825,826,573,572,531,532,
868,867,826,827,574,573,532,533,
869,868,827,828,575,574,533,534,
870,869,828,829,576,575,534,535,
871,870,829,830,577,576,535,536,
872,871,830,831,578,577,536,537,
873,872,831,832,579,578,537,538,
874,873,832,833,580,579,538,539,
875,874,833,834,581,580,539,540,
876,875,834,835,582,581,540,541,
877,876,835,836,583,582,541,542,
878,877,836,837,584,583,542,543,
879,878,837,838,585,584,543,544,
880,879,838,839,586,585,544,545,
881,880,839,840,587,586,545,546,
882,881,840,841,588,587,546,547,
1096,1095,1054,1055,802,801,760,761,
1097,1096,1055,1056,803,802,761,762,
1098,1097,1056,1057,804,803,762,763,
1099,1098,1057,1058,805,804,763,764,
1100,1099,1058,1059,806,805,764,765,
1101,1100,1059,1060,807,806,765,766,
1102,1101,1060,1061,808,807,766,767,
1103,1102,1061,1062,809,808,767,768,
1104,1103,1062,1063,810,809,768,769,
1105,1104,1063,1064,811,810,769,770,
1106,1105,1064,1065,812,811,770,771,
1107,1106,1065,1066,813,812,771,772,
1108,1107,1066,1067,814,813,772,773,
1109,1108,1067,1068,815,814,773,774,
1110,1109,1068,1069,816,815,774,775,
1111,1110,1069,1070,817,816,775,776,
1112,1111,1070,1071,818,817,776,777,
1113,1112,1071,1072,819,818,777,778,
1114,1113,1072,1073,820,819,778,779,
1115,1114,1073,1074,821,820,779,780,
1116,1115,1074,1075,822,821,780,781,
1117,1116,1075,1076,823,822,781,782,
1118,1117,1076,1077,824,823,782,783,
1119,1118,1077,1078,825,824,783,784,
1120,1119,1078,1079,826,825,784,785,
1121,1120,1079,1080,827,826,785,786,
1122,1121,1080,1081,828,827,786,787,
1123,1122,1081,1082,829,828,787,788,
1124,1123,1082,1083,830,829,788,789,
1125,1124,1083,1084,831,830,789,790,
1126,1125,1084,1085,832,831,790,791,
1127,1126,1085,1086,833,832,791,792,
1128,1127,1086,1087,834,833,792,793,
1129,1128,1087,1088,835,834,793,794,
1130,1129,1088,1089,836,835,794,795,
1131,1130,1089,1090,837,836,795,796,
1132,1131,1090,1091,838,837,796,797,
1133,1132,1091,1092,839,838,797,798,
1134,1133,1092,1093,840,839,798,799,
1135,1134,1093,1094,841,840,799,800,
1137,1136,1095,1096,843,842,801,802,
1138,1137,1096,1097,844,843,802,803,
1139,1138,1097,1098,845,844,803,804,
1140,1139,1098,1099,846,845,804,805,
1141,1140,1099,1100,847,846,805,806,
1142,1141,1100,1101,848,847,806,807,
1143,1142,1101,1102,849,848,807,808,
1144,1143,1102,1103,850,849,808,809,
1145,1144,1103,1104,851,850,809,810,
1146,1145,1104,1105,852,851,810,811,
1147,1146,1105,1106,853,852,811,812,
1148,1147,1106,1107,854,853,812,813,
1149,1148,1107,1108,855,854,813,814,
1150,1149,1108,1109,856,855,814,815,
1151,1150,1109,1110,857,856,815,816,
1152,1151,1110,1111,858,857,816,817,
1153,1152,1111,1112,859,858,817,818,
1154,1153,1112,1113,860,859,818,819,
1155,1154,1113,1114,861,860,819,820,
1156,1155,1114,1115,862,861,820,821,
1157,1156,1115,1116,863,862,821,822,
1158,1157,1116,1117,864,863,822,823,
1159,1158,1117,1118,865,864,823,824,
1160,1159,1118,1119,866,865,824,825,
1161,1160,1119,1120,867,866,825,826,
1162,1161,1120,1121,868,867,826,827,
1163,1162,1121,1122,869,868,827,828,
1164,1163,1122,1123,870,869,828,829,
1165,1164,1123,1124,871,870,829,830,
1166,1165,1124,1125,872,871,830,831,
1167,1166,1125,1126,873,872,831,832,
1168,1167,1126,1127,874,873,832,833,
1169,1168,1127,1128,875,874,833,834,
1170,1169,1128,1129,876,875,834,835,
1171,1170,1129,1130,877,876,835,836,
1172,1171,1130,1131,878,877,836,837,
1173,1172,1131,1132,879,878,837,838,
1174,1173,1132,1133,880,879,838,839,
1175,1174,1133,1134,881,880,839,840,
1176,1175,1134,1135,882,881,840,841,
1390,1389,1348,1349,1096,1095,1054,1055,
1391,1390,1349,1350,1097,1096,1055,1056,
1392,1391,1350,1351,1098,1097,1056,1057,
1393,1392,1351,1352,1099,1098,1057,1058,
1394,1393,1352,1353,1100,1099,1058,1059,
1395,1394,1353,1354,1101,1100,1059,1060,
1396,1395,1354,1355,1102,1101,1060,1061,
1397,1396,1355,1356,1103,1102,1061,1062,
1398,1397,1356,1357,1104,1103,1062,1063,
1399,1398,1357,1358,1105,1104,1063,1064,
1400,1399,1358,1359,1106,1105,1064,1065,
1401,1400,1359,1360,1107,1106,1065,1066,
1402,1401,1360,1361,1108,1107,1066,1067,
1403,1402,1361,1362,1109,1108,1067,1068,
1404,1403,1362,1363,1110,1109,1068,1069,
1405,1404,1363,1364,1111,1110,1069,1070,
1406,1405,1364,1365,1112,1111,1070,1071,
1407,1406,1365,1366,1113,1112,1071,1072,
1408,1407,1366,1367,1114,1113,1072,1073,
1409,1408,1367,1368,1115,1114,1073,1074,
1410,1409,1368,1369,1116,1115,1074,1075,
1411,1410,1369,1370,1117,1116,1075,1076,
1412,1411,1370,1371,1118,1117,1076,1077,
1413,1412,1371,1372,1119,1118,1077,1078,
1414,1413,1372,1373,1120,1119,1078,1079,
1415,1414,1373,1374,1121,1120,1079,1080,
1416,1415,1374,1375,1122,1121,1080,1081,
1417,1416,1375,1376,1123,1122,1081,1082,
1418,1417,1376,1377,1124,1123,1082,1083,
1419,1418,1377,1378,1125,1124,1083,1084,
1420,1419,1378,1379,1126,1125,1084,1085,
1421,1420,1379,1380,1127,1126,1085,1086,
1422,1421,1380,1381,1128,1127,1086,1087,
1423,1422,1381,1382,1129,1128,1087,1088,
1424,1423,1382,1383,1130,1129,1088,1089,
1425,1424,1383,1384,1131,1130,1089,1090,
1426,1425,1384,1385,1132,1131,1090,1091,
1427,1426,1385,1386,1133,1132,1091,1092,
1428,1427,1386,1387,1134,1133,1092,1093,
1429,1428,1387,1388,1135,1134,1093,1094,
1431,1430,1389,1390,1137,1136,1095,1096,
1432,1431,1390,1391,1138,1137,1096,1097,
1433,1432,1391,1392,1139,1138,1097,1098,
1434,1433,1392,1393,1140,1139,1098,1099,
1435,1434,1393,1394,1141,1140,1099,1100,
1436,1435,1394,1395,1142,1141,1100,1101,
1437,1436,1395,1396,1143,1142,1101,1102,
1438,1437,1396,1397,1144,1143,1102,1103,
1439,1438,1397,1398,1145,1144,1103,1104,
1440,1439,1398,1399,1146,1145,1104,1105,
1441,1440,1399,1400,1147,1146,1105,1106,
1442,1441,1400,1401,1148,1147,1106,1107,
1443,1442,1401,1402,1149,1148,1107,1108,
1444,1443,1402,1403,1150,1149,1108,1109,
1445,1444,1403,1404,1151,1150,1109,1110,
1446,1445,1404,1405,1152,1151,1110,1111,
1447,1446,1405,1406,1153,1152,1111,1112,
1448,1447,1406,1407,1154,1153,1112,1113,
1449,1448,1407,1408,1155,1154,1113,1114,
1450,1449,1408,1409,1156,1155,1114,1115,
1451,1450,1409,1410,1157,1156,1115,1116,
1452,1451,1410,1411,1158,1157,1116,1117,
1453,1452,1411,1412,1159,1158,1117,1118,
1454,1453,1412,1413,1160,1159,1118,1119,
1455,1454,1413,1414,1161,1160,1119,1120,
1456,1455,1414,1415,1162,1161,1120,1121,
1457,1456,1415,1416,1163,1162,1121,1122,
1458,1457,1416,1417,1164,1163,1122,1123,
1459,1458,1417,1418,1165,1164,1123,1124,
1460,1459,1418,1419,1166,1165,1124,1125,
1461,1460,1419,1420,1167,1166,1125,1126,
1462,1461,1420,1421,1168,1167,1126,1127,
1463,1462,1421,1422,1169,1168,1127,1128,
1464,1463,1422,1423,1170,1169,1128,1129,
1465,1464,1423,1424,1171,1170,1129,1130,
1466,1465,1424,1425,1172,1171,1130,1131,
1467,1466,1425,1426,1173,1172,1131,1132,
1468,1467,1426,1427,1174,1173,1132,1133,
1469,1468,1427,1428,1175,1174,1133,1134,
1470,1469,1428,1429,1176,1175,1134,1135,
1684,1683,1642,1643,1390,1389,1348,1349,
1685,1684,1643,1644,1391,1390,1349,1350,
1686,1685,1644,1645,1392,1391,1350,1351,
1687,1686,1645,1646,1393,1392,1351,1352,
1688,1687,1646,1647,1394,1393,1352,1353,
1689,1688,1647,1648,1395,1394,1353,1354,
1690,1689,1648,1649,1396,1395,1354,1355,
1691,1690,1649,1650,1397,1396,1355,1356,
1692,1691,1650,1651,1398,1397,1356,1357,
1693,1692,1651,1652,1399,1398,1357,1358,
1694,1693,1652,1653,1400,1399,1358,1359,
1695,1694,1653,1654,1401,1400,1359,1360,
1696,1695,1654,1655,1402,1401,1360,1361,
1697,1696,1655,1656,1403,1402,1361,1362,
1698,1697,1656,1657,1404,1403,1362,1363,
1699,1698,1657,1658,1405,1404,1363,1364,
1700,1699,1658,1659,1406,1405,1364,1365,
1701,1700,1659,1660,1407,1406,1365,1366,
1702,1701,1660,1661,1408,1407,1366,1367,
1703,1702,1661,1662,1409,1408,1367,1368,
1704,1703,1662,1663,1410,1409,1368,1369,
1705,1704,1663,1664,1411,1410,1369,1370,
1706,1705,1664,1665,1412,1411,1370,1371,
1707,1706,1665,1666,1413,1412,1371,1372,
1708,1707,1666,1667,1414,1413,1372,1373,
1709,1708,1667,1668,1415,1414,1373,1374,
1710,1709,1668,1669,1416,1415,1374,1375,
1711,1710,1669,1670,1417,1416,1375,1376,
1712,1711,1670,1671,1418,1417,1376,1377,
1713,1712,1671,1672,1419,1418,1377,1378,
1714,1713,1672,1673,1420,1419,1378,1379,
1715,1714,1673,1674,1421,1420,1379,1380,
1716,1715,1674,1675,1422,1421,1380,1381,
1717,1716,1675,1676,1423,1422,1381,1382,
1718,1717,1676,1677,1424,1423,1382,1383,
1719,1718,1677,1678,1425,1424,1383,1384,
1720,1719,1678,1679,1426,1425,1384,1385,
1721,1720,1679,1680,1427,1426,1385,1386,
1722,1721,1680,1681,1428,1427,1386,1387,
1723,1722,1681,1682,1429,1428,1387,1388,
1725,1724,1683,1684,1431,1430,1389,1390,
1726,1725,1684,1685,1432,1431,1390,1391,
1727,1726,1685,1686,1433,1432,1391,1392,
1728,1727,1686,1687,1434,1433,1392,1393,
1729,1728,1687,1688,1435,1434,1393,1394,
1730,1729,1688,1689,1436,1435,1394,1395,
1731,1730,1689,1690,1437,1436,1395,1396,
1732,1731,1690,1691,1438,1437,1396,1397,
1733,1732,1691,1692,1439,1438,1397,1398,
1734,1733,1692,1693,1440,1439,1398,1399,
1735,1734,1693,1694,1441,1440,1399,1400,
1736,1735,1694,1695,1442,1441,1400,1401,
1737,1736,1695,1696,1443,1442,1401,1402,
1738,1737,1696,1697,1444,1443,1402,1403,
1739,1738,1697,1698,1445,1444,1403,1404,
1740,1739,1698,1699,1446,1445,1404,1405,
1741,1740,1699,1700,1447,1446,1405,1406,
1742,1741,1700,1701,1448,1447,1406,1407,
1743,1742,1701,1702,1449,1448,1407,1408,
1744,1743,1702,1703,1450,1449,1408,1409,
1745,1744,1703,1704,1451,1450,1409,1410,
1746,1745,1704,1705,1452,1451,1410,1411,
1747,1746,1705,1706,1453,1452,1411,1412,
1748,1747,1706,1707,1454,1453,1412,1413,
1749,1748,1707,1708,1455,1454,1413,1414,
1750,1749,1708,1709,1456,1455,1414,1415,
1751,1750,1709,1710,1457,1456,1415,1416,
1752,1751,1710,1711,1458,1457,1416,1417,
1753,1752,1711,1712,1459,1458,1417,1418,
1754,1753,1712,1713,1460,1459,1418,1419,
1755,1754,1713,1714,1461,1460,1419,1420,
1756,1755,1714,1715,1462,1461,1420,1421,
1757,1756,1715,1716,1463,1462,1421,1422,
1758,1757,1716,1717,1464,1463,1422,1423,
1759,1758,1717,1718,1465,1464,1423,1424,
1760,1759,1718,1719,1466,1465,1424,1425,
1761,1760,1719,1720,1467,1466,1425,1426,
1762,1761,1720,1721,1468,1467,1426,1427,
1763,1762,1721,1722,1469,1468,1427,1428,
1764,1763,1722,1723,1470,1469,1428,1429,
-20.00000 ,10.00000 ,0.00000 ,
-15.00000 ,10.00000 ,0.00000 ,
-10.00000 ,10.00000 ,0.00000 ,
-5.00000 ,10.00000 ,0.00000 ,
0.00000 ,10.00000 ,0.00000 ,
5.00000 ,10.00000 ,0.00000 ,
10.00000 ,10.00000 ,0.00000 ,
15.00000 ,10.00000 ,0.00000 ,
20.00000 ,10.00000 ,0.00000 ,
-50.00000 ,18.00000 ,0.00000 ,
-45.00000 ,18.00000 ,0.00000 ,
-40.00000 ,18.00000 ,0.00000 ,
-35.00000 ,18.00000 ,0.00000 ,
-30.00000 ,18.00000 ,0.00000 ,
-25.00000 ,18.00000 ,0.00000 ,
-20.00000 ,18.00000 ,0.00000 ,
-15.00000 ,18.00000 ,0.00000 ,
-10.00000 ,18.00000 ,0.00000 ,
-5.00000 ,18.00000 ,0.00000 ,
0.00000 ,18.00000 ,0.00000 ,
5.00000 ,18.00000 ,0.00000 ,
10.00000 ,18.00000 ,0.00000 ,
15.00000 ,18.00000 ,0.00000 ,
20.00000 ,18.00000 ,0.00000 ,
-50.00000 ,22.00000 ,0.00000 ,
-45.00000 ,22.00000 ,0.00000 ,
-40.00000 ,22.00000 ,0.00000 ,
-35.00000 ,22.00000 ,0.00000 ,
-30.00000 ,22.00000 ,0.00000 ,
-25.00000 ,22.00000 ,0.00000 ,
-20.00000 ,22.00000 ,0.00000 ,
-15.00000 ,22.00000 ,0.00000 ,
-10.00000 ,22.00000 ,0.00000 ,
-5.00000 ,22.00000 ,0.00000 ,
0.00000 ,22.00000 ,0.00000 ,
5.00000 ,22.00000 ,0.00000 ,
10.00000 ,22.00000 ,0.00000 ,
15.00000 ,22.00000 ,0.00000 ,
20.00000 ,22.00000 ,0.00000 ,
-20.00000 ,30.00000 ,0.00000 ,
-15.00000 ,30.00000 ,0.00000 ,
-10.00000 ,30.00000 ,0.00000 ,
-5.00000 ,30.00000 ,0.00000 ,
0.00000 ,30.00000 ,0.00000 ,
5.00000 ,30.00000 ,0.00000 ,
10.00000 ,30.00000 ,0.00000 ,
15.00000 ,30.00000 ,0.00000 ,
20.00000 ,30.00000 ,0.00000 ,
-50.00000 ,0.00000 ,0.00000 ,
-47.50000 ,0.00000 ,0.00000 ,
-45.00000 ,0.00000 ,0.00000 ,
-42.50000 ,0.00000 ,0.00000 ,
-40.00000 ,0.00000 ,0.00000 ,
-37.50000 ,0.00000 ,0.00000 ,
-35.00000 ,0.00000 ,0.00000 ,
-32.50000 ,0.00000 ,0.00000 ,
-30.00000 ,0.00000 ,0.00000 ,
-27.50000 ,0.00000 ,0.00000 ,
-25.00000 ,0.00000 ,0.00000 ,
-22.50000 ,0.00000 ,0.00000 ,
-20.00000 ,0.00000 ,0.00000 ,
-17.50000 ,0.00000 ,0.00000 ,
-15.00000 ,0.00000 ,0.00000 ,
-12.50000 ,0.00000 ,0.00000 ,
-10.00000 ,0.00000 ,0.00000 ,
-7.50000 ,0.00000 ,0.00000 ,
-5.00000 ,0.00000 ,0.00000 ,
-2.50000 ,0.00000 ,0.00000 ,
0.00000 ,0.00000 ,0.00000 ,
2.50000 ,0.00000 ,0.00000 ,
5.00000 ,0.00000 ,0.00000 ,
7.50000 ,0.00000 ,0.00000 ,
10.00000 ,0.00000 ,0.00000 ,
12.50000 ,0.00000 ,0.00000 ,
15.00000 ,0.00000 ,0.00000 ,
17.50000 ,0.00000 ,0.00000 ,
20.00000 ,0.00000 ,0.00000 ,
22.50000 ,0.00000 ,0.00000 ,
25.00000 ,0.00000 ,0.00000 ,
27.50000 ,0.00000 ,0.00000 ,
30.00000 ,0.00000 ,0.00000 ,
32.50000 ,0.00000 ,0.00000 ,
35.00000 ,0.00000 ,0.00000 ,
37.50000 ,0.00000 ,0.00000 ,
40.00000 ,0.00000 ,0.00000 ,
42.50000 ,0.00000 ,0.00000 ,
45.00000 ,0.00000 ,0.00000 ,
47.50000 ,0.00000 ,0.00000 ,
50.00000 ,0.00000 ,0.00000 ,
-50.00000 ,5.00000 ,0.00000 ,
-47.50000 ,5.00000 ,0.00000 ,
-45.00000 ,5.00000 ,0.00000 ,
-42.50000 ,5.00000 ,0.00000 ,
-40.00000 ,5.00000 ,0.00000 ,
-37.50000 ,5.00000 ,0.00000 ,
-35.00000 ,5.00000 ,0.00000 ,
-32.50000 ,5.00000 ,0.00000 ,
-30.00000 ,5.00000 ,0.00000 ,
-27.50000 ,5.00000 ,0.00000 ,
-25.00000 ,5.00000 ,0.00000 ,
-22.50000 ,5.00000 ,0.00000 ,
-20.00000 ,5.00000 ,0.00000 ,
-17.50000 ,5.00000 ,0.00000 ,
-15.00000 ,5.00000 ,0.00000 ,
-12.50000 ,5.00000 ,0.00000 ,
-10.00000 ,5.00000 ,0.00000 ,
-7.50000 ,5.00000 ,0.00000 ,
-5.00000 ,5.00000 ,0.00000 ,
-2.50000 ,5.00000 ,0.00000 ,
0.00000 ,5.00000 ,0.00000 ,
2.50000 ,5.00000 ,0.00000 ,
5.00000 ,5.00000 ,0.00000 ,
7.50000 ,5.00000 ,0.00000 ,
10.00000 ,5.00000 ,0.00000 ,
12.50000 ,5.00000 ,0.00000 ,
15.00000 ,5.00000 ,0.00000 ,
17.50000 ,5.00000 ,0.00000 ,
20.00000 ,5.00000 ,0.00000 ,
22.50000 ,5.00000 ,0.00000 ,
25.00000 ,5.00000 ,0.00000 ,
27.50000 ,5.00000 ,0.00000 ,
30.00000 ,5.00000 ,0.00000 ,
32.50000 ,5.00000 ,0.00000 ,
35.00000 ,5.00000 ,0.00000 ,
37.50000 ,5.00000 ,0.00000 ,
40.00000 ,5.00000 ,0.00000 ,
42.50000 ,5.00000 ,0.00000 ,
45.00000 ,5.00000 ,0.00000 ,
47.50000 ,5.00000 ,0.00000 ,
50.00000 ,5.00000 ,0.00000 ,
-50.00000 ,10.00000 ,0.00000 ,
-47.50000 ,10.00000 ,0.00000 ,
-45.00000 ,10.00000 ,0.00000 ,
-42.50000 ,10.00000 ,0.00000 ,
-40.00000 ,10.00000 ,0.00000 ,
-37.50000 ,10.00000 ,0.00000 ,
-35.00000 ,10.00000 ,0.00000 ,
-32.50000 ,10.00000 ,0.00000 ,
-30.00000 ,10.00000 ,0.00000 ,
-27.50000 ,10.00000 ,0.00000 ,
-25.00000 ,10.00000 ,0.00000 ,
-22.50000 ,10.00000 ,0.00000 ,
-20.00000 ,10.00000 ,0.00000 ,
-17.50000 ,10.00000 ,0.00000 ,
-15.00000 ,10.00000 ,0.00000 ,
-12.50000 ,10.00000 ,0.00000 ,
-10.00000 ,10.00000 ,0.00000 ,
-7.50000 ,10.00000 ,0.00000 ,
-5.00000 ,10.00000 ,0.00000 ,
-2.50000 ,10.00000 ,0.00000 ,
0.00000 ,10.00000 ,0.00000 ,
2.50000 ,10.00000 ,0.00000 ,
5.00000 ,10.00000 ,0.00000 ,
7.50000 ,10.00000 ,0.00000 ,
10.00000 ,10.00000 ,0.00000 ,
12.50000 ,10.00000 ,0.00000 ,
15.00000 ,10.00000 ,0.00000 ,
17.50000 ,10.00000 ,0.00000 ,
20.00000 ,10.00000 ,0.00000 ,
22.50000 ,10.00000 ,0.00000 ,
25.00000 ,10.00000 ,0.00000 ,
27.50000 ,10.00000 ,0.00000 ,
30.00000 ,10.00000 ,0.00000 ,
32.50000 ,10.00000 ,0.00000 ,
35.00000 ,10.00000 ,0.00000 ,
37.50000 ,10.00000 ,0.00000 ,
40.00000 ,10.00000 ,0.00000 ,
42.50000 ,10.00000 ,0.00000 ,
45.00000 ,10.00000 ,0.00000 ,
47.50000 ,10.00000 ,0.00000 ,
50.00000 ,10.00000 ,0.00000 ,
-50.00000 ,30.00000 ,0.00000 ,
-47.50000 ,30.00000 ,0.00000 ,
-45.00000 ,30.00000 ,0.00000 ,
-42.50000 ,30.00000 ,0.00000 ,
-40.00000 ,30.00000 ,0.00000 ,
-37.50000 ,30.00000 ,0.00000 ,
-35.00000 ,30.00000 ,0.00000 ,
-32.50000 ,30.00000 ,0.00000 ,
-30.00000 ,30.00000 ,0.00000 ,
-27.50000 ,30.00000 ,0.00000 ,
-25.00000 ,30.00000 ,0.00000 ,
-22.50000 ,30.00000 ,0.00000 ,
-20.00000 ,30.00000 ,0.00000 ,
-17.50000 ,30.00000 ,0.00000 ,
-15.00000 ,30.00000 ,0.00000 ,
-12.50000 ,30.00000 ,0.00000 ,
-10.00000 ,30.00000 ,0.00000 ,
-7.50000 ,30.00000 ,0.00000 ,
-5.00000 ,30.00000 ,0.00000 ,
-2.50000 ,30.00000 ,0.00000 ,
0.00000 ,30.00000 ,0.00000 ,
2.50000 ,30.00000 ,0.00000 ,
5.00000 ,30.00000 ,0.00000 ,
7.50000 ,30.00000 ,0.00000 ,
10.00000 ,30.00000 ,0.00000 ,
12.50000 ,30.00000 ,0.00000 ,
15.00000 ,30.00000 ,0.00000 ,
17.50000 ,30.00000 ,0.00000 ,
20.00000 ,30.00000 ,0.00000 ,
22.50000 ,30.00000 ,0.00000 ,
25.00000 ,30.00000 ,0.00000 ,
27.50000 ,30.00000 ,0.00000 ,
30.00000 ,30.00000 ,0.00000 ,
32.50000 ,30.00000 ,0.00000 ,
35.00000 ,30.00000 ,0.00000 ,
37.50000 ,30.00000 ,0.00000 ,
40.00000 ,30.00000 ,0.00000 ,
42.50000 ,30.00000 ,0.00000 ,
45.00000 ,30.00000 ,0.00000 ,
47.50000 ,30.00000 ,0.00000 ,
50.00000 ,30.00000 ,0.00000 ,
-50.00000 ,35.00000 ,0.00000 ,
-47.50000 ,35.00000 ,0.00000 ,
-45.00000 ,35.00000 ,0.00000 ,
-42.50000 ,35.00000 ,0.00000 ,
-40.00000 ,35.00000 ,0.00000 ,
-37.50000 ,35.00000 ,0.00000 ,
-35.00000 ,35.00000 ,0.00000 ,
-32.50000 ,35.00000 ,0.00000 ,
-30.00000 ,35.00000 ,0.00000 ,
-27.50000 ,35.00000 ,0.00000 ,
-25.00000 ,35.00000 ,0.00000 ,
-22.50000 ,35.00000 ,0.00000 ,
-20.00000 ,35.00000 ,0.00000 ,
-17.50000 ,35.00000 ,0.00000 ,
-15.00000 ,35.00000 ,0.00000 ,
-12.50000 ,35.00000 ,0.00000 ,
-10.00000 ,35.00000 ,0.00000 ,
-7.50000 ,35.00000 ,0.00000 ,
-5.00000 ,35.00000 ,0.00000 ,
-2.50000 ,35.00000 ,0.00000 ,
0.00000 ,35.00000 ,0.00000 ,
2.50000 ,35.00000 ,0.00000 ,
5.00000 ,35.00000 ,0.00000 ,
7.50000 ,35.00000 ,0.00000 ,
10.00000 ,35.00000 ,0.00000 ,
12.50000 ,35.00000 ,0.00000 ,
15.00000 ,35.00000 ,0.00000 ,
17.50000 ,35.00000 ,0.00000 ,
20.00000 ,35.00000 ,0.00000 ,
22.50000 ,35.00000 ,0.00000 ,
25.00000 ,35.00000 ,0.00000 ,
27.50000 ,35.00000 ,0.00000 ,
30.00000 ,35.00000 ,0.00000 ,
32.50000 ,35.00000 ,0.00000 ,
35.00000 ,35.00000 ,0.00000 ,
37.50000 ,35.00000 ,0.00000 ,
40.00000 ,35.00000 ,0.00000 ,
42.50000 ,35.00000 ,0.00000 ,
45.00000 ,35.00000 ,0.00000 ,
47.50000 ,35.00000 ,0.00000 ,
50.00000 ,35.00000 ,0.00000 ,
-50.00000 ,40.00000 ,0.00000 ,
-47.50000 ,40.00000 ,0.00000 ,
-45.00000 ,40.00000 ,0.00000 ,
-42.50000 ,40.00000 ,0.00000 ,
-40.00000 ,40.00000 ,0.00000 ,
-37.50000 ,40.00000 ,0.00000 ,
-35.00000 ,40.00000 ,0.00000 ,
-32.50000 ,40.00000 ,0.00000 ,
-30.00000 ,40.00000 ,0.00000 ,
-27.50000 ,40.00000 ,0.00000 ,
-25.00000 ,40.00000 ,0.00000 ,
-22.50000 ,40.00000 ,0.00000 ,
-20.00000 ,40.00000 ,0.00000 ,
-17.50000 ,40.00000 ,0.00000 ,
-15.00000 ,40.00000 ,0.00000 ,
-12.50000 ,40.00000 ,0.00000 ,
-10.00000 ,40.00000 ,0.00000 ,
-7.50000 ,40.00000 ,0.00000 ,
-5.00000 ,40.00000 ,0.00000 ,
-2.50000 ,40.00000 ,0.00000 ,
0.00000 ,40.00000 ,0.00000 ,
2.50000 ,40.00000 ,0.00000 ,
5.00000 ,40.00000 ,0.00000 ,
7.50000 ,40.00000 ,0.00000 ,
10.00000 ,40.00000 ,0.00000 ,
12.50000 ,40.00000 ,0.00000 ,
15.00000 ,40.00000 ,0.00000 ,
17.50000 ,40.00000 ,0.00000 ,
20.00000 ,40.00000 ,0.00000 ,
22.50000 ,40.00000 ,0.00000 ,
25.00000 ,40.00000 ,0.00000 ,
27.50000 ,40.00000 ,0.00000 ,
30.00000 ,40.00000 ,0.00000 ,
32.50000 ,40.00000 ,0.00000 ,
35.00000 ,40.00000 ,0.00000 ,
37.50000 ,40.00000 ,0.00000 ,
40.00000 ,40.00000 ,0.00000 ,
42.50000 ,40.00000 ,0.00000 ,
45.00000 ,40.00000 ,0.00000 ,
47.50000 ,40.00000 ,0.00000 ,
50.00000 ,40.00000 ,0.00000 ,
-20.00000 ,10.00000 ,4.00000 ,
-15.00000 ,10.00000 ,4.00000 ,
-10.00000 ,10.00000 ,4.00000 ,
-5.00000 ,10.00000 ,4.00000 ,
0.00000 ,10.00000 ,4.00000 ,
5.00000 ,10.00000 ,4.00000 ,
10.00000 ,10.00000 ,4.00000 ,
15.00000 ,10.00000 ,4.00000 ,
20.00000 ,10.00000 ,4.00000 ,
-50.00000 ,18.00000 ,4.00000 ,
-45.00000 ,18.00000 ,4.00000 ,
-40.00000 ,18.00000 ,4.00000 ,
-35.00000 ,18.00000 ,4.00000 ,
-30.00000 ,18.00000 ,4.00000 ,
-25.00000 ,18.00000 ,4.00000 ,
-20.00000 ,18.00000 ,4.00000 ,
-15.00000 ,18.00000 ,4.00000 ,
-10.00000 ,18.00000 ,4.00000 ,
-5.00000 ,18.00000 ,4.00000 ,
0.00000 ,18.00000 ,4.00000 ,
5.00000 ,18.00000 ,4.00000 ,
10.00000 ,18.00000 ,4.00000 ,
15.00000 ,18.00000 ,4.00000 ,
20.00000 ,18.00000 ,4.00000 ,
-50.00000 ,22.00000 ,4.00000 ,
-45.00000 ,22.00000 ,4.00000 ,
-40.00000 ,22.00000 ,4.00000 ,
-35.00000 ,22.00000 ,4.00000 ,
-30.00000 ,22.00000 ,4.00000 ,
-25.00000 ,22.00000 ,4.00000 ,
-20.00000 ,22.00000 ,4.00000 ,
-15.00000 ,22.00000 ,4.00000 ,
-10.00000 ,22.00000 ,4.00000 ,
-5.00000 ,22.00000 ,4.00000 ,
0.00000 ,22.00000 ,4.00000 ,
5.00000 ,22.00000 ,4.00000 ,
10.00000 ,22.00000 ,4.00000 ,
15.00000 ,22.00000 ,4.00000 ,
20.00000 ,22.00000 ,4.00000 ,
-20.00000 ,30.00000 ,4.00000 ,
-15.00000 ,30.00000 ,4.00000 ,
-10.00000 ,30.00000 ,4.00000 ,
-5.00000 ,30.00000 ,4.00000 ,
0.00000 ,30.00000 ,4.00000 ,
5.00000 ,30.00000 ,4.00000 ,
10.00000 ,30.00000 ,4.00000 ,
15.00000 ,30.00000 ,4.00000 ,
20.00000 ,30.00000 ,4.00000 ,
-50.00000 ,0.00000 ,4.00000 ,
-47.50000 ,0.00000 ,4.00000 ,
-45.00000 ,0.00000 ,4.00000 ,
-42.50000 ,0.00000 ,4.00000 ,
-40.00000 ,0.00000 ,4.00000 ,
-37.50000 ,0.00000 ,4.00000 ,
-35.00000 ,0.00000 ,4.00000 ,
-32.50000 ,0.00000 ,4.00000 ,
-30.00000 ,0.00000 ,4.00000 ,
-27.50000 ,0.00000 ,4.00000 ,
-25.00000 ,0.00000 ,4.00000 ,
-22.50000 ,0.00000 ,4.00000 ,
-20.00000 ,0.00000 ,4.00000 ,
-17.50000 ,0.00000 ,4.00000 ,
-15.00000 ,0.00000 ,4.00000 ,
-12.50000 ,0.00000 ,4.00000 ,
-10.00000 ,0.00000 ,4.00000 ,
-7.50000 ,0.00000 ,4.00000 ,
-5.00000 ,0.00000 ,4.00000 ,
-2.50000 ,0.00000 ,4.00000 ,
0.00000 ,0.00000 ,4.00000 ,
2.50000 ,0.00000 ,4.00000 ,
5.00000 ,0.00000 ,4.00000 ,
7.50000 ,0.00000 ,4.00000 ,
10.00000 ,0.00000 ,4.00000 ,
12.50000 ,0.00000 ,4.00000 ,
15.00000 ,0.00000 ,4.00000 ,
17.50000 ,0.00000 ,4.00000 ,
20.00000 ,0.00000 ,4.00000 ,
22.50000 ,0.00000 ,4.00000 ,
25.00000 ,0.00000 ,4.00000 ,
27.50000 ,0.00000 ,4.00000 ,
30.00000 ,0.00000 ,4.00000 ,
32.50000 ,0.00000 ,4.00000 ,
35.00000 ,0.00000 ,4.00000 ,
37.50000 ,0.00000 ,4.00000 ,
40.00000 ,0.00000 ,4.00000 ,
42.50000 ,0.00000 ,4.00000 ,
45.00000 ,0.00000 ,4.00000 ,
47.50000 ,0.00000 ,4.00000 ,
50.00000 ,0.00000 ,4.00000 ,
-50.00000 ,5.00000 ,4.00000 ,
-47.50000 ,5.00000 ,4.00000 ,
-45.00000 ,5.00000 ,4.00000 ,
-42.50000 ,5.00000 ,4.00000 ,
-40.00000 ,5.00000 ,4.00000 ,
-37.50000 ,5.00000 ,4.00000 ,
-35.00000 ,5.00000 ,4.00000 ,
-32.50000 ,5.00000 ,4.00000 ,
-30.00000 ,5.00000 ,4.00000 ,
-27.50000 ,5.00000 ,4.00000 ,
-25.00000 ,5.00000 ,4.00000 ,
-22.50000 ,5.00000 ,4.00000 ,
-20.00000 ,5.00000 ,4.00000 ,
-17.50000 ,5.00000 ,4.00000 ,
-15.00000 ,5.00000 ,4.00000 ,
-12.50000 ,5.00000 ,4.00000 ,
-10.00000 ,5.00000 ,4.00000 ,
-7.50000 ,5.00000 ,4.00000 ,
-5.00000 ,5.00000 ,4.00000 ,
-2.50000 ,5.00000 ,4.00000 ,
0.00000 ,5.00000 ,4.00000 ,
2.50000 ,5.00000 ,4.00000 ,
5.00000 ,5.00000 ,4.00000 ,
7.50000 ,5.00000 ,4.00000 ,
10.00000 ,5.00000 ,4.00000 ,
12.50000 ,5.00000 ,4.00000 ,
15.00000 ,5.00000 ,4.00000 ,
17.50000 ,5.00000 ,4.00000 ,
20.00000 ,5.00000 ,4.00000 ,
22.50000 ,5.00000 ,4.00000 ,
25.00000 ,5.00000 ,4.00000 ,
27.50000 ,5.00000 ,4.00000 ,
30.00000 ,5.00000 ,4.00000 ,
32.50000 ,5.00000 ,4.00000 ,
35.00000 ,5.00000 ,4.00000 ,
37.50000 ,5.00000 ,4.00000 ,
40.00000 ,5.00000 ,4.00000 ,
42.50000 ,5.00000 ,4.00000 ,
45.00000 ,5.00000 ,4.00000 ,
47.50000 ,5.00000 ,4.00000 ,
50.00000 ,5.00000 ,4.00000 ,
-50.00000 ,10.00000 ,4.00000 ,
-47.50000 ,10.00000 ,4.00000 ,
-45.00000 ,10.00000 ,4.00000 ,
-42.50000 ,10.00000 ,4.00000 ,
-40.00000 ,10.00000 ,4.00000 ,
-37.50000 ,10.00000 ,4.00000 ,
-35.00000 ,10.00000 ,4.00000 ,
-32.50000 ,10.00000 ,4.00000 ,
-30.00000 ,10.00000 ,4.00000 ,
-27.50000 ,10.00000 ,4.00000 ,
-25.00000 ,10.00000 ,4.00000 ,
-22.50000 ,10.00000 ,4.00000 ,
-20.00000 ,10.00000 ,4.00000 ,
-17.50000 ,10.00000 ,4.00000 ,
-15.00000 ,10.00000 ,4.00000 ,
-12.50000 ,10.00000 ,4.00000 ,
-10.00000 ,10.00000 ,4.00000 ,
-7.50000 ,10.00000 ,4.00000 ,
-5.00000 ,10.00000 ,4.00000 ,
-2.50000 ,10.00000 ,4.00000 ,
0.00000 ,10.00000 ,4.00000 ,
2.50000 ,10.00000 ,4.00000 ,
5.00000 ,10.00000 ,4.00000 ,
7.50000 ,10.00000 ,4.00000 ,
10.00000 ,10.00000 ,4.00000 ,
12.50000 ,10.00000 ,4.00000 ,
15.00000 ,10.00000 ,4.00000 ,
17.50000 ,10.00000 ,4.00000 ,
20.00000 ,10.00000 ,4.00000 ,
22.50000 ,10.00000 ,4.00000 ,
25.00000 ,10.00000 ,4.00000 ,
27.50000 ,10.00000 ,4.00000 ,
30.00000 ,10.00000 ,4.00000 ,
32.50000 ,10.00000 ,4.00000 ,
35.00000 ,10.00000 ,4.00000 ,
37.50000 ,10.00000 ,4.00000 ,
40.00000 ,10.00000 ,4.00000 ,
42.50000 ,10.00000 ,4.00000 ,
45.00000 ,10.00000 ,4.00000 ,
47.50000 ,10.00000 ,4.00000 ,
50.00000 ,10.00000 ,4.00000 ,
-50.00000 ,30.00000 ,4.00000 ,
-47.50000 ,30.00000 ,4.00000 ,
-45.00000 ,30.00000 ,4.00000 ,
-42.50000 ,30.00000 ,4.00000 ,
-40.00000 ,30.00000 ,4.00000 ,
-37.50000 ,30.00000 ,4.00000 ,
-35.00000 ,30.00000 ,4.00000 ,
-32.50000 ,30.00000 ,4.00000 ,
-30.00000 ,30.00000 ,4.00000 ,
-27.50000 ,30.00000 ,4.00000 ,
-25.00000 ,30.00000 ,4.00000 ,
-22.50000 ,30.00000 ,4.00000 ,
-20.00000 ,30.00000 ,4.00000 ,
-17.50000 ,30.00000 ,4.00000 ,
-15.00000 ,30.00000 ,4.00000 ,
-12.50000 ,30.00000 ,4.00000 ,
-10.00000 ,30.00000 ,4.00000 ,
-7.50000 ,30.00000 ,4.00000 ,
-5.00000 ,30.00000 ,4.00000 ,
-2.50000 ,30.00000 ,4.00000 ,
0.00000 ,30.00000 ,4.00000 ,
2.50000 ,30.00000 ,4.00000 ,
5.00000 ,30.00000 ,4.00000 ,
7.50000 ,30.00000 ,4.00000 ,
10.00000 ,30.00000 ,4.00000 ,
12.50000 ,30.00000 ,4.00000 ,
15.00000 ,30.00000 ,4.00000 ,
17.50000 ,30.00000 ,4.00000 ,
20.00000 ,30.00000 ,4.00000 ,
22.50000 ,30.00000 ,4.00000 ,
25.00000 ,30.00000 ,4.00000 ,
27.50000 ,30.00000 ,4.00000 ,
30.00000 ,30.00000 ,4.00000 ,
32.50000 ,30.00000 ,4.00000 ,
35.00000 ,30.00000 ,4.00000 ,
37.50000 ,30.00000 ,4.00000 ,
40.00000 ,30.00000 ,4.00000 ,
42.50000 ,30.00000 ,4.00000 ,
45.00000 ,30.00000 ,4.00000 ,
47.50000 ,30.00000 ,4.00000 ,
50.00000 ,30.00000 ,4.00000 ,
-50.00000 ,35.00000 ,4.00000 ,
-47.50000 ,35.00000 ,4.00000 ,
-45.00000 ,35.00000 ,4.00000 ,
-42.50000 ,35.00000 ,4.00000 ,
-40.00000 ,35.00000 ,4.00000 ,
-37.50000 ,35.00000 ,4.00000 ,
-35.00000 ,35.00000 ,4.00000 ,
-32.50000 ,35.00000 ,4.00000 ,
-30.00000 ,35.00000 ,4.00000 ,
-27.50000 ,35.00000 ,4.00000 ,
-25.00000 ,35.00000 ,4.00000 ,
-22.50000 ,35.00000 ,4.00000 ,
-20.00000 ,35.00000 ,4.00000 ,
-17.50000 ,35.00000 ,4.00000 ,
-15.00000 ,35.00000 ,4.00000 ,
-12.50000 ,35.00000 ,4.00000 ,
-10.00000 ,35.00000 ,4.00000 ,
-7.50000 ,35.00000 ,4.00000 ,
-5.00000 ,35.00000 ,4.00000 ,
-2.50000 ,35.00000 ,4.00000 ,
0.00000 ,35.00000 ,4.00000 ,
2.50000 ,35.00000 ,4.00000 ,
5.00000 ,35.00000 ,4.00000 ,
7.50000 ,35.00000 ,4.00000 ,
10.00000 ,35.00000 ,4.00000 ,
12.50000 ,35.00000 ,4.00000 ,
15.00000 ,35.00000 ,4.00000 ,
17.50000 ,35.00000 ,4.00000 ,
20.00000 ,35.00000 ,4.00000 ,
22.50000 ,35.00000 ,4.00000 ,
25.00000 ,35.00000 ,4.00000 ,
27.50000 ,35.00000 ,4.00000 ,
30.00000 ,35.00000 ,4.00000 ,
32.50000 ,35.00000 ,4.00000 ,
35.00000 ,35.00000 ,4.00000 ,
37.50000 ,35.00000 ,4.00000 ,
40.00000 ,35.00000 ,4.00000 ,
42.50000 ,35.00000 ,4.00000 ,
45.00000 ,35.00000 ,4.00000 ,
47.50000 ,35.00000 ,4.00000 ,
50.00000 ,35.00000 ,4.00000 ,
-50.00000 ,40.00000 ,4.00000 ,
-47.50000 ,40.00000 ,4.00000 ,
-45.00000 ,40.00000 ,4.00000 ,
-42.50000 ,40.00000 ,4.00000 ,
-40.00000 ,40.00000 ,4.00000 ,
-37.50000 ,40.00000 ,4.00000 ,
-35.00000 ,40.00000 ,4.00000 ,
-32.50000 ,40.00000 ,4.00000 ,
-30.00000 ,40.00000 ,4.00000 ,
-27.50000 ,40.00000 ,4.00000 ,
-25.00000 ,40.00000 ,4.00000 ,
-22.50000 ,40.00000 ,4.00000 ,
-20.00000 ,40.00000 ,4.00000 ,
-17.50000 ,40.00000 ,4.00000 ,
-15.00000 ,40.00000 ,4.00000 ,
-12.50000 ,40.00000 ,4.00000 ,
-10.00000 ,40.00000 ,4.00000 ,
-7.50000 ,40.00000 ,4.00000 ,
-5.00000 ,40.00000 ,4.00000 ,
-2.50000 ,40.00000 ,4.00000 ,
0.00000 ,40.00000 ,4.00000 ,
2.50000 ,40.00000 ,4.00000 ,
5.00000 ,40.00000 ,4.00000 ,
7.50000 ,40.00000 ,4.00000 ,
10.00000 ,40.00000 ,4.00000 ,
12.50000 ,40.00000 ,4.00000 ,
15.00000 ,40.00000 ,4.00000 ,
17.50000 ,40.00000 ,4.00000 ,
20.00000 ,40.00000 ,4.00000 ,
22.50000 ,40.00000 ,4.00000 ,
25.00000 ,40.00000 ,4.00000 ,
27.50000 ,40.00000 ,4.00000 ,
30.00000 ,40.00000 ,4.00000 ,
32.50000 ,40.00000 ,4.00000 ,
35.00000 ,40.00000 ,4.00000 ,
37.50000 ,40.00000 ,4.00000 ,
40.00000 ,40.00000 ,4.00000 ,
42.50000 ,40.00000 ,4.00000 ,
45.00000 ,40.00000 ,4.00000 ,
47.50000 ,40.00000 ,4.00000 ,
50.00000 ,40.00000 ,4.00000 ,
-20.00000 ,10.00000 ,8.00000 ,
-15.00000 ,10.00000 ,8.00000 ,
-10.00000 ,10.00000 ,8.00000 ,
-5.00000 ,10.00000 ,8.00000 ,
0.00000 ,10.00000 ,8.00000 ,
5.00000 ,10.00000 ,8.00000 ,
10.00000 ,10.00000 ,8.00000 ,
15.00000 ,10.00000 ,8.00000 ,
20.00000 ,10.00000 ,8.00000 ,
-50.00000 ,18.00000 ,8.00000 ,
-45.00000 ,18.00000 ,8.00000 ,
-40.00000 ,18.00000 ,8.00000 ,
-35.00000 ,18.00000 ,8.00000 ,
-30.00000 ,18.00000 ,8.00000 ,
-25.00000 ,18.00000 ,8.00000 ,
-20.00000 ,18.00000 ,8.00000 ,
-15.00000 ,18.00000 ,8.00000 ,
-10.00000 ,18.00000 ,8.00000 ,
-5.00000 ,18.00000 ,8.00000 ,
0.00000 ,18.00000 ,8.00000 ,
5.00000 ,18.00000 ,8.00000 ,
10.00000 ,18.00000 ,8.00000 ,
15.00000 ,18.00000 ,8.00000 ,
20.00000 ,18.00000 ,8.00000 ,
-50.00000 ,22.00000 ,8.00000 ,
-45.00000 ,22.00000 ,8.00000 ,
-40.00000 ,22.00000 ,8.00000 ,
-35.00000 ,22.00000 ,8.00000 ,
-30.00000 ,22.00000 ,8.00000 ,
-25.00000 ,22.00000 ,8.00000 ,
-20.00000 ,22.00000 ,8.00000 ,
-15.00000 ,22.00000 ,8.00000 ,
-10.00000 ,22.00000 ,8.00000 ,
-5.00000 ,22.00000 ,8.00000 ,
0.00000 ,22.00000 ,8.00000 ,
5.00000 ,22.00000 ,8.00000 ,
10.00000 ,22.00000 ,8.00000 ,
15.00000 ,22.00000 ,8.00000 ,
20.00000 ,22.00000 ,8.00000 ,
-20.00000 ,30.00000 ,8.00000 ,
-15.00000 ,30.00000 ,8.00000 ,
-10.00000 ,30.00000 ,8.00000 ,
-5.00000 ,30.00000 ,8.00000 ,
0.00000 ,30.00000 ,8.00000 ,
5.00000 ,30.00000 ,8.00000 ,
10.00000 ,30.00000 ,8.00000 ,
15.00000 ,30.00000 ,8.00000 ,
20.00000 ,30.00000 ,8.00000 ,
-50.00000 ,0.00000 ,8.00000 ,
-47.50000 ,0.00000 ,8.00000 ,
-45.00000 ,0.00000 ,8.00000 ,
-42.50000 ,0.00000 ,8.00000 ,
-40.00000 ,0.00000 ,8.00000 ,
-37.50000 ,0.00000 ,8.00000 ,
-35.00000 ,0.00000 ,8.00000 ,
-32.50000 ,0.00000 ,8.00000 ,
-30.00000 ,0.00000 ,8.00000 ,
-27.50000 ,0.00000 ,8.00000 ,
-25.00000 ,0.00000 ,8.00000 ,
-22.50000 ,0.00000 ,8.00000 ,
-20.00000 ,0.00000 ,8.00000 ,
-17.50000 ,0.00000 ,8.00000 ,
-15.00000 ,0.00000 ,8.00000 ,
-12.50000 ,0.00000 ,8.00000 ,
-10.00000 ,0.00000 ,8.00000 ,
-7.50000 ,0.00000 ,8.00000 ,
-5.00000 ,0.00000 ,8.00000 ,
-2.50000 ,0.00000 ,8.00000 ,
0.00000 ,0.00000 ,8.00000 ,
2.50000 ,0.00000 ,8.00000 ,
5.00000 ,0.00000 ,8.00000 ,
7.50000 ,0.00000 ,8.00000 ,
10.00000 ,0.00000 ,8.00000 ,
12.50000 ,0.00000 ,8.00000 ,
15.00000 ,0.00000 ,8.00000 ,
17.50000 ,0.00000 ,8.00000 ,
20.00000 ,0.00000 ,8.00000 ,
22.50000 ,0.00000 ,8.00000 ,
25.00000 ,0.00000 ,8.00000 ,
27.50000 ,0.00000 ,8.00000 ,
30.00000 ,0.00000 ,8.00000 ,
32.50000 ,0.00000 ,8.00000 ,
35.00000 ,0.00000 ,8.00000 ,
37.50000 ,0.00000 ,8.00000 ,
40.00000 ,0.00000 ,8.00000 ,
42.50000 ,0.00000 ,8.00000 ,
45.00000 ,0.00000 ,8.00000 ,
47.50000 ,0.00000 ,8.00000 ,
50.00000 ,0.00000 ,8.00000 ,
-50.00000 ,5.00000 ,8.00000 ,
-47.50000 ,5.00000 ,8.00000 ,
-45.00000 ,5.00000 ,8.00000 ,
-42.50000 ,5.00000 ,8.00000 ,
-40.00000 ,5.00000 ,8.00000 ,
-37.50000 ,5.00000 ,8.00000 ,
-35.00000 ,5.00000 ,8.00000 ,
-32.50000 ,5.00000 ,8.00000 ,
-30.00000 ,5.00000 ,8.00000 ,
-27.50000 ,5.00000 ,8.00000 ,
-25.00000 ,5.00000 ,8.00000 ,
-22.50000 ,5.00000 ,8.00000 ,
-20.00000 ,5.00000 ,8.00000 ,
-17.50000 ,5.00000 ,8.00000 ,
-15.00000 ,5.00000 ,8.00000 ,
-12.50000 ,5.00000 ,8.00000 ,
-10.00000 ,5.00000 ,8.00000 ,
-7.50000 ,5.00000 ,8.00000 ,
-5.00000 ,5.00000 ,8.00000 ,
-2.50000 ,5.00000 ,8.00000 ,
0.00000 ,5.00000 ,8.00000 ,
2.50000 ,5.00000 ,8.00000 ,
5.00000 ,5.00000 ,8.00000 ,
7.50000 ,5.00000 ,8.00000 ,
10.00000 ,5.00000 ,8.00000 ,
12.50000 ,5.00000 ,8.00000 ,
15.00000 ,5.00000 ,8.00000 ,
17.50000 ,5.00000 ,8.00000 ,
20.00000 ,5.00000 ,8.00000 ,
22.50000 ,5.00000 ,8.00000 ,
25.00000 ,5.00000 ,8.00000 ,
27.50000 ,5.00000 ,8.00000 ,
30.00000 ,5.00000 ,8.00000 ,
32.50000 ,5.00000 ,8.00000 ,
35.00000 ,5.00000 ,8.00000 ,
37.50000 ,5.00000 ,8.00000 ,
40.00000 ,5.00000 ,8.00000 ,
42.50000 ,5.00000 ,8.00000 ,
45.00000 ,5.00000 ,8.00000 ,
47.50000 ,5.00000 ,8.00000 ,
50.00000 ,5.00000 ,8.00000 ,
-50.00000 ,10.00000 ,8.00000 ,
-47.50000 ,10.00000 ,8.00000 ,
-45.00000 ,10.00000 ,8.00000 ,
-42.50000 ,10.00000 ,8.00000 ,
-40.00000 ,10.00000 ,8.00000 ,
-37.50000 ,10.00000 ,8.00000 ,
-35.00000 ,10.00000 ,8.00000 ,
-32.50000 ,10.00000 ,8.00000 ,
-30.00000 ,10.00000 ,8.00000 ,
-27.50000 ,10.00000 ,8.00000 ,
-25.00000 ,10.00000 ,8.00000 ,
-22.50000 ,10.00000 ,8.00000 ,
-20.00000 ,10.00000 ,8.00000 ,
-17.50000 ,10.00000 ,8.00000 ,
-15.00000 ,10.00000 ,8.00000 ,
-12.50000 ,10.00000 ,8.00000 ,
-10.00000 ,10.00000 ,8.00000 ,
-7.50000 ,10.00000 ,8.00000 ,
-5.00000 ,10.00000 ,8.00000 ,
-2.50000 ,10.00000 ,8.00000 ,
0.00000 ,10.00000 ,8.00000 ,
2.50000 ,10.00000 ,8.00000 ,
5.00000 ,10.00000 ,8.00000 ,
7.50000 ,10.00000 ,8.00000 ,
10.00000 ,10.00000 ,8.00000 ,
12.50000 ,10.00000 ,8.00000 ,
15.00000 ,10.00000 ,8.00000 ,
17.50000 ,10.00000 ,8.00000 ,
20.00000 ,10.00000 ,8.00000 ,
22.50000 ,10.00000 ,8.00000 ,
25.00000 ,10.00000 ,8.00000 ,
27.50000 ,10.00000 ,8.00000 ,
30.00000 ,10.00000 ,8.00000 ,
32.50000 ,10.00000 ,8.00000 ,
35.00000 ,10.00000 ,8.00000 ,
37.50000 ,10.00000 ,8.00000 ,
40.00000 ,10.00000 ,8.00000 ,
42.50000 ,10.00000 ,8.00000 ,
45.00000 ,10.00000 ,8.00000 ,
47.50000 ,10.00000 ,8.00000 ,
50.00000 ,10.00000 ,8.00000 ,
-50.00000 ,30.00000 ,8.00000 ,
-47.50000 ,30.00000 ,8.00000 ,
-45.00000 ,30.00000 ,8.00000 ,
-42.50000 ,30.00000 ,8.00000 ,
-40.00000 ,30.00000 ,8.00000 ,
-37.50000 ,30.00000 ,8.00000 ,
-35.00000 ,30.00000 ,8.00000 ,
-32.50000 ,30.00000 ,8.00000 ,
-30.00000 ,30.00000 ,8.00000 ,
-27.50000 ,30.00000 ,8.00000 ,
-25.00000 ,30.00000 ,8.00000 ,
-22.50000 ,30.00000 ,8.00000 ,
-20.00000 ,30.00000 ,8.00000 ,
-17.50000 ,30.00000 ,8.00000 ,
-15.00000 ,30.00000 ,8.00000 ,
-12.50000 ,30.00000 ,8.00000 ,
-10.00000 ,30.00000 ,8.00000 ,
-7.50000 ,30.00000 ,8.00000 ,
-5.00000 ,30.00000 ,8.00000 ,
-2.50000 ,30.00000 ,8.00000 ,
0.00000 ,30.00000 ,8.00000 ,
2.50000 ,30.00000 ,8.00000 ,
5.00000 ,30.00000 ,8.00000 ,
7.50000 ,30.00000 ,8.00000 ,
10.00000 ,30.00000 ,8.00000 ,
12.50000 ,30.00000 ,8.00000 ,
15.00000 ,30.00000 ,8.00000 ,
17.50000 ,30.00000 ,8.00000 ,
20.00000 ,30.00000 ,8.00000 ,
22.50000 ,30.00000 ,8.00000 ,
25.00000 ,30.00000 ,8.00000 ,
27.50000 ,30.00000 ,8.00000 ,
30.00000 ,30.00000 ,8.00000 ,
32.50000 ,30.00000 ,8.00000 ,
35.00000 ,30.00000 ,8.00000 ,
37.50000 ,30.00000 ,8.00000 ,
40.00000 ,30.00000 ,8.00000 ,
42.50000 ,30.00000 ,8.00000 ,
45.00000 ,30.00000 ,8.00000 ,
47.50000 ,30.00000 ,8.00000 ,
50.00000 ,30.00000 ,8.00000 ,
-50.00000 ,35.00000 ,8.00000 ,
-47.50000 ,35.00000 ,8.00000 ,
-45.00000 ,35.00000 ,8.00000 ,
-42.50000 ,35.00000 ,8.00000 ,
-40.00000 ,35.00000 ,8.00000 ,
-37.50000 ,35.00000 ,8.00000 ,
-35.00000 ,35.00000 ,8.00000 ,
-32.50000 ,35.00000 ,8.00000 ,
-30.00000 ,35.00000 ,8.00000 ,
-27.50000 ,35.00000 ,8.00000 ,
-25.00000 ,35.00000 ,8.00000 ,
-22.50000 ,35.00000 ,8.00000 ,
-20.00000 ,35.00000 ,8.00000 ,
-17.50000 ,35.00000 ,8.00000 ,
-15.00000 ,35.00000 ,8.00000 ,
-12.50000 ,35.00000 ,8.00000 ,
-10.00000 ,35.00000 ,8.00000 ,
-7.50000 ,35.00000 ,8.00000 ,
-5.00000 ,35.00000 ,8.00000 ,
-2.50000 ,35.00000 ,8.00000 ,
0.00000 ,35.00000 ,8.00000 ,
2.50000 ,35.00000 ,8.00000 ,
5.00000 ,35.00000 ,8.00000 ,
7.50000 ,35.00000 ,8.00000 ,
10.00000 ,35.00000 ,8.00000 ,
12.50000 ,35.00000 ,8.00000 ,
15.00000 ,35.00000 ,8.00000 ,
17.50000 ,35.00000 ,8.00000 ,
20.00000 ,35.00000 ,8.00000 ,
22.50000 ,35.00000 ,8.00000 ,
25.00000 ,35.00000 ,8.00000 ,
27.50000 ,35.00000 ,8.00000 ,
30.00000 ,35.00000 ,8.00000 ,
32.50000 ,35.00000 ,8.00000 ,
35.00000 ,35.00000 ,8.00000 ,
37.50000 ,35.00000 ,8.00000 ,
40.00000 ,35.00000 ,8.00000 ,
42.50000 ,35.00000 ,8.00000 ,
45.00000 ,35.00000 ,8.00000 ,
47.50000 ,35.00000 ,8.00000 ,
50.00000 ,35.00000 ,8.00000 ,
-50.00000 ,40.00000 ,8.00000 ,
-47.50000 ,40.00000 ,8.00000 ,
-45.00000 ,40.00000 ,8.00000 ,
-42.50000 ,40.00000 ,8.00000 ,
-40.00000 ,40.00000 ,8.00000 ,
-37.50000 ,40.00000 ,8.00000 ,
-35.00000 ,40.00000 ,8.00000 ,
-32.50000 ,40.00000 ,8.00000 ,
-30.00000 ,40.00000 ,8.00000 ,
-27.50000 ,40.00000 ,8.00000 ,
-25.00000 ,40.00000 ,8.00000 ,
-22.50000 ,40.00000 ,8.00000 ,
-20.00000 ,40.00000 ,8.00000 ,
-17.50000 ,40.00000 ,8.00000 ,
-15.00000 ,40.00000 ,8.00000 ,
-12.50000 ,40.00000 ,8.00000 ,
-10.00000 ,40.00000 ,8.00000 ,
-7.50000 ,40.00000 ,8.00000 ,
-5.00000 ,40.00000 ,8.00000 ,
-2.50000 ,40.00000 ,8.00000 ,
0.00000 ,40.00000 ,8.00000 ,
2.50000 ,40.00000 ,8.00000 ,
5.00000 ,40.00000 ,8.00000 ,
7.50000 ,40.00000 ,8.00000 ,
10.00000 ,40.00000 ,8.00000 ,
12.50000 ,40.00000 ,8.00000 ,
15.00000 ,40.00000 ,8.00000 ,
17.50000 ,40.00000 ,8.00000 ,
20.00000 ,40.00000 ,8.00000 ,
22.50000 ,40.00000 ,8.00000 ,
25.00000 ,40.00000 ,8.00000 ,
27.50000 ,40.00000 ,8.00000 ,
30.00000 ,40.00000 ,8.00000 ,
32.50000 ,40.00000 ,8.00000 ,
35.00000 ,40.00000 ,8.00000 ,
37.50000 ,40.00000 ,8.00000 ,
40.00000 ,40.00000 ,8.00000 ,
42.50000 ,40.00000 ,8.00000 ,
45.00000 ,40.00000 ,8.00000 ,
47.50000 ,40.00000 ,8.00000 ,
50.00000 ,40.00000 ,8.00000 ,
-20.00000 ,10.00000 ,12.00000 ,
-15.00000 ,10.00000 ,12.00000 ,
-10.00000 ,10.00000 ,12.00000 ,
-5.00000 ,10.00000 ,12.00000 ,
0.00000 ,10.00000 ,12.00000 ,
5.00000 ,10.00000 ,12.00000 ,
10.00000 ,10.00000 ,12.00000 ,
15.00000 ,10.00000 ,12.00000 ,
20.00000 ,10.00000 ,12.00000 ,
-50.00000 ,18.00000 ,12.00000 ,
-45.00000 ,18.00000 ,12.00000 ,
-40.00000 ,18.00000 ,12.00000 ,
-35.00000 ,18.00000 ,12.00000 ,
-30.00000 ,18.00000 ,12.00000 ,
-25.00000 ,18.00000 ,12.00000 ,
-20.00000 ,18.00000 ,12.00000 ,
-15.00000 ,18.00000 ,12.00000 ,
-10.00000 ,18.00000 ,12.00000 ,
-5.00000 ,18.00000 ,12.00000 ,
0.00000 ,18.00000 ,12.00000 ,
5.00000 ,18.00000 ,12.00000 ,
10.00000 ,18.00000 ,12.00000 ,
15.00000 ,18.00000 ,12.00000 ,
20.00000 ,18.00000 ,12.00000 ,
-50.00000 ,22.00000 ,12.00000 ,
-45.00000 ,22.00000 ,12.00000 ,
-40.00000 ,22.00000 ,12.00000 ,
-35.00000 ,22.00000 ,12.00000 ,
-30.00000 ,22.00000 ,12.00000 ,
-25.00000 ,22.00000 ,12.00000 ,
-20.00000 ,22.00000 ,12.00000 ,
-15.00000 ,22.00000 ,12.00000 ,
-10.00000 ,22.00000 ,12.00000 ,
-5.00000 ,22.00000 ,12.00000 ,
0.00000 ,22.00000 ,12.00000 ,
5.00000 ,22.00000 ,12.00000 ,
10.00000 ,22.00000 ,12.00000 ,
15.00000 ,22.00000 ,12.00000 ,
20.00000 ,22.00000 ,12.00000 ,
-20.00000 ,30.00000 ,12.00000 ,
-15.00000 ,30.00000 ,12.00000 ,
-10.00000 ,30.00000 ,12.00000 ,
-5.00000 ,30.00000 ,12.00000 ,
0.00000 ,30.00000 ,12.00000 ,
5.00000 ,30.00000 ,12.00000 ,
10.00000 ,30.00000 ,12.00000 ,
15.00000 ,30.00000 ,12.00000 ,
20.00000 ,30.00000 ,12.00000 ,
-50.00000 ,0.00000 ,12.00000 ,
-47.50000 ,0.00000 ,12.00000 ,
-45.00000 ,0.00000 ,12.00000 ,
-42.50000 ,0.00000 ,12.00000 ,
-40.00000 ,0.00000 ,12.00000 ,
-37.50000 ,0.00000 ,12.00000 ,
-35.00000 ,0.00000 ,12.00000 ,
-32.50000 ,0.00000 ,12.00000 ,
-30.00000 ,0.00000 ,12.00000 ,
-27.50000 ,0.00000 ,12.00000 ,
-25.00000 ,0.00000 ,12.00000 ,
-22.50000 ,0.00000 ,12.00000 ,
-20.00000 ,0.00000 ,12.00000 ,
-17.50000 ,0.00000 ,12.00000 ,
-15.00000 ,0.00000 ,12.00000 ,
-12.50000 ,0.00000 ,12.00000 ,
-10.00000 ,0.00000 ,12.00000 ,
-7.50000 ,0.00000 ,12.00000 ,
-5.00000 ,0.00000 ,12.00000 ,
-2.50000 ,0.00000 ,12.00000 ,
0.00000 ,0.00000 ,12.00000 ,
2.50000 ,0.00000 ,12.00000 ,
5.00000 ,0.00000 ,12.00000 ,
7.50000 ,0.00000 ,12.00000 ,
10.00000 ,0.00000 ,12.00000 ,
12.50000 ,0.00000 ,12.00000 ,
15.00000 ,0.00000 ,12.00000 ,
17.50000 ,0.00000 ,12.00000 ,
20.00000 ,0.00000 ,12.00000 ,
22.50000 ,0.00000 ,12.00000 ,
25.00000 ,0.00000 ,12.00000 ,
27.50000 ,0.00000 ,12.00000 ,
30.00000 ,0.00000 ,12.00000 ,
32.50000 ,0.00000 ,12.00000 ,
35.00000 ,0.00000 ,12.00000 ,
37.50000 ,0.00000 ,12.00000 ,
40.00000 ,0.00000 ,12.00000 ,
42.50000 ,0.00000 ,12.00000 ,
45.00000 ,0.00000 ,12.00000 ,
47.50000 ,0.00000 ,12.00000 ,
50.00000 ,0.00000 ,12.00000 ,
-50.00000 ,5.00000 ,12.00000 ,
-47.50000 ,5.00000 ,12.00000 ,
-45.00000 ,5.00000 ,12.00000 ,
-42.50000 ,5.00000 ,12.00000 ,
-40.00000 ,5.00000 ,12.00000 ,
-37.50000 ,5.00000 ,12.00000 ,
-35.00000 ,5.00000 ,12.00000 ,
-32.50000 ,5.00000 ,12.00000 ,
-30.00000 ,5.00000 ,12.00000 ,
-27.50000 ,5.00000 ,12.00000 ,
-25.00000 ,5.00000 ,12.00000 ,
-22.50000 ,5.00000 ,12.00000 ,
-20.00000 ,5.00000 ,12.00000 ,
-17.50000 ,5.00000 ,12.00000 ,
-15.00000 ,5.00000 ,12.00000 ,
-12.50000 ,5.00000 ,12.00000 ,
-10.00000 ,5.00000 ,12.00000 ,
-7.50000 ,5.00000 ,12.00000 ,
-5.00000 ,5.00000 ,12.00000 ,
-2.50000 ,5.00000 ,12.00000 ,
0.00000 ,5.00000 ,12.00000 ,
2.50000 ,5.00000 ,12.00000 ,
5.00000 ,5.00000 ,12.00000 ,
7.50000 ,5.00000 ,12.00000 ,
10.00000 ,5.00000 ,12.00000 ,
12.50000 ,5.00000 ,12.00000 ,
15.00000 ,5.00000 ,12.00000 ,
17.50000 ,5.00000 ,12.00000 ,
20.00000 ,5.00000 ,12.00000 ,
22.50000 ,5.00000 ,12.00000 ,
25.00000 ,5.00000 ,12.00000 ,
27.50000 ,5.00000 ,12.00000 ,
30.00000 ,5.00000 ,12.00000 ,
32.50000 ,5.00000 ,12.00000 ,
35.00000 ,5.00000 ,12.00000 ,
37.50000 ,5.00000 ,12.00000 ,
40.00000 ,5.00000 ,12.00000 ,
42.50000 ,5.00000 ,12.00000 ,
45.00000 ,5.00000 ,12.00000 ,
47.50000 ,5.00000 ,12.00000 ,
50.00000 ,5.00000 ,12.00000 ,
-50.00000 ,10.00000 ,12.00000 ,
-47.50000 ,10.00000 ,12.00000 ,
-45.00000 ,10.00000 ,12.00000 ,
-42.50000 ,10.00000 ,12.00000 ,
-40.00000 ,10.00000 ,12.00000 ,
-37.50000 ,10.00000 ,12.00000 ,
-35.00000 ,10.00000 ,12.00000 ,
-32.50000 ,10.00000 ,12.00000 ,
-30.00000 ,10.00000 ,12.00000 ,
-27.50000 ,10.00000 ,12.00000 ,
-25.00000 ,10.00000 ,12.00000 ,
-22.50000 ,10.00000 ,12.00000 ,
-20.00000 ,10.00000 ,12.00000 ,
-17.50000 ,10.00000 ,12.00000 ,
-15.00000 ,10.00000 ,12.00000 ,
-12.50000 ,10.00000 ,12.00000 ,
-10.00000 ,10.00000 ,12.00000 ,
-7.50000 ,10.00000 ,12.00000 ,
-5.00000 ,10.00000 ,12.00000 ,
-2.50000 ,10.00000 ,12.00000 ,
0.00000 ,10.00000 ,12.00000 ,
2.50000 ,10.00000 ,12.00000 ,
5.00000 ,10.00000 ,12.00000 ,
7.50000 ,10.00000 ,12.00000 ,
10.00000 ,10.00000 ,12.00000 ,
12.50000 ,10.00000 ,12.00000 ,
15.00000 ,10.00000 ,12.00000 ,
17.50000 ,10.00000 ,12.00000 ,
20.00000 ,10.00000 ,12.00000 ,
22.50000 ,10.00000 ,12.00000 ,
25.00000 ,10.00000 ,12.00000 ,
27.50000 ,10.00000 ,12.00000 ,
30.00000 ,10.00000 ,12.00000 ,
32.50000 ,10.00000 ,12.00000 ,
35.00000 ,10.00000 ,12.00000 ,
37.50000 ,10.00000 ,12.00000 ,
40.00000 ,10.00000 ,12.00000 ,
42.50000 ,10.00000 ,12.00000 ,
45.00000 ,10.00000 ,12.00000 ,
47.50000 ,10.00000 ,12.00000 ,
50.00000 ,10.00000 ,12.00000 ,
-50.00000 ,30.00000 ,12.00000 ,
-47.50000 ,30.00000 ,12.00000 ,
-45.00000 ,30.00000 ,12.00000 ,
-42.50000 ,30.00000 ,12.00000 ,
-40.00000 ,30.00000 ,12.00000 ,
-37.50000 ,30.00000 ,12.00000 ,
-35.00000 ,30.00000 ,12.00000 ,
-32.50000 ,30.00000 ,12.00000 ,
-30.00000 ,30.00000 ,12.00000 ,
-27.50000 ,30.00000 ,12.00000 ,
-25.00000 ,30.00000 ,12.00000 ,
-22.50000 ,30.00000 ,12.00000 ,
-20.00000 ,30.00000 ,12.00000 ,
-17.50000 ,30.00000 ,12.00000 ,
-15.00000 ,30.00000 ,12.00000 ,
-12.50000 ,30.00000 ,12.00000 ,
-10.00000 ,30.00000 ,12.00000 ,
-7.50000 ,30.00000 ,12.00000 ,
-5.00000 ,30.00000 ,12.00000 ,
-2.50000 ,30.00000 ,12.00000 ,
0.00000 ,30.00000 ,12.00000 ,
2.50000 ,30.00000 ,12.00000 ,
5.00000 ,30.00000 ,12.00000 ,
7.50000 ,30.00000 ,12.00000 ,
10.00000 ,30.00000 ,12.00000 ,
12.50000 ,30.00000 ,12.00000 ,
15.00000 ,30.00000 ,12.00000 ,
17.50000 ,30.00000 ,12.00000 ,
20.00000 ,30.00000 ,12.00000 ,
22.50000 ,30.00000 ,12.00000 ,
25.00000 ,30.00000 ,12.00000 ,
27.50000 ,30.00000 ,12.00000 ,
30.00000 ,30.00000 ,12.00000 ,
32.50000 ,30.00000 ,12.00000 ,
35.00000 ,30.00000 ,12.00000 ,
37.50000 ,30.00000 ,12.00000 ,
40.00000 ,30.00000 ,12.00000 ,
42.50000 ,30.00000 ,12.00000 ,
45.00000 ,30.00000 ,12.00000 ,
47.50000 ,30.00000 ,12.00000 ,
50.00000 ,30.00000 ,12.00000 ,
-50.00000 ,35.00000 ,12.00000 ,
-47.50000 ,35.00000 ,12.00000 ,
-45.00000 ,35.00000 ,12.00000 ,
-42.50000 ,35.00000 ,12.00000 ,
-40.00000 ,35.00000 ,12.00000 ,
-37.50000 ,35.00000 ,12.00000 ,
-35.00000 ,35.00000 ,12.00000 ,
-32.50000 ,35.00000 ,12.00000 ,
-30.00000 ,35.00000 ,12.00000 ,
-27.50000 ,35.00000 ,12.00000 ,
-25.00000 ,35.00000 ,12.00000 ,
-22.50000 ,35.00000 ,12.00000 ,
-20.00000 ,35.00000 ,12.00000 ,
-17.50000 ,35.00000 ,12.00000 ,
-15.00000 ,35.00000 ,12.00000 ,
-12.50000 ,35.00000 ,12.00000 ,
-10.00000 ,35.00000 ,12.00000 ,
-7.50000 ,35.00000 ,12.00000 ,
-5.00000 ,35.00000 ,12.00000 ,
-2.50000 ,35.00000 ,12.00000 ,
0.00000 ,35.00000 ,12.00000 ,
2.50000 ,35.00000 ,12.00000 ,
5.00000 ,35.00000 ,12.00000 ,
7.50000 ,35.00000 ,12.00000 ,
10.00000 ,35.00000 ,12.00000 ,
12.50000 ,35.00000 ,12.00000 ,
15.00000 ,35.00000 ,12.00000 ,
17.50000 ,35.00000 ,12.00000 ,
20.00000 ,35.00000 ,12.00000 ,
22.50000 ,35.00000 ,12.00000 ,
25.00000 ,35.00000 ,12.00000 ,
27.50000 ,35.00000 ,12.00000 ,
30.00000 ,35.00000 ,12.00000 ,
32.50000 ,35.00000 ,12.00000 ,
35.00000 ,35.00000 ,12.00000 ,
37.50000 ,35.00000 ,12.00000 ,
40.00000 ,35.00000 ,12.00000 ,
42.50000 ,35.00000 ,12.00000 ,
45.00000 ,35.00000 ,12.00000 ,
47.50000 ,35.00000 ,12.00000 ,
50.00000 ,35.00000 ,12.00000 ,
-50.00000 ,40.00000 ,12.00000 ,
-47.50000 ,40.00000 ,12.00000 ,
-45.00000 ,40.00000 ,12.00000 ,
-42.50000 ,40.00000 ,12.00000 ,
-40.00000 ,40.00000 ,12.00000 ,
-37.50000 ,40.00000 ,12.00000 ,
-35.00000 ,40.00000 ,12.00000 ,
-32.50000 ,40.00000 ,12.00000 ,
-30.00000 ,40.00000 ,12.00000 ,
-27.50000 ,40.00000 ,12.00000 ,
-25.00000 ,40.00000 ,12.00000 ,
-22.50000 ,40.00000 ,12.00000 ,
-20.00000 ,40.00000 ,12.00000 ,
-17.50000 ,40.00000 ,12.00000 ,
-15.00000 ,40.00000 ,12.00000 ,
-12.50000 ,40.00000 ,12.00000 ,
-10.00000 ,40.00000 ,12.00000 ,
-7.50000 ,40.00000 ,12.00000 ,
-5.00000 ,40.00000 ,12.00000 ,
-2.50000 ,40.00000 ,12.00000 ,
0.00000 ,40.00000 ,12.00000 ,
2.50000 ,40.00000 ,12.00000 ,
5.00000 ,40.00000 ,12.00000 ,
7.50000 ,40.00000 ,12.00000 ,
10.00000 ,40.00000 ,12.00000 ,
12.50000 ,40.00000 ,12.00000 ,
15.00000 ,40.00000 ,12.00000 ,
17.50000 ,40.00000 ,12.00000 ,
20.00000 ,40.00000 ,12.00000 ,
22.50000 ,40.00000 ,12.00000 ,
25.00000 ,40.00000 ,12.00000 ,
27.50000 ,40.00000 ,12.00000 ,
30.00000 ,40.00000 ,12.00000 ,
32.50000 ,40.00000 ,12.00000 ,
35.00000 ,40.00000 ,12.00000 ,
37.50000 ,40.00000 ,12.00000 ,
40.00000 ,40.00000 ,12.00000 ,
42.50000 ,40.00000 ,12.00000 ,
45.00000 ,40.00000 ,12.00000 ,
47.50000 ,40.00000 ,12.00000 ,
50.00000 ,40.00000 ,12.00000 ,
-20.00000 ,10.00000 ,16.00000 ,
-15.00000 ,10.00000 ,16.00000 ,
-10.00000 ,10.00000 ,16.00000 ,
-5.00000 ,10.00000 ,16.00000 ,
0.00000 ,10.00000 ,16.00000 ,
5.00000 ,10.00000 ,16.00000 ,
10.00000 ,10.00000 ,16.00000 ,
15.00000 ,10.00000 ,16.00000 ,
20.00000 ,10.00000 ,16.00000 ,
-50.00000 ,18.00000 ,16.00000 ,
-45.00000 ,18.00000 ,16.00000 ,
-40.00000 ,18.00000 ,16.00000 ,
-35.00000 ,18.00000 ,16.00000 ,
-30.00000 ,18.00000 ,16.00000 ,
-25.00000 ,18.00000 ,16.00000 ,
-20.00000 ,18.00000 ,16.00000 ,
-15.00000 ,18.00000 ,16.00000 ,
-10.00000 ,18.00000 ,16.00000 ,
-5.00000 ,18.00000 ,16.00000 ,
0.00000 ,18.00000 ,16.00000 ,
5.00000 ,18.00000 ,16.00000 ,
10.00000 ,18.00000 ,16.00000 ,
15.00000 ,18.00000 ,16.00000 ,
20.00000 ,18.00000 ,16.00000 ,
-50.00000 ,22.00000 ,16.00000 ,
-45.00000 ,22.00000 ,16.00000 ,
-40.00000 ,22.00000 ,16.00000 ,
-35.00000 ,22.00000 ,16.00000 ,
-30.00000 ,22.00000 ,16.00000 ,
-25.00000 ,22.00000 ,16.00000 ,
-20.00000 ,22.00000 ,16.00000 ,
-15.00000 ,22.00000 ,16.00000 ,
-10.00000 ,22.00000 ,16.00000 ,
-5.00000 ,22.00000 ,16.00000 ,
0.00000 ,22.00000 ,16.00000 ,
5.00000 ,22.00000 ,16.00000 ,
10.00000 ,22.00000 ,16.00000 ,
15.00000 ,22.00000 ,16.00000 ,
20.00000 ,22.00000 ,16.00000 ,
-20.00000 ,30.00000 ,16.00000 ,
-15.00000 ,30.00000 ,16.00000 ,
-10.00000 ,30.00000 ,16.00000 ,
-5.00000 ,30.00000 ,16.00000 ,
0.00000 ,30.00000 ,16.00000 ,
5.00000 ,30.00000 ,16.00000 ,
10.00000 ,30.00000 ,16.00000 ,
15.00000 ,30.00000 ,16.00000 ,
20.00000 ,30.00000 ,16.00000 ,
-50.00000 ,0.00000 ,16.00000 ,
-47.50000 ,0.00000 ,16.00000 ,
-45.00000 ,0.00000 ,16.00000 ,
-42.50000 ,0.00000 ,16.00000 ,
-40.00000 ,0.00000 ,16.00000 ,
-37.50000 ,0.00000 ,16.00000 ,
-35.00000 ,0.00000 ,16.00000 ,
-32.50000 ,0.00000 ,16.00000 ,
-30.00000 ,0.00000 ,16.00000 ,
-27.50000 ,0.00000 ,16.00000 ,
-25.00000 ,0.00000 ,16.00000 ,
-22.50000 ,0.00000 ,16.00000 ,
-20.00000 ,0.00000 ,16.00000 ,
-17.50000 ,0.00000 ,16.00000 ,
-15.00000 ,0.00000 ,16.00000 ,
-12.50000 ,0.00000 ,16.00000 ,
-10.00000 ,0.00000 ,16.00000 ,
-7.50000 ,0.00000 ,16.00000 ,
-5.00000 ,0.00000 ,16.00000 ,
-2.50000 ,0.00000 ,16.00000 ,
0.00000 ,0.00000 ,16.00000 ,
2.50000 ,0.00000 ,16.00000 ,
5.00000 ,0.00000 ,16.00000 ,
7.50000 ,0.00000 ,16.00000 ,
10.00000 ,0.00000 ,16.00000 ,
12.50000 ,0.00000 ,16.00000 ,
15.00000 ,0.00000 ,16.00000 ,
17.50000 ,0.00000 ,16.00000 ,
20.00000 ,0.00000 ,16.00000 ,
22.50000 ,0.00000 ,16.00000 ,
25.00000 ,0.00000 ,16.00000 ,
27.50000 ,0.00000 ,16.00000 ,
30.00000 ,0.00000 ,16.00000 ,
32.50000 ,0.00000 ,16.00000 ,
35.00000 ,0.00000 ,16.00000 ,
37.50000 ,0.00000 ,16.00000 ,
40.00000 ,0.00000 ,16.00000 ,
42.50000 ,0.00000 ,16.00000 ,
45.00000 ,0.00000 ,16.00000 ,
47.50000 ,0.00000 ,16.00000 ,
50.00000 ,0.00000 ,16.00000 ,
-50.00000 ,5.00000 ,16.00000 ,
-47.50000 ,5.00000 ,16.00000 ,
-45.00000 ,5.00000 ,16.00000 ,
-42.50000 ,5.00000 ,16.00000 ,
-40.00000 ,5.00000 ,16.00000 ,
-37.50000 ,5.00000 ,16.00000 ,
-35.00000 ,5.00000 ,16.00000 ,
-32.50000 ,5.00000 ,16.00000 ,
-30.00000 ,5.00000 ,16.00000 ,
-27.50000 ,5.00000 ,16.00000 ,
-25.00000 ,5.00000 ,16.00000 ,
-22.50000 ,5.00000 ,16.00000 ,
-20.00000 ,5.00000 ,16.00000 ,
-17.50000 ,5.00000 ,16.00000 ,
-15.00000 ,5.00000 ,16.00000 ,
-12.50000 ,5.00000 ,16.00000 ,
-10.00000 ,5.00000 ,16.00000 ,
-7.50000 ,5.00000 ,16.00000 ,
-5.00000 ,5.00000 ,16.00000 ,
-2.50000 ,5.00000 ,16.00000 ,
0.00000 ,5.00000 ,16.00000 ,
2.50000 ,5.00000 ,16.00000 ,
5.00000 ,5.00000 ,16.00000 ,
7.50000 ,5.00000 ,16.00000 ,
10.00000 ,5.00000 ,16.00000 ,
12.50000 ,5.00000 ,16.00000 ,
15.00000 ,5.00000 ,16.00000 ,
17.50000 ,5.00000 ,16.00000 ,
20.00000 ,5.00000 ,16.00000 ,
22.50000 ,5.00000 ,16.00000 ,
25.00000 ,5.00000 ,16.00000 ,
27.50000 ,5.00000 ,16.00000 ,
30.00000 ,5.00000 ,16.00000 ,
32.50000 ,5.00000 ,16.00000 ,
35.00000 ,5.00000 ,16.00000 ,
37.50000 ,5.00000 ,16.00000 ,
40.00000 ,5.00000 ,16.00000 ,
42.50000 ,5.00000 ,16.00000 ,
45.00000 ,5.00000 ,16.00000 ,
47.50000 ,5.00000 ,16.00000 ,
50.00000 ,5.00000 ,16.00000 ,
-50.00000 ,10.00000 ,16.00000 ,
-47.50000 ,10.00000 ,16.00000 ,
-45.00000 ,10.00000 ,16.00000 ,
-42.50000 ,10.00000 ,16.00000 ,
-40.00000 ,10.00000 ,16.00000 ,
-37.50000 ,10.00000 ,16.00000 ,
-35.00000 ,10.00000 ,16.00000 ,
-32.50000 ,10.00000 ,16.00000 ,
-30.00000 ,10.00000 ,16.00000 ,
-27.50000 ,10.00000 ,16.00000 ,
-25.00000 ,10.00000 ,16.00000 ,
-22.50000 ,10.00000 ,16.00000 ,
-20.00000 ,10.00000 ,16.00000 ,
-17.50000 ,10.00000 ,16.00000 ,
-15.00000 ,10.00000 ,16.00000 ,
-12.50000 ,10.00000 ,16.00000 ,
-10.00000 ,10.00000 ,16.00000 ,
-7.50000 ,10.00000 ,16.00000 ,
-5.00000 ,10.00000 ,16.00000 ,
-2.50000 ,10.00000 ,16.00000 ,
0.00000 ,10.00000 ,16.00000 ,
2.50000 ,10.00000 ,16.00000 ,
5.00000 ,10.00000 ,16.00000 ,
7.50000 ,10.00000 ,16.00000 ,
10.00000 ,10.00000 ,16.00000 ,
12.50000 ,10.00000 ,16.00000 ,
15.00000 ,10.00000 ,16.00000 ,
17.50000 ,10.00000 ,16.00000 ,
20.00000 ,10.00000 ,16.00000 ,
22.50000 ,10.00000 ,16.00000 ,
25.00000 ,10.00000 ,16.00000 ,
27.50000 ,10.00000 ,16.00000 ,
30.00000 ,10.00000 ,16.00000 ,
32.50000 ,10.00000 ,16.00000 ,
35.00000 ,10.00000 ,16.00000 ,
37.50000 ,10.00000 ,16.00000 ,
40.00000 ,10.00000 ,16.00000 ,
42.50000 ,10.00000 ,16.00000 ,
45.00000 ,10.00000 ,16.00000 ,
47.50000 ,10.00000 ,16.00000 ,
50.00000 ,10.00000 ,16.00000 ,
-50.00000 ,30.00000 ,16.00000 ,
-47.50000 ,30.00000 ,16.00000 ,
-45.00000 ,30.00000 ,16.00000 ,
-42.50000 ,30.00000 ,16.00000 ,
-40.00000 ,30.00000 ,16.00000 ,
-37.50000 ,30.00000 ,16.00000 ,
-35.00000 ,30.00000 ,16.00000 ,
-32.50000 ,30.00000 ,16.00000 ,
-30.00000 ,30.00000 ,16.00000 ,
-27.50000 ,30.00000 ,16.00000 ,
-25.00000 ,30.00000 ,16.00000 ,
-22.50000 ,30.00000 ,16.00000 ,
-20.00000 ,30.00000 ,16.00000 ,
-17.50000 ,30.00000 ,16.00000 ,
-15.00000 ,30.00000 ,16.00000 ,
-12.50000 ,30.00000 ,16.00000 ,
-10.00000 ,30.00000 ,16.00000 ,
-7.50000 ,30.00000 ,16.00000 ,
-5.00000 ,30.00000 ,16.00000 ,
-2.50000 ,30.00000 ,16.00000 ,
0.00000 ,30.00000 ,16.00000 ,
2.50000 ,30.00000 ,16.00000 ,
5.00000 ,30.00000 ,16.00000 ,
7.50000 ,30.00000 ,16.00000 ,
10.00000 ,30.00000 ,16.00000 ,
12.50000 ,30.00000 ,16.00000 ,
15.00000 ,30.00000 ,16.00000 ,
17.50000 ,30.00000 ,16.00000 ,
20.00000 ,30.00000 ,16.00000 ,
22.50000 ,30.00000 ,16.00000 ,
25.00000 ,30.00000 ,16.00000 ,
27.50000 ,30.00000 ,16.00000 ,
30.00000 ,30.00000 ,16.00000 ,
32.50000 ,30.00000 ,16.00000 ,
35.00000 ,30.00000 ,16.00000 ,
37.50000 ,30.00000 ,16.00000 ,
40.00000 ,30.00000 ,16.00000 ,
42.50000 ,30.00000 ,16.00000 ,
45.00000 ,30.00000 ,16.00000 ,
47.50000 ,30.00000 ,16.00000 ,
50.00000 ,30.00000 ,16.00000 ,
-50.00000 ,35.00000 ,16.00000 ,
-47.50000 ,35.00000 ,16.00000 ,
-45.00000 ,35.00000 ,16.00000 ,
-42.50000 ,35.00000 ,16.00000 ,
-40.00000 ,35.00000 ,16.00000 ,
-37.50000 ,35.00000 ,16.00000 ,
-35.00000 ,35.00000 ,16.00000 ,
-32.50000 ,35.00000 ,16.00000 ,
-30.00000 ,35.00000 ,16.00000 ,
-27.50000 ,35.00000 ,16.00000 ,
-25.00000 ,35.00000 ,16.00000 ,
-22.50000 ,35.00000 ,16.00000 ,
-20.00000 ,35.00000 ,16.00000 ,
-17.50000 ,35.00000 ,16.00000 ,
-15.00000 ,35.00000 ,16.00000 ,
-12.50000 ,35.00000 ,16.00000 ,
-10.00000 ,35.00000 ,16.00000 ,
-7.50000 ,35.00000 ,16.00000 ,
-5.00000 ,35.00000 ,16.00000 ,
-2.50000 ,35.00000 ,16.00000 ,
0.00000 ,35.00000 ,16.00000 ,
2.50000 ,35.00000 ,16.00000 ,
5.00000 ,35.00000 ,16.00000 ,
7.50000 ,35.00000 ,16.00000 ,
10.00000 ,35.00000 ,16.00000 ,
12.50000 ,35.00000 ,16.00000 ,
15.00000 ,35.00000 ,16.00000 ,
17.50000 ,35.00000 ,16.00000 ,
20.00000 ,35.00000 ,16.00000 ,
22.50000 ,35.00000 ,16.00000 ,
25.00000 ,35.00000 ,16.00000 ,
27.50000 ,35.00000 ,16.00000 ,
30.00000 ,35.00000 ,16.00000 ,
32.50000 ,35.00000 ,16.00000 ,
35.00000 ,35.00000 ,16.00000 ,
37.50000 ,35.00000 ,16.00000 ,
40.00000 ,35.00000 ,16.00000 ,
42.50000 ,35.00000 ,16.00000 ,
45.00000 ,35.00000 ,16.00000 ,
47.50000 ,35.00000 ,16.00000 ,
50.00000 ,35.00000 ,16.00000 ,
-50.00000 ,40.00000 ,16.00000 ,
-47.50000 ,40.00000 ,16.00000 ,
-45.00000 ,40.00000 ,16.00000 ,
-42.50000 ,40.00000 ,16.00000 ,
-40.00000 ,40.00000 ,16.00000 ,
-37.50000 ,40.00000 ,16.00000 ,
-35.00000 ,40.00000 ,16.00000 ,
-32.50000 ,40.00000 ,16.00000 ,
-30.00000 ,40.00000 ,16.00000 ,
-27.50000 ,40.00000 ,16.00000 ,
-25.00000 ,40.00000 ,16.00000 ,
-22.50000 ,40.00000 ,16.00000 ,
-20.00000 ,40.00000 ,16.00000 ,
-17.50000 ,40.00000 ,16.00000 ,
-15.00000 ,40.00000 ,16.00000 ,
-12.50000 ,40.00000 ,16.00000 ,
-10.00000 ,40.00000 ,16.00000 ,
-7.50000 ,40.00000 ,16.00000 ,
-5.00000 ,40.00000 ,16.00000 ,
-2.50000 ,40.00000 ,16.00000 ,
0.00000 ,40.00000 ,16.00000 ,
2.50000 ,40.00000 ,16.00000 ,
5.00000 ,40.00000 ,16.00000 ,
7.50000 ,40.00000 ,16.00000 ,
10.00000 ,40.00000 ,16.00000 ,
12.50000 ,40.00000 ,16.00000 ,
15.00000 ,40.00000 ,16.00000 ,
17.50000 ,40.00000 ,16.00000 ,
20.00000 ,40.00000 ,16.00000 ,
22.50000 ,40.00000 ,16.00000 ,
25.00000 ,40.00000 ,16.00000 ,
27.50000 ,40.00000 ,16.00000 ,
30.00000 ,40.00000 ,16.00000 ,
32.50000 ,40.00000 ,16.00000 ,
35.00000 ,40.00000 ,16.00000 ,
37.50000 ,40.00000 ,16.00000 ,
40.00000 ,40.00000 ,16.00000 ,
42.50000 ,40.00000 ,16.00000 ,
45.00000 ,40.00000 ,16.00000 ,
47.50000 ,40.00000 ,16.00000 ,
50.00000 ,40.00000 ,16.00000 ,
-20.00000 ,10.00000 ,20.00000 ,
-15.00000 ,10.00000 ,20.00000 ,
-10.00000 ,10.00000 ,20.00000 ,
-5.00000 ,10.00000 ,20.00000 ,
0.00000 ,10.00000 ,20.00000 ,
5.00000 ,10.00000 ,20.00000 ,
10.00000 ,10.00000 ,20.00000 ,
15.00000 ,10.00000 ,20.00000 ,
20.00000 ,10.00000 ,20.00000 ,
-50.00000 ,18.00000 ,20.00000 ,
-45.00000 ,18.00000 ,20.00000 ,
-40.00000 ,18.00000 ,20.00000 ,
-35.00000 ,18.00000 ,20.00000 ,
-30.00000 ,18.00000 ,20.00000 ,
-25.00000 ,18.00000 ,20.00000 ,
-20.00000 ,18.00000 ,20.00000 ,
-15.00000 ,18.00000 ,20.00000 ,
-10.00000 ,18.00000 ,20.00000 ,
-5.00000 ,18.00000 ,20.00000 ,
0.00000 ,18.00000 ,20.00000 ,
5.00000 ,18.00000 ,20.00000 ,
10.00000 ,18.00000 ,20.00000 ,
15.00000 ,18.00000 ,20.00000 ,
20.00000 ,18.00000 ,20.00000 ,
-50.00000 ,22.00000 ,20.00000 ,
-45.00000 ,22.00000 ,20.00000 ,
-40.00000 ,22.00000 ,20.00000 ,
-35.00000 ,22.00000 ,20.00000 ,
-30.00000 ,22.00000 ,20.00000 ,
-25.00000 ,22.00000 ,20.00000 ,
-20.00000 ,22.00000 ,20.00000 ,
-15.00000 ,22.00000 ,20.00000 ,
-10.00000 ,22.00000 ,20.00000 ,
-5.00000 ,22.00000 ,20.00000 ,
0.00000 ,22.00000 ,20.00000 ,
5.00000 ,22.00000 ,20.00000 ,
10.00000 ,22.00000 ,20.00000 ,
15.00000 ,22.00000 ,20.00000 ,
20.00000 ,22.00000 ,20.00000 ,
-20.00000 ,30.00000 ,20.00000 ,
-15.00000 ,30.00000 ,20.00000 ,
-10.00000 ,30.00000 ,20.00000 ,
-5.00000 ,30.00000 ,20.00000 ,
0.00000 ,30.00000 ,20.00000 ,
5.00000 ,30.00000 ,20.00000 ,
10.00000 ,30.00000 ,20.00000 ,
15.00000 ,30.00000 ,20.00000 ,
20.00000 ,30.00000 ,20.00000 ,
-50.00000 ,0.00000 ,20.00000 ,
-47.50000 ,0.00000 ,20.00000 ,
-45.00000 ,0.00000 ,20.00000 ,
-42.50000 ,0.00000 ,20.00000 ,
-40.00000 ,0.00000 ,20.00000 ,
-37.50000 ,0.00000 ,20.00000 ,
-35.00000 ,0.00000 ,20.00000 ,
-32.50000 ,0.00000 ,20.00000 ,
-30.00000 ,0.00000 ,20.00000 ,
-27.50000 ,0.00000 ,20.00000 ,
-25.00000 ,0.00000 ,20.00000 ,
-22.50000 ,0.00000 ,20.00000 ,
-20.00000 ,0.00000 ,20.00000 ,
-17.50000 ,0.00000 ,20.00000 ,
-15.00000 ,0.00000 ,20.00000 ,
-12.50000 ,0.00000 ,20.00000 ,
-10.00000 ,0.00000 ,20.00000 ,
-7.50000 ,0.00000 ,20.00000 ,
-5.00000 ,0.00000 ,20.00000 ,
-2.50000 ,0.00000 ,20.00000 ,
0.00000 ,0.00000 ,20.00000 ,
2.50000 ,0.00000 ,20.00000 ,
5.00000 ,0.00000 ,20.00000 ,
7.50000 ,0.00000 ,20.00000 ,
10.00000 ,0.00000 ,20.00000 ,
12.50000 ,0.00000 ,20.00000 ,
15.00000 ,0.00000 ,20.00000 ,
17.50000 ,0.00000 ,20.00000 ,
20.00000 ,0.00000 ,20.00000 ,
22.50000 ,0.00000 ,20.00000 ,
25.00000 ,0.00000 ,20.00000 ,
27.50000 ,0.00000 ,20.00000 ,
30.00000 ,0.00000 ,20.00000 ,
32.50000 ,0.00000 ,20.00000 ,
35.00000 ,0.00000 ,20.00000 ,
37.50000 ,0.00000 ,20.00000 ,
40.00000 ,0.00000 ,20.00000 ,
42.50000 ,0.00000 ,20.00000 ,
45.00000 ,0.00000 ,20.00000 ,
47.50000 ,0.00000 ,20.00000 ,
50.00000 ,0.00000 ,20.00000 ,
-50.00000 ,5.00000 ,20.00000 ,
-47.50000 ,5.00000 ,20.00000 ,
-45.00000 ,5.00000 ,20.00000 ,
-42.50000 ,5.00000 ,20.00000 ,
-40.00000 ,5.00000 ,20.00000 ,
-37.50000 ,5.00000 ,20.00000 ,
-35.00000 ,5.00000 ,20.00000 ,
-32.50000 ,5.00000 ,20.00000 ,
-30.00000 ,5.00000 ,20.00000 ,
-27.50000 ,5.00000 ,20.00000 ,
-25.00000 ,5.00000 ,20.00000 ,
-22.50000 ,5.00000 ,20.00000 ,
-20.00000 ,5.00000 ,20.00000 ,
-17.50000 ,5.00000 ,20.00000 ,
-15.00000 ,5.00000 ,20.00000 ,
-12.50000 ,5.00000 ,20.00000 ,
-10.00000 ,5.00000 ,20.00000 ,
-7.50000 ,5.00000 ,20.00000 ,
-5.00000 ,5.00000 ,20.00000 ,
-2.50000 ,5.00000 ,20.00000 ,
0.00000 ,5.00000 ,20.00000 ,
2.50000 ,5.00000 ,20.00000 ,
5.00000 ,5.00000 ,20.00000 ,
7.50000 ,5.00000 ,20.00000 ,
10.00000 ,5.00000 ,20.00000 ,
12.50000 ,5.00000 ,20.00000 ,
15.00000 ,5.00000 ,20.00000 ,
17.50000 ,5.00000 ,20.00000 ,
20.00000 ,5.00000 ,20.00000 ,
22.50000 ,5.00000 ,20.00000 ,
25.00000 ,5.00000 ,20.00000 ,
27.50000 ,5.00000 ,20.00000 ,
30.00000 ,5.00000 ,20.00000 ,
32.50000 ,5.00000 ,20.00000 ,
35.00000 ,5.00000 ,20.00000 ,
37.50000 ,5.00000 ,20.00000 ,
40.00000 ,5.00000 ,20.00000 ,
42.50000 ,5.00000 ,20.00000 ,
45.00000 ,5.00000 ,20.00000 ,
47.50000 ,5.00000 ,20.00000 ,
50.00000 ,5.00000 ,20.00000 ,
-50.00000 ,10.00000 ,20.00000 ,
-47.50000 ,10.00000 ,20.00000 ,
-45.00000 ,10.00000 ,20.00000 ,
-42.50000 ,10.00000 ,20.00000 ,
-40.00000 ,10.00000 ,20.00000 ,
-37.50000 ,10.00000 ,20.00000 ,
-35.00000 ,10.00000 ,20.00000 ,
-32.50000 ,10.00000 ,20.00000 ,
-30.00000 ,10.00000 ,20.00000 ,
-27.50000 ,10.00000 ,20.00000 ,
-25.00000 ,10.00000 ,20.00000 ,
-22.50000 ,10.00000 ,20.00000 ,
-20.00000 ,10.00000 ,20.00000 ,
-17.50000 ,10.00000 ,20.00000 ,
-15.00000 ,10.00000 ,20.00000 ,
-12.50000 ,10.00000 ,20.00000 ,
-10.00000 ,10.00000 ,20.00000 ,
-7.50000 ,10.00000 ,20.00000 ,
-5.00000 ,10.00000 ,20.00000 ,
-2.50000 ,10.00000 ,20.00000 ,
0.00000 ,10.00000 ,20.00000 ,
2.50000 ,10.00000 ,20.00000 ,
5.00000 ,10.00000 ,20.00000 ,
7.50000 ,10.00000 ,20.00000 ,
10.00000 ,10.00000 ,20.00000 ,
12.50000 ,10.00000 ,20.00000 ,
15.00000 ,10.00000 ,20.00000 ,
17.50000 ,10.00000 ,20.00000 ,
20.00000 ,10.00000 ,20.00000 ,
22.50000 ,10.00000 ,20.00000 ,
25.00000 ,10.00000 ,20.00000 ,
27.50000 ,10.00000 ,20.00000 ,
30.00000 ,10.00000 ,20.00000 ,
32.50000 ,10.00000 ,20.00000 ,
35.00000 ,10.00000 ,20.00000 ,
37.50000 ,10.00000 ,20.00000 ,
40.00000 ,10.00000 ,20.00000 ,
42.50000 ,10.00000 ,20.00000 ,
45.00000 ,10.00000 ,20.00000 ,
47.50000 ,10.00000 ,20.00000 ,
50.00000 ,10.00000 ,20.00000 ,
-50.00000 ,30.00000 ,20.00000 ,
-47.50000 ,30.00000 ,20.00000 ,
-45.00000 ,30.00000 ,20.00000 ,
-42.50000 ,30.00000 ,20.00000 ,
-40.00000 ,30.00000 ,20.00000 ,
-37.50000 ,30.00000 ,20.00000 ,
-35.00000 ,30.00000 ,20.00000 ,
-32.50000 ,30.00000 ,20.00000 ,
-30.00000 ,30.00000 ,20.00000 ,
-27.50000 ,30.00000 ,20.00000 ,
-25.00000 ,30.00000 ,20.00000 ,
-22.50000 ,30.00000 ,20.00000 ,
-20.00000 ,30.00000 ,20.00000 ,
-17.50000 ,30.00000 ,20.00000 ,
-15.00000 ,30.00000 ,20.00000 ,
-12.50000 ,30.00000 ,20.00000 ,
-10.00000 ,30.00000 ,20.00000 ,
-7.50000 ,30.00000 ,20.00000 ,
-5.00000 ,30.00000 ,20.00000 ,
-2.50000 ,30.00000 ,20.00000 ,
0.00000 ,30.00000 ,20.00000 ,
2.50000 ,30.00000 ,20.00000 ,
5.00000 ,30.00000 ,20.00000 ,
7.50000 ,30.00000 ,20.00000 ,
10.00000 ,30.00000 ,20.00000 ,
12.50000 ,30.00000 ,20.00000 ,
15.00000 ,30.00000 ,20.00000 ,
17.50000 ,30.00000 ,20.00000 ,
20.00000 ,30.00000 ,20.00000 ,
22.50000 ,30.00000 ,20.00000 ,
25.00000 ,30.00000 ,20.00000 ,
27.50000 ,30.00000 ,20.00000 ,
30.00000 ,30.00000 ,20.00000 ,
32.50000 ,30.00000 ,20.00000 ,
35.00000 ,30.00000 ,20.00000 ,
37.50000 ,30.00000 ,20.00000 ,
40.00000 ,30.00000 ,20.00000 ,
42.50000 ,30.00000 ,20.00000 ,
45.00000 ,30.00000 ,20.00000 ,
47.50000 ,30.00000 ,20.00000 ,
50.00000 ,30.00000 ,20.00000 ,
-50.00000 ,35.00000 ,20.00000 ,
-47.50000 ,35.00000 ,20.00000 ,
-45.00000 ,35.00000 ,20.00000 ,
-42.50000 ,35.00000 ,20.00000 ,
-40.00000 ,35.00000 ,20.00000 ,
-37.50000 ,35.00000 ,20.00000 ,
-35.00000 ,35.00000 ,20.00000 ,
-32.50000 ,35.00000 ,20.00000 ,
-30.00000 ,35.00000 ,20.00000 ,
-27.50000 ,35.00000 ,20.00000 ,
-25.00000 ,35.00000 ,20.00000 ,
-22.50000 ,35.00000 ,20.00000 ,
-20.00000 ,35.00000 ,20.00000 ,
-17.50000 ,35.00000 ,20.00000 ,
-15.00000 ,35.00000 ,20.00000 ,
-12.50000 ,35.00000 ,20.00000 ,
-10.00000 ,35.00000 ,20.00000 ,
-7.50000 ,35.00000 ,20.00000 ,
-5.00000 ,35.00000 ,20.00000 ,
-2.50000 ,35.00000 ,20.00000 ,
0.00000 ,35.00000 ,20.00000 ,
2.50000 ,35.00000 ,20.00000 ,
5.00000 ,35.00000 ,20.00000 ,
7.50000 ,35.00000 ,20.00000 ,
10.00000 ,35.00000 ,20.00000 ,
12.50000 ,35.00000 ,20.00000 ,
15.00000 ,35.00000 ,20.00000 ,
17.50000 ,35.00000 ,20.00000 ,
20.00000 ,35.00000 ,20.00000 ,
22.50000 ,35.00000 ,20.00000 ,
25.00000 ,35.00000 ,20.00000 ,
27.50000 ,35.00000 ,20.00000 ,
30.00000 ,35.00000 ,20.00000 ,
32.50000 ,35.00000 ,20.00000 ,
35.00000 ,35.00000 ,20.00000 ,
37.50000 ,35.00000 ,20.00000 ,
40.00000 ,35.00000 ,20.00000 ,
42.50000 ,35.00000 ,20.00000 ,
45.00000 ,35.00000 ,20.00000 ,
47.50000 ,35.00000 ,20.00000 ,
50.00000 ,35.00000 ,20.00000 ,
-50.00000 ,40.00000 ,20.00000 ,
-47.50000 ,40.00000 ,20.00000 ,
-45.00000 ,40.00000 ,20.00000 ,
-42.50000 ,40.00000 ,20.00000 ,
-40.00000 ,40.00000 ,20.00000 ,
-37.50000 ,40.00000 ,20.00000 ,
-35.00000 ,40.00000 ,20.00000 ,
-32.50000 ,40.00000 ,20.00000 ,
-30.00000 ,40.00000 ,20.00000 ,
-27.50000 ,40.00000 ,20.00000 ,
-25.00000 ,40.00000 ,20.00000 ,
-22.50000 ,40.00000 ,20.00000 ,
-20.00000 ,40.00000 ,20.00000 ,
-17.50000 ,40.00000 ,20.00000 ,
-15.00000 ,40.00000 ,20.00000 ,
-12.50000 ,40.00000 ,20.00000 ,
-10.00000 ,40.00000 ,20.00000 ,
-7.50000 ,40.00000 ,20.00000 ,
-5.00000 ,40.00000 ,20.00000 ,
-2.50000 ,40.00000 ,20.00000 ,
0.00000 ,40.00000 ,20.00000 ,
2.50000 ,40.00000 ,20.00000 ,
5.00000 ,40.00000 ,20.00000 ,
7.50000 ,40.00000 ,20.00000 ,
10.00000 ,40.00000 ,20.00000 ,
12.50000 ,40.00000 ,20.00000 ,
15.00000 ,40.00000 ,20.00000 ,
17.50000 ,40.00000 ,20.00000 ,
20.00000 ,40.00000 ,20.00000 ,
22.50000 ,40.00000 ,20.00000 ,
25.00000 ,40.00000 ,20.00000 ,
27.50000 ,40.00000 ,20.00000 ,
30.00000 ,40.00000 ,20.00000 ,
32.50000 ,40.00000 ,20.00000 ,
35.00000 ,40.00000 ,20.00000 ,
37.50000 ,40.00000 ,20.00000 ,
40.00000 ,40.00000 ,20.00000 ,
42.50000 ,40.00000 ,20.00000 ,
45.00000 ,40.00000 ,20.00000 ,
47.50000 ,40.00000 ,20.00000 ,
50.00000 ,40.00000 ,20.00000 ,
1,120,block2
121,150,block4
151,550,block1
551,950,block3
