nodal
3
1764
1	-1.375291E-06	2.467718E-05	0.000000E+00	
2	1.544074E-07	1.197165E-05	0.000000E+00	
3	5.471107E-07	7.081347E-06	0.000000E+00	
4	3.800346E-07	5.326170E-06	0.000000E+00	
5	-1.954114E-07	5.060037E-06	0.000000E+00	
6	-7.922724E-07	5.621987E-06	0.000000E+00	
7	-1.172097E-06	7.611178E-06	0.000000E+00	
8	-1.111373E-06	1.273246E-05	0.000000E+00	
9	-1.608937E-06	2.506503E-05	0.000000E+00	
11	1.000643E-06	-4.187440E-08	0.000000E+00	
12	2.015992E-06	-1.242334E-07	0.000000E+00	
13	3.048697E-06	-2.692351E-07	0.000000E+00	
14	4.100124E-06	-1.417177E-07	0.000000E+00	
15	5.172949E-06	-1.166091E-06	0.000000E+00	
16	6.612225E-06	3.944151E-06	0.000000E+00	
17	5.351618E-06	2.680061E-06	0.000000E+00	
18	3.421031E-06	1.357403E-06	0.000000E+00	
19	1.428817E-06	1.083012E-06	0.000000E+00	
20	-4.214731E-07	1.127836E-06	0.000000E+00	
21	-2.290723E-06	1.354107E-06	0.000000E+00	
22	-4.303612E-06	1.866817E-06	0.000000E+00	
23	-6.284471E-06	3.379739E-06	0.000000E+00	
24	-7.046924E-06	4.502870E-06	0.000000E+00	
26	1.054766E-06	-3.919926E-08	0.000000E+00	
27	2.095792E-06	-1.379826E-07	0.000000E+00	
28	3.122197E-06	-2.012425E-07	0.000000E+00	
29	4.137996E-06	-4.774460E-07	0.000000E+00	
30	5.152844E-06	4.915872E-07	0.000000E+00	
31	6.113538E-06	-4.240955E-06	0.000000E+00	
32	5.380915E-06	-3.074806E-06	0.000000E+00	
33	3.376861E-06	-1.528508E-06	0.000000E+00	
34	1.364600E-06	-9.179190E-07	0.000000E+00	
35	-5.156749E-07	-6.570454E-07	0.000000E+00	
36	-2.370042E-06	-6.672512E-07	0.000000E+00	
37	-4.366775E-06	-1.036581E-06	0.000000E+00	
38	-6.341500E-06	-2.448222E-06	0.000000E+00	
39	-7.103650E-06	-3.469225E-06	0.000000E+00	
40	6.509713E-07	-2.487016E-05	0.000000E+00	
41	1.036413E-07	-1.248894E-05	0.000000E+00	
42	8.538530E-08	-7.251564E-06	0.000000E+00	
43	-2.441848E-07	-5.131824E-06	0.000000E+00	
44	-6.593124E-07	-4.551366E-06	0.000000E+00	
45	-1.144157E-06	-4.922331E-06	0.000000E+00	
46	-1.443432E-06	-6.772027E-06	0.000000E+00	
47	-1.326933E-06	-1.180160E-05	0.000000E+00	
48	-1.803364E-06	-2.408847E-05	0.000000E+00	
50	1.494736E-05	1.939242E-05	0.000000E+00	
51	2.212849E-05	3.820143E-05	0.000000E+00	
52	2.390195E-05	5.725629E-05	0.000000E+00	
53	2.140241E-05	7.473378E-05	0.000000E+00	
54	1.565105E-05	8.889338E-05	0.000000E+00	
55	7.695391E-06	9.838190E-05	0.000000E+00	
56	-1.383856E-06	1.023482E-04	0.000000E+00	
57	-1.046789E-05	1.004870E-04	0.000000E+00	
58	-1.837878E-05	9.311537E-05	0.000000E+00	
59	-2.389806E-05	8.141036E-05	0.000000E+00	
60	-2.608848E-05	6.793814E-05	0.000000E+00	
61	-2.569770E-05	5.419517E-05	0.000000E+00	
62	-2.295823E-05	4.237369E-05	0.000000E+00	
63	-1.864053E-05	3.311569E-05	0.000000E+00	
64	-1.424705E-05	2.719408E-05	0.000000E+00	
65	-1.037749E-05	2.362640E-05	0.000000E+00	
66	-7.198237E-06	2.168219E-05	0.000000E+00	
67	-4.598602E-06	2.067517E-05	0.000000E+00	
68	-2.413455E-06	2.025859E-05	0.000000E+00	
69	-4.300220E-07	2.018564E-05	0.000000E+00	
70	1.548886E-06	2.041314E-05	0.000000E+00	
71	3.723849E-06	2.096746E-05	0.000000E+00	
72	6.319940E-06	2.209668E-05	0.000000E+00	
73	9.487801E-06	2.414391E-05	0.000000E+00	
74	1.335392E-05	2.777971E-05	0.000000E+00	
75	1.775594E-05	3.374503E-05	0.000000E+00	
76	2.208929E-05	4.303285E-05	0.000000E+00	
77	2.484487E-05	5.485453E-05	0.000000E+00	
78	2.527536E-05	6.858448E-05	0.000000E+00	
79	2.312213E-05	8.203016E-05	0.000000E+00	
80	1.764193E-05	9.369279E-05	0.000000E+00	
81	9.776926E-06	1.010041E-04	0.000000E+00	
82	7.476133E-07	1.027921E-04	0.000000E+00	
83	-8.267645E-06	9.874526E-05	0.000000E+00	
84	-1.615015E-05	8.917418E-05	0.000000E+00	
85	-2.181937E-05	7.493481E-05	0.000000E+00	
86	-2.422790E-05	5.738491E-05	0.000000E+00	
87	-2.235461E-05	3.826945E-05	0.000000E+00	
88	-1.506484E-05	1.941610E-05	0.000000E+00	
91	-1.092095E-06	1.285551E-05	0.000000E+00	
92	-1.276515E-06	3.081773E-05	0.000000E+00	
93	-1.571693E-06	4.970791E-05	0.000000E+00	
94	-1.989583E-06	6.719275E-05	0.000000E+00	
95	-2.461543E-06	8.137583E-05	0.000000E+00	
96	-2.950701E-06	9.088530E-05	0.000000E+00	
97	-3.452659E-06	9.488423E-05	0.000000E+00	
98	-3.999442E-06	9.307672E-05	0.000000E+00	
99	-4.681005E-06	8.571035E-05	0.000000E+00	
100	-5.627038E-06	7.357678E-05	0.000000E+00	
101	-6.683773E-06	5.801075E-05	0.000000E+00	
102	-6.003670E-06	4.384302E-05	0.000000E+00	
103	-4.881688E-06	3.109816E-05	0.000000E+00	
104	-4.501556E-06	2.307676E-05	0.000000E+00	
105	-4.174305E-06	1.774576E-05	0.000000E+00	
106	-3.726627E-06	1.464765E-05	0.000000E+00	
107	-3.085901E-06	1.280490E-05	0.000000E+00	
108	-2.327111E-06	1.190297E-05	0.000000E+00	
109	-1.477297E-06	1.147541E-05	0.000000E+00	
110	-5.941190E-07	1.142221E-05	0.000000E+00	
111	3.048596E-07	1.161997E-05	0.000000E+00	
112	1.186289E-06	1.219853E-05	0.000000E+00	
113	1.958264E-06	1.323393E-05	0.000000E+00	
114	2.636500E-06	1.516966E-05	0.000000E+00	
115	3.124944E-06	1.833651E-05	0.000000E+00	
116	3.497316E-06	2.370445E-05	0.000000E+00	
117	3.944287E-06	3.173497E-05	0.000000E+00	
118	5.157321E-06	4.449619E-05	0.000000E+00	
119	5.888738E-06	5.865240E-05	0.000000E+00	
120	4.898140E-06	7.420048E-05	0.000000E+00	
121	4.025230E-06	8.629031E-05	0.000000E+00	
122	3.418400E-06	9.359481E-05	0.000000E+00	
123	2.945980E-06	9.532836E-05	0.000000E+00	
124	2.517613E-06	9.124869E-05	0.000000E+00	
125	2.101391E-06	8.165662E-05	0.000000E+00	
126	1.701897E-06	6.739377E-05	0.000000E+00	
127	1.356159E-06	4.983652E-05	0.000000E+00	
128	1.132929E-06	3.088575E-05	0.000000E+00	
129	1.020332E-06	1.287919E-05	0.000000E+00	
132	-1.473354E-05	1.219641E-05	0.000000E+00	
133	-2.351645E-05	2.916983E-05	0.000000E+00	
134	-2.667064E-05	4.790430E-05	0.000000E+00	
135	-2.530720E-05	6.539586E-05	0.000000E+00	
136	-2.058498E-05	7.960247E-05	0.000000E+00	
137	-1.362582E-05	8.913289E-05	0.000000E+00	
138	-5.520006E-06	9.316442E-05	0.000000E+00	
139	2.676436E-06	9.141065E-05	0.000000E+00	
140	9.963320E-06	8.404953E-05	0.000000E+00	
141	1.537726E-05	7.148728E-05	0.000000E+00	
142	1.766318E-05	5.382923E-05	0.000000E+00	
143	1.384278E-05	2.744591E-05	0.000000E+00	
144	8.870072E-06	1.974516E-05	0.000000E+00	
145	5.266073E-06	1.340373E-05	0.000000E+00	
146	2.675692E-06	1.042207E-05	0.000000E+00	
147	9.927404E-07	7.906868E-06	0.000000E+00	
148	-3.239413E-08	6.895904E-06	0.000000E+00	
149	-5.342293E-07	6.039776E-06	0.000000E+00	
150	-7.349018E-07	5.837559E-06	0.000000E+00	
151	-7.792846E-07	5.722305E-06	0.000000E+00	
152	-8.582197E-07	5.982189E-06	0.000000E+00	
153	-1.073415E-06	6.331141E-06	0.000000E+00	
154	-1.416321E-06	7.319242E-06	0.000000E+00	
155	-2.332380E-06	8.471982E-06	0.000000E+00	
156	-3.922321E-06	1.106167E-05	0.000000E+00	
157	-6.439831E-06	1.404831E-05	0.000000E+00	
158	-1.001978E-05	2.032767E-05	0.000000E+00	
159	-1.495789E-05	2.795676E-05	0.000000E+00	
160	-1.853589E-05	5.446669E-05	0.000000E+00	
161	-1.608536E-05	7.211494E-05	0.000000E+00	
162	-1.054284E-05	8.463203E-05	0.000000E+00	
163	-3.147488E-06	9.192968E-05	0.000000E+00	
164	5.143414E-06	9.360878E-05	0.000000E+00	
165	1.333217E-05	8.949630E-05	0.000000E+00	
166	2.036386E-05	7.988326E-05	0.000000E+00	
167	2.514880E-05	6.559687E-05	0.000000E+00	
168	2.656552E-05	4.803290E-05	0.000000E+00	
169	2.345539E-05	2.923785E-05	0.000000E+00	
170	1.470750E-05	1.222009E-05	0.000000E+00	
173	-1.472443E-05	-1.221642E-05	0.000000E+00	
174	-2.349035E-05	-2.922645E-05	0.000000E+00	
175	-2.661961E-05	-4.801028E-05	0.000000E+00	
176	-2.522310E-05	-6.556008E-05	0.000000E+00	
177	-2.045945E-05	-7.982988E-05	0.000000E+00	
178	-1.345011E-05	-8.942448E-05	0.000000E+00	
179	-5.284752E-06	-9.351714E-05	0.000000E+00	
180	2.981723E-06	-9.181729E-05	0.000000E+00	
181	1.035153E-05	-8.449825E-05	0.000000E+00	
182	1.586697E-05	-7.195933E-05	0.000000E+00	
183	1.828758E-05	-5.428938E-05	0.000000E+00	
184	1.467363E-05	-2.776127E-05	0.000000E+00	
185	9.722453E-06	-2.010879E-05	0.000000E+00	
186	6.149054E-06	-1.381206E-05	0.000000E+00	
187	3.672357E-06	-1.076805E-05	0.000000E+00	
188	2.162034E-06	-8.126201E-06	0.000000E+00	
189	1.423127E-06	-6.890165E-06	0.000000E+00	
190	7.760222E-07	-5.822393E-06	0.000000E+00	
191	3.158939E-07	-5.465574E-06	0.000000E+00	
192	1.073173E-07	-5.209915E-06	0.000000E+00	
193	-9.439803E-08	-5.369223E-06	0.000000E+00	
194	-3.989997E-07	-5.627425E-06	0.000000E+00	
195	-8.070798E-07	-6.543891E-06	0.000000E+00	
196	-1.805727E-06	-7.630098E-06	0.000000E+00	
197	-3.469471E-06	-1.017339E-05	0.000000E+00	
198	-6.057996E-06	-1.312010E-05	0.000000E+00	
199	-9.710253E-06	-1.938068E-05	0.000000E+00	
200	-1.472359E-05	-2.700655E-05	0.000000E+00	
201	-1.836423E-05	-5.360568E-05	0.000000E+00	
202	-1.596563E-05	-7.133438E-05	0.000000E+00	
203	-1.046851E-05	-8.393921E-05	0.000000E+00	
204	-3.111841E-06	-9.133190E-05	0.000000E+00	
205	5.147691E-06	-9.311049E-05	0.000000E+00	
206	1.331268E-05	-8.909820E-05	0.000000E+00	
207	2.032833E-05	-7.958215E-05	0.000000E+00	
208	2.510494E-05	-6.538566E-05	0.000000E+00	
209	2.652106E-05	-4.790061E-05	0.000000E+00	
210	2.341804E-05	-2.916963E-05	0.000000E+00	
211	1.468497E-05	-1.219726E-05	0.000000E+00	
214	-1.045916E-06	-1.287551E-05	0.000000E+00	
215	-1.184098E-06	-3.087435E-05	0.000000E+00	
216	-1.432913E-06	-4.981390E-05	0.000000E+00	
217	-1.804237E-06	-6.735697E-05	0.000000E+00	
218	-2.229321E-06	-8.160324E-05	0.000000E+00	
219	-2.671143E-06	-9.117685E-05	0.000000E+00	
220	-3.125133E-06	-9.523671E-05	0.000000E+00	
221	-3.623212E-06	-9.348251E-05	0.000000E+00	
222	-4.255680E-06	-8.615700E-05	0.000000E+00	
223	-5.153849E-06	-7.404631E-05	0.000000E+00	
224	-6.168100E-06	-5.847797E-05	0.000000E+00	
225	-5.455691E-06	-4.430211E-05	0.000000E+00	
226	-4.260382E-06	-3.151998E-05	0.000000E+00	
227	-3.827128E-06	-2.345818E-05	0.000000E+00	
228	-3.468071E-06	-1.805128E-05	0.000000E+00	
229	-3.002424E-06	-1.482568E-05	0.000000E+00	
230	-2.399808E-06	-1.279655E-05	0.000000E+00	
231	-1.627859E-06	-1.167882E-05	0.000000E+00	
232	-7.866396E-07	-1.107556E-05	0.000000E+00	
233	4.933887E-08	-1.089138E-05	0.000000E+00	
234	8.969058E-07	-1.098281E-05	0.000000E+00	
235	1.728404E-06	-1.147711E-05	0.000000E+00	
236	2.452229E-06	-1.243998E-05	0.000000E+00	
237	3.091089E-06	-1.431708E-05	0.000000E+00	
238	3.540992E-06	-1.743948E-05	0.000000E+00	
239	3.877193E-06	-2.278090E-05	0.000000E+00	
240	4.292055E-06	-3.080540E-05	0.000000E+00	
241	5.479570E-06	-4.359285E-05	0.000000E+00	
242	6.184647E-06	-5.779740E-05	0.000000E+00	
243	5.164761E-06	-7.342021E-05	0.000000E+00	
244	4.263786E-06	-8.559695E-05	0.000000E+00	
245	3.629931E-06	-9.299669E-05	0.000000E+00	
246	3.130931E-06	-9.482994E-05	0.000000E+00	
247	2.676117E-06	-9.085056E-05	0.000000E+00	
248	2.233474E-06	-8.135552E-05	0.000000E+00	
249	1.807562E-06	-6.718256E-05	0.000000E+00	
250	1.435406E-06	-4.970423E-05	0.000000E+00	
251	1.185759E-06	-3.081753E-05	0.000000E+00	
252	1.046746E-06	-1.285635E-05	0.000000E+00	
255	1.503060E-05	-1.941243E-05	0.000000E+00	
256	2.228723E-05	-3.825805E-05	0.000000E+00	
257	2.412847E-05	-5.736228E-05	0.000000E+00	
258	2.168898E-05	-7.489801E-05	0.000000E+00	
259	1.598988E-05	-8.912080E-05	0.000000E+00	
260	8.078574E-06	-9.867342E-05	0.000000E+00	
261	-9.644155E-07	-1.027005E-04	0.000000E+00	
262	-1.002037E-05	-1.008919E-04	0.000000E+00	
263	-1.791098E-05	-9.355995E-05	0.000000E+00	
264	-2.341602E-05	-8.187741E-05	0.000000E+00	
265	-2.559447E-05	-6.841302E-05	0.000000E+00	
266	-2.519234E-05	-5.466377E-05	0.000000E+00	
267	-2.246887E-05	-4.281877E-05	0.000000E+00	
268	-1.817410E-05	-3.349987E-05	0.000000E+00	
269	-1.381596E-05	-2.748431E-05	0.000000E+00	
270	-9.991061E-06	-2.377316E-05	0.000000E+00	
271	-6.828782E-06	-2.165800E-05	0.000000E+00	
272	-4.251067E-06	-2.047374E-05	0.000000E+00	
273	-2.064051E-06	-1.987678E-05	0.000000E+00	
274	-6.358238E-08	-1.965425E-05	0.000000E+00	
275	1.924625E-06	-1.977031E-05	0.000000E+00	
276	4.100068E-06	-2.023678E-05	0.000000E+00	
277	6.692472E-06	-2.129645E-05	0.000000E+00	
278	9.854496E-06	-2.328744E-05	0.000000E+00	
279	1.371963E-05	-2.688109E-05	0.000000E+00	
280	1.812660E-05	-3.282287E-05	0.000000E+00	
281	2.246998E-05	-4.211136E-05	0.000000E+00	
282	2.523596E-05	-5.395682E-05	0.000000E+00	
283	2.567551E-05	-6.773548E-05	0.000000E+00	
284	2.352670E-05	-8.125016E-05	0.000000E+00	
285	1.804206E-05	-9.299889E-05	0.000000E+00	
286	1.016390E-05	-1.004057E-04	0.000000E+00	
287	1.113305E-06	-1.022936E-04	0.000000E+00	
288	-7.931065E-06	-9.834711E-05	0.000000E+00	
289	-1.585040E-05	-8.887308E-05	0.000000E+00	
290	-2.156416E-05	-7.472361E-05	0.000000E+00	
291	-2.402494E-05	-5.725262E-05	0.000000E+00	
292	-2.221160E-05	-3.820123E-05	0.000000E+00	
293	-1.498948E-05	-1.939327E-05	0.000000E+00	
295	7.543048E-07	2.428759E-05	0.000000E+00	
296	2.073326E-07	1.203284E-05	0.000000E+00	
297	5.712631E-07	6.979565E-06	0.000000E+00	
298	3.890654E-07	5.259876E-06	0.000000E+00	
299	-1.925367E-07	4.983283E-06	0.000000E+00	
300	-7.905095E-07	5.546547E-06	0.000000E+00	
301	-1.169902E-06	7.532242E-06	0.000000E+00	
302	-1.110185E-06	1.265017E-05	0.000000E+00	
303	-1.604783E-06	2.491842E-05	0.000000E+00	
305	1.000427E-06	-4.181523E-08	0.000000E+00	
306	2.015577E-06	-1.241114E-07	0.000000E+00	
307	3.046151E-06	-2.678354E-07	0.000000E+00	
308	4.096642E-06	-1.496470E-07	0.000000E+00	
309	5.186373E-06	-1.118140E-06	0.000000E+00	
310	6.089927E-06	3.833908E-06	0.000000E+00	
311	5.406671E-06	2.714305E-06	0.000000E+00	
312	3.434962E-06	1.362445E-06	0.000000E+00	
313	1.433496E-06	1.080608E-06	0.000000E+00	
314	-4.182497E-07	1.125472E-06	0.000000E+00	
315	-2.288564E-06	1.350201E-06	0.000000E+00	
316	-4.301030E-06	1.863128E-06	0.000000E+00	
317	-6.279048E-06	3.372236E-06	0.000000E+00	
318	-7.040221E-06	4.502309E-06	0.000000E+00	
320	1.054495E-06	-3.919230E-08	0.000000E+00	
321	2.094888E-06	-1.376038E-07	0.000000E+00	
322	3.121456E-06	-2.010545E-07	0.000000E+00	
323	4.131202E-06	-4.796625E-07	0.000000E+00	
324	5.114760E-06	5.125830E-07	0.000000E+00	
325	6.135711E-06	-4.223893E-06	0.000000E+00	
326	5.353267E-06	-3.087402E-06	0.000000E+00	
327	3.380572E-06	-1.515989E-06	0.000000E+00	
328	1.367101E-06	-9.114323E-07	0.000000E+00	
329	-5.138054E-07	-6.513906E-07	0.000000E+00	
330	-2.368077E-06	-6.622083E-07	0.000000E+00	
331	-4.364316E-06	-1.032277E-06	0.000000E+00	
332	-6.336082E-06	-2.440448E-06	0.000000E+00	
333	-7.096943E-06	-3.468459E-06	0.000000E+00	
334	6.343954E-07	-2.472984E-05	0.000000E+00	
335	1.105791E-07	-1.240733E-05	0.000000E+00	
336	8.011219E-08	-7.175937E-06	0.000000E+00	
337	-2.441376E-07	-5.053546E-06	0.000000E+00	
338	-6.585487E-07	-4.474865E-06	0.000000E+00	
339	-1.143201E-06	-4.845441E-06	0.000000E+00	
340	-1.441387E-06	-6.692817E-06	0.000000E+00	
341	-1.325853E-06	-1.171907E-05	0.000000E+00	
342	-1.799322E-06	-2.394157E-05	0.000000E+00	
344	1.455631E-05	1.567846E-05	0.000000E+00	
345	2.195749E-05	3.414354E-05	0.000000E+00	
346	2.382775E-05	5.312077E-05	0.000000E+00	
347	2.136907E-05	7.057880E-05	0.000000E+00	
348	1.563682E-05	8.473323E-05	0.000000E+00	
349	7.690247E-06	9.422114E-05	0.000000E+00	
350	-1.384651E-06	9.818795E-05	0.000000E+00	
351	-1.046627E-05	9.632730E-05	0.000000E+00	
352	-1.837535E-05	8.895655E-05	0.000000E+00	
353	-2.389359E-05	7.725286E-05	0.000000E+00	
354	-2.608406E-05	6.377802E-05	0.000000E+00	
355	-2.567977E-05	5.004076E-05	0.000000E+00	
356	-2.294434E-05	3.822855E-05	0.000000E+00	
357	-1.863436E-05	2.896985E-05	0.000000E+00	
358	-1.424124E-05	2.305233E-05	0.000000E+00	
359	-1.036975E-05	1.948709E-05	0.000000E+00	
360	-7.192660E-06	1.754441E-05	0.000000E+00	
361	-4.596060E-06	1.653854E-05	0.000000E+00	
362	-2.411923E-06	1.612172E-05	0.000000E+00	
363	-4.288841E-07	1.604849E-05	0.000000E+00	
364	1.549420E-06	1.627573E-05	0.000000E+00	
365	3.723720E-06	1.682981E-05	0.000000E+00	
366	6.319093E-06	1.795853E-05	0.000000E+00	
367	9.485987E-06	2.000504E-05	0.000000E+00	
368	1.335070E-05	2.363909E-05	0.000000E+00	
369	1.775153E-05	2.960246E-05	0.000000E+00	
370	2.208333E-05	3.888556E-05	0.000000E+00	
371	2.483950E-05	5.070512E-05	0.000000E+00	
372	2.527101E-05	6.443084E-05	0.000000E+00	
373	2.311757E-05	7.787469E-05	0.000000E+00	
374	1.763923E-05	8.953419E-05	0.000000E+00	
375	9.776420E-06	9.684402E-05	0.000000E+00	
376	7.495929E-07	9.863129E-05	0.000000E+00	
377	-8.261420E-06	9.458402E-05	0.000000E+00	
378	-1.613502E-05	8.501367E-05	0.000000E+00	
379	-2.178532E-05	7.077958E-05	0.000000E+00	
380	-2.415317E-05	5.324922E-05	0.000000E+00	
381	-2.218327E-05	3.421148E-05	0.000000E+00	
382	-1.467362E-05	1.570211E-05	0.000000E+00	
385	-8.903130E-07	1.288384E-05	0.000000E+00	
386	-1.225799E-06	3.055725E-05	0.000000E+00	
387	-1.562480E-06	4.937667E-05	0.000000E+00	
388	-1.988019E-06	6.683545E-05	0.000000E+00	
389	-2.460743E-06	8.101094E-05	0.000000E+00	
390	-2.949432E-06	9.051908E-05	0.000000E+00	
391	-3.450647E-06	9.451835E-05	0.000000E+00	
392	-3.996317E-06	9.271140E-05	0.000000E+00	
393	-4.675853E-06	8.534602E-05	0.000000E+00	
394	-5.618007E-06	7.321537E-05	0.000000E+00	
395	-6.671242E-06	5.765827E-05	0.000000E+00	
396	-6.018360E-06	4.349072E-05	0.000000E+00	
397	-4.882687E-06	3.075154E-05	0.000000E+00	
398	-4.484172E-06	2.274875E-05	0.000000E+00	
399	-4.160486E-06	1.741481E-05	0.000000E+00	
400	-3.723387E-06	1.432201E-05	0.000000E+00	
401	-3.084697E-06	1.248539E-05	0.000000E+00	
402	-2.324045E-06	1.158173E-05	0.000000E+00	
403	-1.474704E-06	1.115289E-05	0.000000E+00	
404	-5.926656E-07	1.109969E-05	0.000000E+00	
405	3.058283E-07	1.129758E-05	0.000000E+00	
406	1.187022E-06	1.187560E-05	0.000000E+00	
407	1.958725E-06	1.291055E-05	0.000000E+00	
408	2.636626E-06	1.484534E-05	0.000000E+00	
409	3.124587E-06	1.801110E-05	0.000000E+00	
410	3.495206E-06	2.337472E-05	0.000000E+00	
411	3.940781E-06	3.140229E-05	0.000000E+00	
412	5.150291E-06	4.414940E-05	0.000000E+00	
413	5.881064E-06	5.830132E-05	0.000000E+00	
414	4.895424E-06	7.383911E-05	0.000000E+00	
415	4.024622E-06	8.592549E-05	0.000000E+00	
416	3.418352E-06	9.322886E-05	0.000000E+00	
417	2.946057E-06	9.496188E-05	0.000000E+00	
418	2.517785E-06	9.088199E-05	0.000000E+00	
419	2.101592E-06	8.129137E-05	0.000000E+00	
420	1.701027E-06	6.703623E-05	0.000000E+00	
421	1.347413E-06	4.950512E-05	0.000000E+00	
422	1.082500E-06	3.062519E-05	0.000000E+00	
423	8.186861E-07	1.290749E-05	0.000000E+00	
426	-1.474553E-05	1.208511E-05	0.000000E+00	
427	-2.344576E-05	2.905782E-05	0.000000E+00	
428	-2.661304E-05	4.771259E-05	0.000000E+00	
429	-2.527427E-05	6.517262E-05	0.000000E+00	
430	-2.056843E-05	7.936913E-05	0.000000E+00	
431	-1.361756E-05	8.889750E-05	0.000000E+00	
432	-5.515021E-06	9.292922E-05	0.000000E+00	
433	2.680838E-06	9.117598E-05	0.000000E+00	
434	9.968895E-06	8.381596E-05	0.000000E+00	
435	1.538791E-05	7.125845E-05	0.000000E+00	
436	1.769983E-05	5.361790E-05	0.000000E+00	
437	1.401759E-05	2.727776E-05	0.000000E+00	
438	8.984114E-06	1.957427E-05	0.000000E+00	
439	5.287552E-06	1.323498E-05	0.000000E+00	
440	2.681267E-06	1.037491E-05	0.000000E+00	
441	1.004962E-06	7.860878E-06	0.000000E+00	
442	-2.195357E-08	6.796555E-06	0.000000E+00	
443	-5.298228E-07	5.940575E-06	0.000000E+00	
444	-7.322885E-07	5.748715E-06	0.000000E+00	
445	-7.767140E-07	5.633291E-06	0.000000E+00	
446	-8.560421E-07	5.889357E-06	0.000000E+00	
447	-1.071600E-06	6.238199E-06	0.000000E+00	
448	-1.414515E-06	7.225371E-06	0.000000E+00	
449	-2.330124E-06	8.377943E-06	0.000000E+00	
450	-3.918952E-06	1.096464E-05	0.000000E+00	
451	-6.432995E-06	1.395041E-05	0.000000E+00	
452	-1.000941E-05	2.020074E-05	0.000000E+00	
453	-1.494123E-05	2.782679E-05	0.000000E+00	
454	-1.851760E-05	5.425252E-05	0.000000E+00	
455	-1.607601E-05	7.188403E-05	0.000000E+00	
456	-1.053918E-05	8.439726E-05	0.000000E+00	
457	-3.146950E-06	9.169418E-05	0.000000E+00	
458	5.141303E-06	9.337295E-05	0.000000E+00	
459	1.332566E-05	8.926043E-05	0.000000E+00	
460	2.034839E-05	7.964955E-05	0.000000E+00	
461	2.511655E-05	6.537338E-05	0.000000E+00	
462	2.650833E-05	4.784104E-05	0.000000E+00	
463	2.338493E-05	2.912575E-05	0.000000E+00	
464	1.471959E-05	1.210875E-05	0.000000E+00	
467	-1.473651E-05	-1.210508E-05	0.000000E+00	
468	-2.341989E-05	-2.911434E-05	0.000000E+00	
469	-2.656242E-05	-4.781841E-05	0.000000E+00	
470	-2.519086E-05	-6.533658E-05	0.000000E+00	
471	-2.044401E-05	-7.959617E-05	0.000000E+00	
472	-1.344364E-05	-8.918861E-05	0.000000E+00	
473	-5.282709E-06	-9.328134E-05	0.000000E+00	
474	2.981087E-06	-9.158186E-05	0.000000E+00	
475	1.034774E-05	-8.426364E-05	0.000000E+00	
476	1.585745E-05	-7.172868E-05	0.000000E+00	
477	1.826891E-05	-5.407566E-05	0.000000E+00	
478	1.465630E-05	-2.763439E-05	0.000000E+00	
479	9.714069E-06	-1.998462E-05	0.000000E+00	
480	6.143274E-06	-1.368845E-05	0.000000E+00	
481	3.668052E-06	-1.067246E-05	0.000000E+00	
482	2.160099E-06	-8.031041E-06	0.000000E+00	
483	1.422312E-06	-6.796415E-06	0.000000E+00	
484	7.757040E-07	-5.728660E-06	0.000000E+00	
485	3.158002E-07	-5.371492E-06	0.000000E+00	
486	1.073425E-07	-5.115841E-06	0.000000E+00	
487	-9.420911E-08	-5.275734E-06	0.000000E+00	
488	-3.984487E-07	-5.533899E-06	0.000000E+00	
489	-8.061682E-07	-6.449210E-06	0.000000E+00	
490	-1.804125E-06	-7.535302E-06	0.000000E+00	
491	-3.466569E-06	-1.007610E-05	0.000000E+00	
492	-6.051469E-06	-1.302195E-05	0.000000E+00	
493	-9.700112E-06	-1.925351E-05	0.000000E+00	
494	-1.470712E-05	-2.687635E-05	0.000000E+00	
495	-1.834609E-05	-5.339143E-05	0.000000E+00	
496	-1.595640E-05	-7.110343E-05	0.000000E+00	
497	-1.046493E-05	-8.370443E-05	0.000000E+00	
498	-3.111360E-06	-9.109639E-05	0.000000E+00	
499	5.145540E-06	-9.287465E-05	0.000000E+00	
500	1.330614E-05	-8.886233E-05	0.000000E+00	
501	2.031284E-05	-7.934845E-05	0.000000E+00	
502	2.507268E-05	-6.516218E-05	0.000000E+00	
503	2.646386E-05	-4.770875E-05	0.000000E+00	
504	2.334757E-05	-2.905753E-05	0.000000E+00	
505	1.469705E-05	-1.208592E-05	0.000000E+00	
508	-8.442697E-07	-1.290381E-05	0.000000E+00	
509	-1.133668E-06	-3.061378E-05	0.000000E+00	
510	-1.424165E-06	-4.948249E-05	0.000000E+00	
511	-1.803364E-06	-6.699942E-05	0.000000E+00	
512	-2.229517E-06	-8.123799E-05	0.000000E+00	
513	-2.671308E-06	-9.081015E-05	0.000000E+00	
514	-3.125201E-06	-9.487027E-05	0.000000E+00	
515	-3.623150E-06	-9.311664E-05	0.000000E+00	
516	-4.255049E-06	-8.579234E-05	0.000000E+00	
517	-5.151078E-06	-7.368520E-05	0.000000E+00	
518	-6.160246E-06	-5.812736E-05	0.000000E+00	
519	-5.448488E-06	-4.395564E-05	0.000000E+00	
520	-4.258096E-06	-3.118623E-05	0.000000E+00	
521	-3.825010E-06	-2.313106E-05	0.000000E+00	
522	-3.466262E-06	-1.772445E-05	0.000000E+00	
523	-3.001965E-06	-1.450155E-05	0.000000E+00	
524	-2.399684E-06	-1.247272E-05	0.000000E+00	
525	-1.627845E-06	-1.135517E-05	0.000000E+00	
526	-7.866369E-07	-1.075203E-05	0.000000E+00	
527	4.936591E-08	-1.056794E-05	0.000000E+00	
528	8.969085E-07	-1.065931E-05	0.000000E+00	
529	1.728290E-06	-1.115346E-05	0.000000E+00	
530	2.452056E-06	-1.211613E-05	0.000000E+00	
531	3.090776E-06	-1.399245E-05	0.000000E+00	
532	3.540321E-06	-1.711380E-05	0.000000E+00	
533	3.874840E-06	-2.245099E-05	0.000000E+00	
534	4.288372E-06	-3.047258E-05	0.000000E+00	
535	5.472418E-06	-4.324597E-05	0.000000E+00	
536	6.176889E-06	-5.744625E-05	0.000000E+00	
537	5.161980E-06	-7.305880E-05	0.000000E+00	
538	4.263128E-06	-8.523211E-05	0.000000E+00	
539	3.629844E-06	-9.263073E-05	0.000000E+00	
540	3.130979E-06	-9.446346E-05	0.000000E+00	
541	2.676267E-06	-9.048386E-05	0.000000E+00	
542	2.233660E-06	-8.099027E-05	0.000000E+00	
543	1.806681E-06	-6.682502E-05	0.000000E+00	
544	1.426652E-06	-4.937283E-05	0.000000E+00	
545	1.135325E-06	-3.055697E-05	0.000000E+00	
546	8.450982E-07	-1.288465E-05	0.000000E+00	
549	1.463938E-05	-1.569843E-05	0.000000E+00	
550	2.211589E-05	-3.420007E-05	0.000000E+00	
551	2.405376E-05	-5.322659E-05	0.000000E+00	
552	2.165495E-05	-7.074277E-05	0.000000E+00	
553	1.597479E-05	-8.496028E-05	0.000000E+00	
554	8.072405E-06	-9.451218E-05	0.000000E+00	
555	-9.663073E-07	-9.853968E-05	0.000000E+00	
556	-1.001974E-05	-9.673190E-05	0.000000E+00	
557	-1.790812E-05	-8.940151E-05	0.000000E+00	
558	-2.341130E-05	-7.772223E-05	0.000000E+00	
559	-2.559007E-05	-6.425970E-05	0.000000E+00	
560	-2.518704E-05	-5.051450E-05	0.000000E+00	
561	-2.246226E-05	-3.867233E-05	0.000000E+00	
562	-1.816964E-05	-2.935723E-05	0.000000E+00	
563	-1.381330E-05	-2.334440E-05	0.000000E+00	
564	-9.989167E-06	-1.963388E-05	0.000000E+00	
565	-6.827747E-06	-1.751956E-05	0.000000E+00	
566	-4.250547E-06	-1.633553E-05	0.000000E+00	
567	-2.063848E-06	-1.573865E-05	0.000000E+00	
568	-6.363224E-08	-1.551614E-05	0.000000E+00	
569	1.924317E-06	-1.563217E-05	0.000000E+00	
570	4.099439E-06	-1.609852E-05	0.000000E+00	
571	6.691280E-06	-1.715788E-05	0.000000E+00	
572	9.852422E-06	-1.914826E-05	0.000000E+00	
573	1.371622E-05	-2.274026E-05	0.000000E+00	
574	1.812206E-05	-2.868014E-05	0.000000E+00	
575	2.246392E-05	-3.796395E-05	0.000000E+00	
576	2.523051E-05	-4.980733E-05	0.000000E+00	
577	2.567112E-05	-6.358179E-05	0.000000E+00	
578	2.352211E-05	-7.709466E-05	0.000000E+00	
579	1.803934E-05	-8.884027E-05	0.000000E+00	
580	1.016338E-05	-9.624556E-05	0.000000E+00	
581	1.115267E-06	-9.813275E-05	0.000000E+00	
582	-7.924856E-06	-9.418587E-05	0.000000E+00	
583	-1.583529E-05	-8.471257E-05	0.000000E+00	
584	-2.153013E-05	-7.056838E-05	0.000000E+00	
585	-2.395022E-05	-5.311693E-05	0.000000E+00	
586	-2.204026E-05	-3.414326E-05	0.000000E+00	
587	-1.459826E-05	-1.567927E-05	0.000000E+00	
589	9.364742E-07	2.400994E-05	0.000000E+00	
590	4.850785E-07	1.190948E-05	0.000000E+00	
591	6.244891E-07	6.891906E-06	0.000000E+00	
592	4.078536E-07	5.141418E-06	0.000000E+00	
593	-1.842055E-07	4.869305E-06	0.000000E+00	
594	-7.862744E-07	5.428140E-06	0.000000E+00	
595	-1.165983E-06	7.410118E-06	0.000000E+00	
596	-1.107985E-06	1.251911E-05	0.000000E+00	
597	-1.599712E-06	2.471588E-05	0.000000E+00	
599	1.000001E-06	-4.167602E-08	0.000000E+00	
600	2.014167E-06	-1.235087E-07	0.000000E+00	
601	3.043229E-06	-2.669211E-07	0.000000E+00	
602	4.089746E-06	-1.458098E-07	0.000000E+00	
603	5.129382E-06	-1.119045E-06	0.000000E+00	
604	6.165119E-06	3.726650E-06	0.000000E+00	
605	5.413048E-06	2.721557E-06	0.000000E+00	
606	3.463438E-06	1.370627E-06	0.000000E+00	
607	1.447170E-06	1.080537E-06	0.000000E+00	
608	-4.111727E-07	1.120408E-06	0.000000E+00	
609	-2.282959E-06	1.343441E-06	0.000000E+00	
610	-4.294736E-06	1.855237E-06	0.000000E+00	
611	-6.268522E-06	3.359115E-06	0.000000E+00	
612	-7.027688E-06	4.493280E-06	0.000000E+00	
614	1.053763E-06	-3.908050E-08	0.000000E+00	
615	2.093313E-06	-1.368578E-07	0.000000E+00	
616	3.117428E-06	-2.008600E-07	0.000000E+00	
617	4.121380E-06	-4.722254E-07	0.000000E+00	
618	5.110859E-06	4.937181E-07	0.000000E+00	
619	6.090882E-06	-4.241753E-06	0.000000E+00	
620	5.339032E-06	-3.079175E-06	0.000000E+00	
621	3.383330E-06	-1.499725E-06	0.000000E+00	
622	1.372998E-06	-8.963400E-07	0.000000E+00	
623	-5.089275E-07	-6.397822E-07	0.000000E+00	
624	-2.363367E-06	-6.520483E-07	0.000000E+00	
625	-4.358244E-06	-1.022927E-06	0.000000E+00	
626	-6.325625E-06	-2.426593E-06	0.000000E+00	
627	-7.084422E-06	-3.458879E-06	0.000000E+00	
628	6.373293E-07	-2.452410E-05	0.000000E+00	
629	1.055732E-07	-1.228354E-05	0.000000E+00	
630	7.437880E-08	-7.053657E-06	0.000000E+00	
631	-2.444029E-07	-4.931841E-06	0.000000E+00	
632	-6.565302E-07	-4.354174E-06	0.000000E+00	
633	-1.140532E-06	-4.724988E-06	0.000000E+00	
634	-1.437884E-06	-6.569421E-06	0.000000E+00	
635	-1.323811E-06	-1.158744E-05	0.000000E+00	
636	-1.794432E-06	-2.373847E-05	0.000000E+00	
638	1.436641E-05	1.560483E-05	0.000000E+00	
639	2.176780E-05	3.365274E-05	0.000000E+00	
640	2.371869E-05	5.248948E-05	0.000000E+00	
641	2.131668E-05	6.990766E-05	0.000000E+00	
642	1.561436E-05	8.405278E-05	0.000000E+00	
643	7.682207E-06	9.353950E-05	0.000000E+00	
644	-1.385982E-06	9.750666E-05	0.000000E+00	
645	-1.046410E-05	9.564597E-05	0.000000E+00	
646	-1.837035E-05	8.827469E-05	0.000000E+00	
647	-2.388510E-05	7.657079E-05	0.000000E+00	
648	-2.607126E-05	6.309848E-05	0.000000E+00	
649	-2.566676E-05	4.936388E-05	0.000000E+00	
650	-2.292920E-05	3.755619E-05	0.000000E+00	
651	-1.861370E-05	2.830586E-05	0.000000E+00	
652	-1.422037E-05	2.239551E-05	0.000000E+00	
653	-1.035528E-05	1.883771E-05	0.000000E+00	
654	-7.183142E-06	1.689891E-05	0.000000E+00	
655	-4.588901E-06	1.589350E-05	0.000000E+00	
656	-2.407059E-06	1.547670E-05	0.000000E+00	
657	-4.261572E-07	1.540329E-05	0.000000E+00	
658	1.550625E-06	1.562987E-05	0.000000E+00	
659	3.723630E-06	1.618307E-05	0.000000E+00	
660	6.317507E-06	1.731055E-05	0.000000E+00	
661	9.482564E-06	1.935522E-05	0.000000E+00	
662	1.334499E-05	2.298595E-05	0.000000E+00	
663	1.774382E-05	2.894490E-05	0.000000E+00	
664	2.207419E-05	3.822097E-05	0.000000E+00	
665	2.483198E-05	5.003626E-05	0.000000E+00	
666	2.526505E-05	6.375695E-05	0.000000E+00	
667	2.311183E-05	7.719838E-05	0.000000E+00	
668	1.763643E-05	8.885398E-05	0.000000E+00	
669	9.776854E-06	9.616223E-05	0.000000E+00	
670	7.536811E-07	9.794890E-05	0.000000E+00	
671	-8.250797E-06	9.390127E-05	0.000000E+00	
672	-1.611034E-05	8.433233E-05	0.000000E+00	
673	-2.173115E-05	7.010780E-05	0.000000E+00	
674	-2.404281E-05	5.261753E-05	0.000000E+00	
675	-2.199270E-05	3.372045E-05	0.000000E+00	
676	-1.448328E-05	1.562840E-05	0.000000E+00	
679	-8.417191E-07	1.251209E-05	0.000000E+00	
680	-1.182562E-06	2.997281E-05	0.000000E+00	
681	-1.548128E-06	4.867508E-05	0.000000E+00	
682	-1.984385E-06	6.609082E-05	0.000000E+00	
683	-2.458523E-06	8.025339E-05	0.000000E+00	
684	-2.946247E-06	8.975914E-05	0.000000E+00	
685	-3.445933E-06	9.375854E-05	0.000000E+00	
686	-3.989550E-06	9.195159E-05	0.000000E+00	
687	-4.666116E-06	8.458581E-05	0.000000E+00	
688	-5.603957E-06	7.245574E-05	0.000000E+00	
689	-6.651303E-06	5.690225E-05	0.000000E+00	
690	-5.984710E-06	4.274940E-05	0.000000E+00	
691	-4.846386E-06	3.002335E-05	0.000000E+00	
692	-4.461500E-06	2.203167E-05	0.000000E+00	
693	-4.148681E-06	1.671935E-05	0.000000E+00	
694	-3.712051E-06	1.363334E-05	0.000000E+00	
695	-3.074508E-06	1.179402E-05	0.000000E+00	
696	-2.317467E-06	1.089129E-05	0.000000E+00	
697	-1.470065E-06	1.046350E-05	0.000000E+00	
698	-5.887521E-07	1.040943E-05	0.000000E+00	
699	3.088052E-07	1.060635E-05	0.000000E+00	
700	1.188997E-06	1.118342E-05	0.000000E+00	
701	1.960005E-06	1.221724E-05	0.000000E+00	
702	2.637291E-06	1.415003E-05	0.000000E+00	
703	3.124386E-06	1.731295E-05	0.000000E+00	
704	3.492545E-06	2.266989E-05	0.000000E+00	
705	3.934694E-06	3.068933E-05	0.000000E+00	
706	5.138503E-06	4.341796E-05	0.000000E+00	
707	5.869496E-06	5.756061E-05	0.000000E+00	
708	4.891365E-06	7.308373E-05	0.000000E+00	
709	4.023810E-06	8.516572E-05	0.000000E+00	
710	3.418367E-06	9.246816E-05	0.000000E+00	
711	2.946240E-06	9.420087E-05	0.000000E+00	
712	2.518097E-06	9.012092E-05	0.000000E+00	
713	2.101861E-06	8.053293E-05	0.000000E+00	
714	1.699142E-06	6.629096E-05	0.000000E+00	
715	1.334245E-06	4.880313E-05	0.000000E+00	
716	1.039996E-06	3.004053E-05	0.000000E+00	
717	7.704432E-07	1.253565E-05	0.000000E+00	
720	-1.465146E-05	1.198455E-05	0.000000E+00	
721	-2.333968E-05	2.883814E-05	0.000000E+00	
722	-2.652808E-05	4.740827E-05	0.000000E+00	
723	-2.522233E-05	6.482139E-05	0.000000E+00	
724	-2.054070E-05	7.900141E-05	0.000000E+00	
725	-1.360227E-05	8.852621E-05	0.000000E+00	
726	-5.504003E-06	9.255785E-05	0.000000E+00	
727	2.692139E-06	9.080463E-05	0.000000E+00	
728	9.982936E-06	8.344437E-05	0.000000E+00	
729	1.540655E-05	7.088802E-05	0.000000E+00	
730	1.772404E-05	5.325380E-05	0.000000E+00	
731	1.402518E-05	2.693218E-05	0.000000E+00	
732	8.998777E-06	1.935447E-05	0.000000E+00	
733	5.322437E-06	1.314181E-05	0.000000E+00	
734	2.716123E-06	1.023905E-05	0.000000E+00	
735	1.025504E-06	7.699936E-06	0.000000E+00	
736	-9.671418E-09	6.664445E-06	0.000000E+00	
737	-5.191662E-07	5.809778E-06	0.000000E+00	
738	-7.235615E-07	5.605762E-06	0.000000E+00	
739	-7.705711E-07	5.488882E-06	0.000000E+00	
740	-8.512183E-07	5.746148E-06	0.000000E+00	
741	-1.067074E-06	6.094109E-06	0.000000E+00	
742	-1.410094E-06	7.078397E-06	0.000000E+00	
743	-2.325221E-06	8.229087E-06	0.000000E+00	
744	-3.912476E-06	1.081166E-05	0.000000E+00	
745	-6.421851E-06	1.379339E-05	0.000000E+00	
746	-9.991695E-06	2.001155E-05	0.000000E+00	
747	-1.491414E-05	2.760405E-05	0.000000E+00	
748	-1.849021E-05	5.391040E-05	0.000000E+00	
749	-1.606273E-05	7.151651E-05	0.000000E+00	
750	-1.053479E-05	8.402489E-05	0.000000E+00	
751	-3.147223E-06	9.132150E-05	0.000000E+00	
752	5.137110E-06	9.300026E-05	0.000000E+00	
753	1.331466E-05	8.888800E-05	0.000000E+00	
754	2.032340E-05	7.928095E-05	0.000000E+00	
755	2.506633E-05	6.502152E-05	0.000000E+00	
756	2.642443E-05	4.753632E-05	0.000000E+00	
757	2.327946E-05	2.890586E-05	0.000000E+00	
758	1.462577E-05	1.200811E-05	0.000000E+00	
761	-1.464270E-05	-1.200443E-05	0.000000E+00	
762	-2.331441E-05	-2.889443E-05	0.000000E+00	
763	-2.647852E-05	-4.751366E-05	0.000000E+00	
764	-2.514066E-05	-6.498469E-05	0.000000E+00	
765	-2.041907E-05	-7.922755E-05	0.000000E+00	
766	-1.343276E-05	-8.881618E-05	0.000000E+00	
767	-5.278702E-06	-9.290872E-05	0.000000E+00	
768	2.981082E-06	-9.120938E-05	0.000000E+00	
769	1.034298E-05	-8.389168E-05	0.000000E+00	
770	1.584375E-05	-7.136191E-05	0.000000E+00	
771	1.824131E-05	-5.373483E-05	0.000000E+00	
772	1.462988E-05	-2.741251E-05	0.000000E+00	
773	9.697172E-06	-1.979724E-05	0.000000E+00	
774	6.132839E-06	-1.353204E-05	0.000000E+00	
775	3.662619E-06	-1.052240E-05	0.000000E+00	
776	2.157319E-06	-7.882920E-06	0.000000E+00	
777	1.420852E-06	-6.647803E-06	0.000000E+00	
778	7.748565E-07	-5.579728E-06	0.000000E+00	
779	3.153877E-07	-5.223648E-06	0.000000E+00	
780	1.074499E-07	-4.968589E-06	0.000000E+00	
781	-9.364095E-08	-5.128445E-06	0.000000E+00	
782	-3.972155E-07	-5.386515E-06	0.000000E+00	
783	-8.041733E-07	-6.300632E-06	0.000000E+00	
784	-1.800884E-06	-7.385326E-06	0.000000E+00	
785	-3.461251E-06	-9.922254E-06	0.000000E+00	
786	-6.041136E-06	-1.286425E-05	0.000000E+00	
787	-9.682979E-06	-1.906380E-05	0.000000E+00	
788	-1.468048E-05	-2.665312E-05	0.000000E+00	
789	-1.831910E-05	-5.304911E-05	0.000000E+00	
790	-1.594341E-05	-7.073582E-05	0.000000E+00	
791	-1.046076E-05	-8.333202E-05	0.000000E+00	
792	-3.111784E-06	-9.072370E-05	0.000000E+00	
793	5.141241E-06	-9.250197E-05	0.000000E+00	
794	1.329508E-05	-8.848991E-05	0.000000E+00	
795	2.028779E-05	-7.897986E-05	0.000000E+00	
796	2.502242E-05	-6.481032E-05	0.000000E+00	
797	2.637993E-05	-4.740403E-05	0.000000E+00	
798	2.324208E-05	-2.883764E-05	0.000000E+00	
799	1.460323E-05	-1.198528E-05	0.000000E+00	
802	-7.960251E-07	-1.253197E-05	0.000000E+00	
803	-1.091160E-06	-3.002910E-05	0.000000E+00	
804	-1.410991E-06	-4.878047E-05	0.000000E+00	
805	-1.801470E-06	-6.625412E-05	0.000000E+00	
806	-2.229774E-06	-8.047952E-05	0.000000E+00	
807	-2.671603E-06	-9.004910E-05	0.000000E+00	
808	-3.125359E-06	-9.410932E-05	0.000000E+00	
809	-3.623128E-06	-9.235614E-05	0.000000E+00	
810	-4.254173E-06	-8.503299E-05	0.000000E+00	
811	-5.146908E-06	-7.293056E-05	0.000000E+00	
812	-6.148543E-06	-5.738775E-05	0.000000E+00	
813	-5.436656E-06	-4.322576E-05	0.000000E+00	
814	-4.251850E-06	-3.047455E-05	0.000000E+00	
815	-3.821812E-06	-2.242724E-05	0.000000E+00	
816	-3.465239E-06	-1.702666E-05	0.000000E+00	
817	-3.001774E-06	-1.380616E-05	0.000000E+00	
818	-2.399729E-06	-1.177841E-05	0.000000E+00	
819	-1.627834E-06	-1.066134E-05	0.000000E+00	
820	-7.865635E-07	-1.005837E-05	0.000000E+00	
821	4.939259E-08	-9.874424E-06	0.000000E+00	
822	8.968900E-07	-9.965815E-06	0.000000E+00	
823	1.728161E-06	-1.045960E-05	0.000000E+00	
824	2.451810E-06	-1.142151E-05	0.000000E+00	
825	3.090284E-06	-1.329624E-05	0.000000E+00	
826	3.539268E-06	-1.641503E-05	0.000000E+00	
827	3.871556E-06	-2.174571E-05	0.000000E+00	
828	4.281828E-06	-2.975927E-05	0.000000E+00	
829	5.460310E-06	-4.251428E-05	0.000000E+00	
830	6.165098E-06	-5.670536E-05	0.000000E+00	
831	5.157747E-06	-7.230332E-05	0.000000E+00	
832	4.262181E-06	-8.447230E-05	0.000000E+00	
833	3.629757E-06	-9.187001E-05	0.000000E+00	
834	3.131085E-06	-9.370244E-05	0.000000E+00	
835	2.676522E-06	-8.972280E-05	0.000000E+00	
836	2.233887E-06	-8.023183E-05	0.000000E+00	
837	1.804766E-06	-6.607976E-05	0.000000E+00	
838	1.413464E-06	-4.867084E-05	0.000000E+00	
839	1.092808E-06	-2.997232E-05	0.000000E+00	
840	7.968492E-07	-1.251282E-05	0.000000E+00	
843	1.444904E-05	-1.562471E-05	0.000000E+00	
844	2.192533E-05	-3.370903E-05	0.000000E+00	
845	2.394340E-05	-5.259487E-05	0.000000E+00	
846	2.160083E-05	-7.007096E-05	0.000000E+00	
847	1.595019E-05	-8.427891E-05	0.000000E+00	
848	8.061930E-06	-9.382943E-05	0.000000E+00	
849	-9.701591E-07	-9.785735E-05	0.000000E+00	
850	-1.001983E-05	-9.605032E-05	0.000000E+00	
851	-1.790487E-05	-8.872172E-05	0.000000E+00	
852	-2.340506E-05	-7.704663E-05	0.000000E+00	
853	-2.558363E-05	-6.358685E-05	0.000000E+00	
854	-2.517912E-05	-4.984682E-05	0.000000E+00	
855	-2.245293E-05	-3.800912E-05	0.000000E+00	
856	-1.816202E-05	-2.870090E-05	0.000000E+00	
857	-1.380778E-05	-2.269193E-05	0.000000E+00	
858	-9.985699E-06	-1.898396E-05	0.000000E+00	
859	-6.825755E-06	-1.687086E-05	0.000000E+00	
860	-4.249532E-06	-1.568740E-05	0.000000E+00	
861	-2.063467E-06	-1.509078E-05	0.000000E+00	
862	-6.374331E-08	-1.486835E-05	0.000000E+00	
863	1.923624E-06	-1.498427E-05	0.000000E+00	
864	4.097987E-06	-1.545027E-05	0.000000E+00	
865	6.688738E-06	-1.650880E-05	0.000000E+00	
866	9.848338E-06	-1.849765E-05	0.000000E+00	
867	1.371002E-05	-2.208657E-05	0.000000E+00	
868	1.811399E-05	-2.802219E-05	0.000000E+00	
869	2.245452E-05	-3.729908E-05	0.000000E+00	
870	2.522281E-05	-4.913826E-05	0.000000E+00	
871	2.566502E-05	-6.290776E-05	0.000000E+00	
872	2.351628E-05	-7.641825E-05	0.000000E+00	
873	1.803647E-05	-8.816000E-05	0.000000E+00	
874	1.016375E-05	-9.556375E-05	0.000000E+00	
875	1.119307E-06	-9.745035E-05	0.000000E+00	
876	-7.914273E-06	-9.350312E-05	0.000000E+00	
877	-1.581064E-05	-8.403123E-05	0.000000E+00	
878	-2.147599E-05	-6.989661E-05	0.000000E+00	
879	-2.383987E-05	-5.248524E-05	0.000000E+00	
880	-2.184970E-05	-3.365224E-05	0.000000E+00	
881	-1.440793E-05	-1.560556E-05	0.000000E+00	
883	1.044199E-06	2.397439E-05	0.000000E+00	
884	5.616181E-07	1.187946E-05	0.000000E+00	
885	6.811463E-07	6.894911E-06	0.000000E+00	
886	4.282270E-07	5.143191E-06	0.000000E+00	
887	-1.750210E-07	4.865140E-06	0.000000E+00	
888	-7.811760E-07	5.422435E-06	0.000000E+00	
889	-1.162316E-06	7.400511E-06	0.000000E+00	
890	-1.103478E-06	1.250188E-05	0.000000E+00	
891	-1.595146E-06	2.470493E-05	0.000000E+00	
893	9.995453E-07	-4.154960E-08	0.000000E+00	
894	2.013294E-06	-1.227298E-07	0.000000E+00	
895	3.041101E-06	-2.638393E-07	0.000000E+00	
896	4.079261E-06	-1.461853E-07	0.000000E+00	
897	5.124839E-06	-1.141220E-06	0.000000E+00	
898	6.191533E-06	3.677582E-06	0.000000E+00	
899	5.443636E-06	2.713185E-06	0.000000E+00	
900	3.481711E-06	1.378005E-06	0.000000E+00	
901	1.460879E-06	1.085966E-06	0.000000E+00	
902	-4.028648E-07	1.122169E-06	0.000000E+00	
903	-2.276549E-06	1.342684E-06	0.000000E+00	
904	-4.287874E-06	1.852412E-06	0.000000E+00	
905	-6.261047E-06	3.354484E-06	0.000000E+00	
906	-7.019917E-06	4.484581E-06	0.000000E+00	
908	1.053019E-06	-3.896418E-08	0.000000E+00	
909	2.091388E-06	-1.360270E-07	0.000000E+00	
910	3.114350E-06	-1.980354E-07	0.000000E+00	
911	4.122976E-06	-4.713262E-07	0.000000E+00	
912	5.119749E-06	4.652177E-07	0.000000E+00	
913	6.090781E-06	-4.259380E-06	0.000000E+00	
914	5.338260E-06	-3.078493E-06	0.000000E+00	
915	3.387235E-06	-1.489829E-06	0.000000E+00	
916	1.378808E-06	-8.874657E-07	0.000000E+00	
917	-5.034341E-07	-6.333762E-07	0.000000E+00	
918	-2.357886E-06	-6.474057E-07	0.000000E+00	
919	-4.351702E-06	-1.018253E-06	0.000000E+00	
920	-6.318242E-06	-2.421076E-06	0.000000E+00	
921	-7.076705E-06	-3.449473E-06	0.000000E+00	
922	6.242037E-07	-2.452114E-05	0.000000E+00	
923	9.619799E-08	-1.226613E-05	0.000000E+00	
924	7.038992E-08	-7.043796E-06	0.000000E+00	
925	-2.442944E-07	-4.921178E-06	0.000000E+00	
926	-6.540037E-07	-4.344850E-06	0.000000E+00	
927	-1.137317E-06	-4.715889E-06	0.000000E+00	
928	-1.434609E-06	-6.558436E-06	0.000000E+00	
929	-1.319432E-06	-1.156944E-05	0.000000E+00	
930	-1.789980E-06	-2.372704E-05	0.000000E+00	
932	1.436694E-05	1.560504E-05	0.000000E+00	
933	2.176875E-05	3.365320E-05	0.000000E+00	
934	2.371997E-05	5.249023E-05	0.000000E+00	
935	2.131812E-05	6.990867E-05	0.000000E+00	
936	1.561573E-05	8.405388E-05	0.000000E+00	
937	7.683138E-06	9.354026E-05	0.000000E+00	
938	-1.385966E-06	9.750617E-05	0.000000E+00	
939	-1.046536E-05	9.564257E-05	0.000000E+00	
940	-1.837253E-05	8.826598E-05	0.000000E+00	
941	-2.388626E-05	7.655511E-05	0.000000E+00	
942	-2.606853E-05	6.307766E-05	0.000000E+00	
943	-2.565890E-05	4.934070E-05	0.000000E+00	
944	-2.291767E-05	3.753196E-05	0.000000E+00	
945	-1.859799E-05	2.828418E-05	0.000000E+00	
946	-1.420404E-05	2.238022E-05	0.000000E+00	
947	-1.034174E-05	1.882876E-05	0.000000E+00	
948	-7.172277E-06	1.689211E-05	0.000000E+00	
949	-4.580999E-06	1.588788E-05	0.000000E+00	
950	-2.401781E-06	1.547170E-05	0.000000E+00	
951	-4.227869E-07	1.539791E-05	0.000000E+00	
952	1.552325E-06	1.562370E-05	0.000000E+00	
953	3.723865E-06	1.617577E-05	0.000000E+00	
954	6.316560E-06	1.730164E-05	0.000000E+00	
955	9.480860E-06	1.934423E-05	0.000000E+00	
956	1.334317E-05	2.297260E-05	0.000000E+00	
957	1.774273E-05	2.892916E-05	0.000000E+00	
958	2.207525E-05	3.820482E-05	0.000000E+00	
959	2.483523E-05	5.002092E-05	0.000000E+00	
960	2.526969E-05	6.374404E-05	0.000000E+00	
961	2.311736E-05	7.718866E-05	0.000000E+00	
962	1.764165E-05	8.884794E-05	0.000000E+00	
963	9.780985E-06	9.615910E-05	0.000000E+00	
964	7.565808E-07	9.794758E-05	0.000000E+00	
965	-8.248939E-06	9.390094E-05	0.000000E+00	
966	-1.610925E-05	8.433245E-05	0.000000E+00	
967	-2.173058E-05	7.010808E-05	0.000000E+00	
968	-2.404255E-05	5.261780E-05	0.000000E+00	
969	-2.199262E-05	3.372065E-05	0.000000E+00	
970	-1.448328E-05	1.562849E-05	0.000000E+00	
973	-8.413144E-07	1.251229E-05	0.000000E+00	
974	-1.181720E-06	2.997328E-05	0.000000E+00	
975	-1.546781E-06	4.867583E-05	0.000000E+00	
976	-1.982423E-06	6.609183E-05	0.000000E+00	
977	-2.455786E-06	8.025449E-05	0.000000E+00	
978	-2.942517E-06	8.975993E-05	0.000000E+00	
979	-3.440959E-06	9.375821E-05	0.000000E+00	
980	-3.983172E-06	9.194863E-05	0.000000E+00	
981	-4.658570E-06	8.457775E-05	0.000000E+00	
982	-5.595953E-06	7.243890E-05	0.000000E+00	
983	-6.642119E-06	5.687392E-05	0.000000E+00	
984	-5.971395E-06	4.271584E-05	0.000000E+00	
985	-4.827011E-06	2.999348E-05	0.000000E+00	
986	-4.444786E-06	2.201116E-05	0.000000E+00	
987	-4.135938E-06	1.670793E-05	0.000000E+00	
988	-3.700648E-06	1.362306E-05	0.000000E+00	
989	-3.065474E-06	1.178732E-05	0.000000E+00	
990	-2.310086E-06	1.088654E-05	0.000000E+00	
991	-1.464013E-06	1.045795E-05	0.000000E+00	
992	-5.842490E-07	1.040342E-05	0.000000E+00	
993	3.121962E-07	1.059973E-05	0.000000E+00	
994	1.191593E-06	1.117554E-05	0.000000E+00	
995	1.961935E-06	1.220764E-05	0.000000E+00	
996	2.638587E-06	1.413819E-05	0.000000E+00	
997	3.125143E-06	1.729843E-05	0.000000E+00	
998	3.493039E-06	2.265278E-05	0.000000E+00	
999	3.934550E-06	3.066877E-05	0.000000E+00	
1000	5.138964E-06	4.339913E-05	0.000000E+00	
1001	5.871181E-06	5.754505E-05	0.000000E+00	
1002	4.892633E-06	7.307351E-05	0.000000E+00	
1003	4.024442E-06	8.515983E-05	0.000000E+00	
1004	3.418673E-06	9.246515E-05	0.000000E+00	
1005	2.946419E-06	9.419960E-05	0.000000E+00	
1006	2.518223E-06	9.012060E-05	0.000000E+00	
1007	2.101956E-06	8.053305E-05	0.000000E+00	
1008	1.699211E-06	6.629123E-05	0.000000E+00	
1009	1.334294E-06	4.880340E-05	0.000000E+00	
1010	1.040026E-06	3.004073E-05	0.000000E+00	
1011	7.704578E-07	1.253575E-05	0.000000E+00	
1014	-1.465117E-05	1.198475E-05	0.000000E+00	
1015	-2.333895E-05	2.883861E-05	0.000000E+00	
1016	-2.652666E-05	4.740902E-05	0.000000E+00	
1017	-2.521986E-05	6.482239E-05	0.000000E+00	
1018	-2.053665E-05	7.900252E-05	0.000000E+00	
1019	-1.359585E-05	8.852703E-05	0.000000E+00	
1020	-5.494172E-06	9.255767E-05	0.000000E+00	
1021	2.706736E-06	9.080212E-05	0.000000E+00	
1022	1.000378E-05	8.343694E-05	0.000000E+00	
1023	1.543411E-05	7.087020E-05	0.000000E+00	
1024	1.775417E-05	5.321541E-05	0.000000E+00	
1025	1.405430E-05	2.686886E-05	0.000000E+00	
1026	9.015426E-06	1.932225E-05	0.000000E+00	
1027	5.338561E-06	1.314295E-05	0.000000E+00	
1028	2.735017E-06	1.022659E-05	0.000000E+00	
1029	1.041878E-06	7.701642E-06	0.000000E+00	
1030	4.237693E-09	6.665002E-06	0.000000E+00	
1031	-5.084619E-07	5.804179E-06	0.000000E+00	
1032	-7.154041E-07	5.603960E-06	0.000000E+00	
1033	-7.636457E-07	5.486684E-06	0.000000E+00	
1034	-8.453042E-07	5.740960E-06	0.000000E+00	
1035	-1.061830E-06	6.087492E-06	0.000000E+00	
1036	-1.405244E-06	7.070486E-06	0.000000E+00	
1037	-2.320475E-06	8.219174E-06	0.000000E+00	
1038	-3.907953E-06	1.079813E-05	0.000000E+00	
1039	-6.418363E-06	1.377582E-05	0.000000E+00	
1040	-9.989567E-06	1.999630E-05	0.000000E+00	
1041	-1.491573E-05	2.757620E-05	0.000000E+00	
1042	-1.849611E-05	5.389142E-05	0.000000E+00	
1043	-1.606914E-05	7.150584E-05	0.000000E+00	
1044	-1.054000E-05	8.401915E-05	0.000000E+00	
1045	-3.151006E-06	9.131863E-05	0.000000E+00	
1046	5.134573E-06	9.299905E-05	0.000000E+00	
1047	1.331309E-05	8.888769E-05	0.000000E+00	
1048	2.032251E-05	7.928108E-05	0.000000E+00	
1049	2.506589E-05	6.502180E-05	0.000000E+00	
1050	2.642426E-05	4.753659E-05	0.000000E+00	
1051	2.327943E-05	2.890606E-05	0.000000E+00	
1052	1.462580E-05	1.200821E-05	0.000000E+00	
1055	-1.464272E-05	-1.200451E-05	0.000000E+00	
1056	-2.331439E-05	-2.889461E-05	0.000000E+00	
1057	-2.647836E-05	-4.751390E-05	0.000000E+00	
1058	-2.514026E-05	-6.498492E-05	0.000000E+00	
1059	-2.041826E-05	-7.922764E-05	0.000000E+00	
1060	-1.343133E-05	-8.881588E-05	0.000000E+00	
1061	-5.276417E-06	-9.290758E-05	0.000000E+00	
1062	2.984467E-06	-9.120674E-05	0.000000E+00	
1063	1.034761E-05	-8.388644E-05	0.000000E+00	
1064	1.584936E-05	-7.135220E-05	0.000000E+00	
1065	1.824614E-05	-5.371755E-05	0.000000E+00	
1066	1.462979E-05	-2.738775E-05	0.000000E+00	
1067	9.693136E-06	-1.978603E-05	0.000000E+00	
1068	6.130211E-06	-1.353498E-05	0.000000E+00	
1069	3.661420E-06	-1.050926E-05	0.000000E+00	
1070	2.155557E-06	-7.871516E-06	0.000000E+00	
1071	1.419354E-06	-6.637470E-06	0.000000E+00	
1072	7.738547E-07	-5.569458E-06	0.000000E+00	
1073	3.149270E-07	-5.213714E-06	0.000000E+00	
1074	1.075787E-07	-4.959196E-06	0.000000E+00	
1075	-9.295272E-08	-5.119210E-06	0.000000E+00	
1076	-3.958239E-07	-5.377271E-06	0.000000E+00	
1077	-8.021270E-07	-6.290472E-06	0.000000E+00	
1078	-1.798151E-06	-7.373823E-06	0.000000E+00	
1079	-3.458152E-06	-9.907697E-06	0.000000E+00	
1080	-6.038644E-06	-1.284596E-05	0.000000E+00	
1081	-9.681566E-06	-1.904795E-05	0.000000E+00	
1082	-1.468264E-05	-2.662477E-05	0.000000E+00	
1083	-1.832546E-05	-5.302988E-05	0.000000E+00	
1084	-1.595018E-05	-7.072502E-05	0.000000E+00	
1085	-1.046623E-05	-8.332622E-05	0.000000E+00	
1086	-3.115752E-06	-9.072081E-05	0.000000E+00	
1087	5.138574E-06	-9.250075E-05	0.000000E+00	
1088	1.329342E-05	-8.848961E-05	0.000000E+00	
1089	2.028685E-05	-7.897999E-05	0.000000E+00	
1090	2.502195E-05	-6.481060E-05	0.000000E+00	
1091	2.637974E-05	-4.740431E-05	0.000000E+00	
1092	2.324205E-05	-2.883784E-05	0.000000E+00	
1093	1.460325E-05	-1.198538E-05	0.000000E+00	
1096	-7.960376E-07	-1.253205E-05	0.000000E+00	
1097	-1.091186E-06	-3.002928E-05	0.000000E+00	
1098	-1.411032E-06	-4.878070E-05	0.000000E+00	
1099	-1.801529E-06	-6.625435E-05	0.000000E+00	
1100	-2.229855E-06	-8.047961E-05	0.000000E+00	
1101	-2.671710E-06	-9.004878E-05	0.000000E+00	
1102	-3.125513E-06	-9.410814E-05	0.000000E+00	
1103	-3.623396E-06	-9.235337E-05	0.000000E+00	
1104	-4.254738E-06	-8.502763E-05	0.000000E+00	
1105	-5.148044E-06	-7.292131E-05	0.000000E+00	
1106	-6.149960E-06	-5.737380E-05	0.000000E+00	
1107	-5.436480E-06	-4.320918E-05	0.000000E+00	
1108	-4.250350E-06	-3.045776E-05	0.000000E+00	
1109	-3.821987E-06	-2.241161E-05	0.000000E+00	
1110	-3.466422E-06	-1.701478E-05	0.000000E+00	
1111	-3.002205E-06	-1.379443E-05	0.000000E+00	
1112	-2.399980E-06	-1.176756E-05	0.000000E+00	
1113	-1.627990E-06	-1.065117E-05	0.000000E+00	
1114	-7.866047E-07	-1.004867E-05	0.000000E+00	
1115	4.941210E-08	-9.864945E-06	0.000000E+00	
1116	8.969509E-07	-9.956280E-06	0.000000E+00	
1117	1.728208E-06	-1.044954E-05	0.000000E+00	
1118	2.451828E-06	-1.141041E-05	0.000000E+00	
1119	3.090181E-06	-1.328335E-05	0.000000E+00	
1120	3.538998E-06	-1.639975E-05	0.000000E+00	
1121	3.871289E-06	-2.172804E-05	0.000000E+00	
1122	4.281124E-06	-2.973830E-05	0.000000E+00	
1123	5.460372E-06	-4.249515E-05	0.000000E+00	
1124	6.166501E-06	-5.668960E-05	0.000000E+00	
1125	5.158801E-06	-7.229299E-05	0.000000E+00	
1126	4.262647E-06	-8.446636E-05	0.000000E+00	
1127	3.629937E-06	-9.186699E-05	0.000000E+00	
1128	3.131169E-06	-9.370118E-05	0.000000E+00	
1129	2.676578E-06	-8.972249E-05	0.000000E+00	
1130	2.233930E-06	-8.023197E-05	0.000000E+00	
1131	1.804798E-06	-6.608004E-05	0.000000E+00	
1132	1.413487E-06	-4.867112E-05	0.000000E+00	
1133	1.092823E-06	-2.997252E-05	0.000000E+00	
1134	7.968561E-07	-1.251292E-05	0.000000E+00	
1137	1.444904E-05	-1.562480E-05	0.000000E+00	
1138	2.192525E-05	-3.370920E-05	0.000000E+00	
1139	2.394317E-05	-5.259511E-05	0.000000E+00	
1140	2.160030E-05	-7.007119E-05	0.000000E+00	
1141	1.594921E-05	-8.427900E-05	0.000000E+00	
1142	8.060260E-06	-9.382910E-05	0.000000E+00	
1143	-9.727518E-07	-9.785612E-05	0.000000E+00	
1144	-1.002350E-05	-9.604744E-05	0.000000E+00	
1145	-1.790946E-05	-8.871624E-05	0.000000E+00	
1146	-2.340981E-05	-7.703790E-05	0.000000E+00	
1147	-2.558746E-05	-6.357546E-05	0.000000E+00	
1148	-2.518179E-05	-4.983360E-05	0.000000E+00	
1149	-2.245415E-05	-3.799466E-05	0.000000E+00	
1150	-1.816101E-05	-2.868696E-05	0.000000E+00	
1151	-1.380587E-05	-2.267937E-05	0.000000E+00	
1152	-9.984281E-06	-1.897341E-05	0.000000E+00	
1153	-6.824631E-06	-1.686118E-05	0.000000E+00	
1154	-4.248759E-06	-1.567838E-05	0.000000E+00	
1155	-2.063123E-06	-1.508217E-05	0.000000E+00	
1156	-6.388484E-08	-1.485990E-05	0.000000E+00	
1157	1.922891E-06	-1.497567E-05	0.000000E+00	
1158	4.096587E-06	-1.544112E-05	0.000000E+00	
1159	6.686660E-06	-1.649855E-05	0.000000E+00	
1160	9.845816E-06	-1.848571E-05	0.000000E+00	
1161	1.370760E-05	-2.207254E-05	0.000000E+00	
1162	1.811246E-05	-2.800596E-05	0.000000E+00	
1163	2.245525E-05	-3.728259E-05	0.000000E+00	
1164	2.522582E-05	-4.912267E-05	0.000000E+00	
1165	2.566949E-05	-6.289468E-05	0.000000E+00	
1166	2.352170E-05	-7.640842E-05	0.000000E+00	
1167	1.804161E-05	-8.815391E-05	0.000000E+00	
1168	1.016782E-05	-9.556059E-05	0.000000E+00	
1169	1.122147E-06	-9.744903E-05	0.000000E+00	
1170	-7.912467E-06	-9.350279E-05	0.000000E+00	
1171	-1.580959E-05	-8.403136E-05	0.000000E+00	
1172	-2.147544E-05	-6.989689E-05	0.000000E+00	
1173	-2.383964E-05	-5.248552E-05	0.000000E+00	
1174	-2.184964E-05	-3.365244E-05	0.000000E+00	
1175	-1.440794E-05	-1.560566E-05	0.000000E+00	
1177	1.071122E-06	2.406576E-05	0.000000E+00	
1178	5.924432E-07	1.195594E-05	0.000000E+00	
1179	7.047699E-07	6.987015E-06	0.000000E+00	
1180	4.426179E-07	5.241413E-06	0.000000E+00	
1181	-1.682484E-07	4.961912E-06	0.000000E+00	
1182	-7.773707E-07	5.516357E-06	0.000000E+00	
1183	-1.157799E-06	7.489996E-06	0.000000E+00	
1184	-1.093841E-06	1.258280E-05	0.000000E+00	
1185	-1.580209E-06	2.481020E-05	0.000000E+00	
1187	9.993329E-07	-4.148865E-08	0.000000E+00	
1188	2.013054E-06	-1.216844E-07	0.000000E+00	
1189	3.039545E-06	-2.616112E-07	0.000000E+00	
1190	4.076007E-06	-1.491082E-07	0.000000E+00	
1191	5.125975E-06	-1.157898E-06	0.000000E+00	
1192	6.213129E-06	3.663050E-06	0.000000E+00	
1193	5.460029E-06	2.713654E-06	0.000000E+00	
1194	3.493487E-06	1.385745E-06	0.000000E+00	
1195	1.469129E-06	1.095992E-06	0.000000E+00	
1196	-3.967373E-07	1.130426E-06	0.000000E+00	
1197	-2.271465E-06	1.349163E-06	0.000000E+00	
1198	-4.283113E-06	1.856919E-06	0.000000E+00	
1199	-6.258280E-06	3.359242E-06	0.000000E+00	
1200	-7.019357E-06	4.488484E-06	0.000000E+00	
1202	1.052445E-06	-3.890139E-08	0.000000E+00	
1203	2.090069E-06	-1.349905E-07	0.000000E+00	
1204	3.114049E-06	-1.957667E-07	0.000000E+00	
1205	4.127404E-06	-4.744350E-07	0.000000E+00	
1206	5.128199E-06	4.493839E-07	0.000000E+00	
1207	6.097704E-06	-4.277732E-06	0.000000E+00	
1208	5.343602E-06	-3.086467E-06	0.000000E+00	
1209	3.390702E-06	-1.490685E-06	0.000000E+00	
1210	1.382562E-06	-8.883071E-07	0.000000E+00	
1211	-4.993429E-07	-6.356257E-07	0.000000E+00	
1212	-2.353530E-06	-6.507497E-07	0.000000E+00	
1213	-4.347175E-06	-1.021301E-06	0.000000E+00	
1214	-6.315539E-06	-2.425105E-06	0.000000E+00	
1215	-7.076159E-06	-3.452826E-06	0.000000E+00	
1216	6.049709E-07	-2.463297E-05	0.000000E+00	
1217	8.355276E-08	-1.234932E-05	0.000000E+00	
1218	6.666573E-08	-7.131778E-06	0.000000E+00	
1219	-2.435242E-07	-5.012047E-06	0.000000E+00	
1220	-6.521596E-07	-4.436819E-06	0.000000E+00	
1221	-1.134973E-06	-4.807441E-06	0.000000E+00	
1222	-1.430442E-06	-6.646703E-06	0.000000E+00	
1223	-1.309942E-06	-1.164978E-05	0.000000E+00	
1224	-1.775213E-06	-2.383174E-05	0.000000E+00	
1226	1.455768E-05	1.567899E-05	0.000000E+00	
1227	2.195998E-05	3.414476E-05	0.000000E+00	
1228	2.383109E-05	5.312275E-05	0.000000E+00	
1229	2.137287E-05	7.058146E-05	0.000000E+00	
1230	1.564045E-05	8.473612E-05	0.000000E+00	
1231	7.692746E-06	9.422317E-05	0.000000E+00	
1232	-1.384513E-06	9.818680E-05	0.000000E+00	
1233	-1.046955E-05	9.631871E-05	0.000000E+00	
1234	-1.838151E-05	8.893410E-05	0.000000E+00	
1235	-2.389773E-05	7.721079E-05	0.000000E+00	
1236	-2.607591E-05	6.372486E-05	0.000000E+00	
1237	-2.566342E-05	4.997839E-05	0.000000E+00	
1238	-2.291979E-05	3.816570E-05	0.000000E+00	
1239	-1.859408E-05	2.891351E-05	0.000000E+00	
1240	-1.419678E-05	2.301045E-05	0.000000E+00	
1241	-1.033362E-05	1.946140E-05	0.000000E+00	
1242	-7.164869E-06	1.752685E-05	0.000000E+00	
1243	-4.575263E-06	1.652406E-05	0.000000E+00	
1244	-2.397686E-06	1.610821E-05	0.000000E+00	
1245	-4.201400E-07	1.603418E-05	0.000000E+00	
1246	1.553705E-06	1.625941E-05	0.000000E+00	
1247	3.724335E-06	1.681049E-05	0.000000E+00	
1248	6.316589E-06	1.793494E-05	0.000000E+00	
1249	9.481394E-06	1.997598E-05	0.000000E+00	
1250	1.334579E-05	2.360342E-05	0.000000E+00	
1251	1.774921E-05	2.956111E-05	0.000000E+00	
1252	2.208679E-05	3.884339E-05	0.000000E+00	
1253	2.484740E-05	5.066469E-05	0.000000E+00	
1254	2.528254E-05	6.439699E-05	0.000000E+00	
1255	2.313237E-05	7.784858E-05	0.000000E+00	
1256	1.765315E-05	8.951825E-05	0.000000E+00	
1257	9.787338E-06	9.683580E-05	0.000000E+00	
1258	7.572152E-07	9.862785E-05	0.000000E+00	
1259	-8.256551E-06	9.458315E-05	0.000000E+00	
1260	-1.613216E-05	8.501399E-05	0.000000E+00	
1261	-2.178381E-05	7.078031E-05	0.000000E+00	
1262	-2.415249E-05	5.324994E-05	0.000000E+00	
1263	-2.218306E-05	3.421200E-05	0.000000E+00	
1264	-1.467361E-05	1.570236E-05	0.000000E+00	
1267	-8.892532E-07	1.288437E-05	0.000000E+00	
1268	-1.223594E-06	3.055847E-05	0.000000E+00	
1269	-1.558950E-06	4.937864E-05	0.000000E+00	
1270	-1.982873E-06	6.683810E-05	0.000000E+00	
1271	-2.453553E-06	8.101383E-05	0.000000E+00	
1272	-2.939601E-06	9.052119E-05	0.000000E+00	
1273	-3.437438E-06	9.451759E-05	0.000000E+00	
1274	-3.979108E-06	9.270403E-05	0.000000E+00	
1275	-4.654980E-06	8.532585E-05	0.000000E+00	
1276	-5.596197E-06	7.317295E-05	0.000000E+00	
1277	-6.651700E-06	5.757979E-05	0.000000E+00	
1278	-5.977289E-06	4.340936E-05	0.000000E+00	
1279	-4.821687E-06	3.066590E-05	0.000000E+00	
1280	-4.436658E-06	2.268216E-05	0.000000E+00	
1281	-4.127264E-06	1.738169E-05	0.000000E+00	
1282	-3.692913E-06	1.429946E-05	0.000000E+00	
1283	-3.059196E-06	1.246623E-05	0.000000E+00	
1284	-2.304713E-06	1.156622E-05	0.000000E+00	
1285	-1.459611E-06	1.113795E-05	0.000000E+00	
1286	-5.807930E-07	1.108338E-05	0.000000E+00	
1287	3.149406E-07	1.127889E-05	0.000000E+00	
1288	1.193682E-06	1.185360E-05	0.000000E+00	
1289	1.963534E-06	1.288432E-05	0.000000E+00	
1290	2.639756E-06	1.481295E-05	0.000000E+00	
1291	3.126073E-06	1.797159E-05	0.000000E+00	
1292	3.494854E-06	2.332651E-05	0.000000E+00	
1293	3.939249E-06	3.134674E-05	0.000000E+00	
1294	5.153724E-06	4.409977E-05	0.000000E+00	
1295	5.888197E-06	5.825781E-05	0.000000E+00	
1296	4.899374E-06	7.381204E-05	0.000000E+00	
1297	4.026360E-06	8.591006E-05	0.000000E+00	
1298	3.419155E-06	9.322101E-05	0.000000E+00	
1299	2.946525E-06	9.495858E-05	0.000000E+00	
1300	2.518115E-06	9.088115E-05	0.000000E+00	
1301	2.101840E-06	8.129170E-05	0.000000E+00	
1302	1.701209E-06	6.703695E-05	0.000000E+00	
1303	1.347540E-06	4.950583E-05	0.000000E+00	
1304	1.082580E-06	3.062571E-05	0.000000E+00	
1305	8.187243E-07	1.290774E-05	0.000000E+00	
1308	-1.474478E-05	1.208564E-05	0.000000E+00	
1309	-2.344384E-05	2.905903E-05	0.000000E+00	
1310	-2.660932E-05	4.771456E-05	0.000000E+00	
1311	-2.526781E-05	6.517525E-05	0.000000E+00	
1312	-2.055780E-05	7.937202E-05	0.000000E+00	
1313	-1.360071E-05	8.889969E-05	0.000000E+00	
1314	-5.489079E-06	9.292886E-05	0.000000E+00	
1315	2.719791E-06	9.116983E-05	0.000000E+00	
1316	1.002624E-05	8.379808E-05	0.000000E+00	
1317	1.547040E-05	7.121558E-05	0.000000E+00	
1318	1.780839E-05	5.351581E-05	0.000000E+00	
1319	1.409949E-05	2.698983E-05	0.000000E+00	
1320	9.039350E-06	1.943463E-05	0.000000E+00	
1321	5.352883E-06	1.325315E-05	0.000000E+00	
1322	2.744392E-06	1.034043E-05	0.000000E+00	
1323	1.049778E-06	7.825428E-06	0.000000E+00	
1324	1.191530E-08	6.788429E-06	0.000000E+00	
1325	-5.018094E-07	5.928792E-06	0.000000E+00	
1326	-7.097319E-07	5.729453E-06	0.000000E+00	
1327	-7.586016E-07	5.610679E-06	0.000000E+00	
1328	-8.408299E-07	5.864609E-06	0.000000E+00	
1329	-1.057563E-06	6.210063E-06	0.000000E+00	
1330	-1.401209E-06	7.190671E-06	0.000000E+00	
1331	-2.316887E-06	8.337286E-06	0.000000E+00	
1332	-3.905797E-06	1.091218E-05	0.000000E+00	
1333	-6.420891E-06	1.388657E-05	0.000000E+00	
1334	-1.000163E-05	2.011712E-05	0.000000E+00	
1335	-1.494823E-05	2.770999E-05	0.000000E+00	
1336	-1.853747E-05	5.419965E-05	0.000000E+00	
1337	-1.609423E-05	7.185599E-05	0.000000E+00	
1338	-1.055320E-05	8.438234E-05	0.000000E+00	
1339	-3.156940E-06	9.168670E-05	0.000000E+00	
1340	5.134639E-06	9.336979E-05	0.000000E+00	
1341	1.332153E-05	8.925963E-05	0.000000E+00	
1342	2.034607E-05	7.964988E-05	0.000000E+00	
1343	2.511541E-05	6.537410E-05	0.000000E+00	
1344	2.650791E-05	4.784175E-05	0.000000E+00	
1345	2.338488E-05	2.912627E-05	0.000000E+00	
1346	1.471965E-05	1.210901E-05	0.000000E+00	
1349	-1.473657E-05	-1.210530E-05	0.000000E+00	
1350	-2.341983E-05	-2.911480E-05	0.000000E+00	
1351	-2.656201E-05	-4.781903E-05	0.000000E+00	
1352	-2.518980E-05	-6.533719E-05	0.000000E+00	
1353	-2.044188E-05	-7.959641E-05	0.000000E+00	
1354	-1.343990E-05	-8.918780E-05	0.000000E+00	
1355	-5.276707E-06	-9.327838E-05	0.000000E+00	
1356	2.990031E-06	-9.157499E-05	0.000000E+00	
1357	1.036022E-05	-8.425004E-05	0.000000E+00	
1358	1.587354E-05	-7.170324E-05	0.000000E+00	
1359	1.828616E-05	-5.402782E-05	0.000000E+00	
1360	1.466123E-05	-2.752808E-05	0.000000E+00	
1361	9.704939E-06	-1.991118E-05	0.000000E+00	
1362	6.133467E-06	-1.365046E-05	0.000000E+00	
1363	3.661165E-06	-1.062405E-05	0.000000E+00	
1364	2.154249E-06	-7.988825E-06	0.000000E+00	
1365	1.418102E-06	-6.755560E-06	0.000000E+00	
1366	7.728272E-07	-5.688131E-06	0.000000E+00	
1367	3.144026E-07	-5.333664E-06	0.000000E+00	
1368	1.076752E-07	-5.079662E-06	0.000000E+00	
1369	-9.230424E-08	-5.239484E-06	0.000000E+00	
1370	-3.945435E-07	-5.497403E-06	0.000000E+00	
1371	-8.003411E-07	-6.408968E-06	0.000000E+00	
1372	-1.796154E-06	-7.490938E-06	0.000000E+00	
1373	-3.457113E-06	-1.002090E-05	0.000000E+00	
1374	-6.041960E-06	-1.295613E-05	0.000000E+00	
1375	-9.694194E-06	-1.916824E-05	0.000000E+00	
1376	-1.471559E-05	-2.675813E-05	0.000000E+00	
1377	-1.836721E-05	-5.333792E-05	0.000000E+00	
1378	-1.597556E-05	-7.107508E-05	0.000000E+00	
1379	-1.047964E-05	-8.368937E-05	0.000000E+00	
1380	-3.121836E-06	-9.108887E-05	0.000000E+00	
1381	5.138535E-06	-9.287149E-05	0.000000E+00	
1382	1.330178E-05	-8.886155E-05	0.000000E+00	
1383	2.031036E-05	-7.934880E-05	0.000000E+00	
1384	2.507143E-05	-6.516291E-05	0.000000E+00	
1385	2.646336E-05	-4.770947E-05	0.000000E+00	
1386	2.334748E-05	-2.905806E-05	0.000000E+00	
1387	1.469710E-05	-1.208618E-05	0.000000E+00	
1390	-8.443024E-07	-1.290403E-05	0.000000E+00	
1391	-1.133735E-06	-3.061424E-05	0.000000E+00	
1392	-1.424273E-06	-4.948311E-05	0.000000E+00	
1393	-1.803519E-06	-6.700003E-05	0.000000E+00	
1394	-2.229728E-06	-8.123822E-05	0.000000E+00	
1395	-2.671589E-06	-9.080932E-05	0.000000E+00	
1396	-3.125602E-06	-9.486717E-05	0.000000E+00	
1397	-3.623853E-06	-9.310943E-05	0.000000E+00	
1398	-4.256598E-06	-8.577830E-05	0.000000E+00	
1399	-5.154616E-06	-7.366074E-05	0.000000E+00	
1400	-6.166560E-06	-5.808826E-05	0.000000E+00	
1401	-5.450906E-06	-4.391182E-05	0.000000E+00	
1402	-4.254861E-06	-3.113860E-05	0.000000E+00	
1403	-3.823662E-06	-2.308771E-05	0.000000E+00	
1404	-3.467153E-06	-1.768942E-05	0.000000E+00	
1405	-3.002628E-06	-1.446923E-05	0.000000E+00	
1406	-2.400315E-06	-1.244322E-05	0.000000E+00	
1407	-1.628143E-06	-1.132756E-05	0.000000E+00	
1408	-7.866400E-07	-1.072547E-05	0.000000E+00	
1409	4.941643E-08	-1.054199E-05	0.000000E+00	
1410	8.970218E-07	-1.063326E-05	0.000000E+00	
1411	1.728301E-06	-1.112595E-05	0.000000E+00	
1412	2.451941E-06	-1.208590E-05	0.000000E+00	
1413	3.090231E-06	-1.395724E-05	0.000000E+00	
1414	3.539093E-06	-1.707232E-05	0.000000E+00	
1415	3.872490E-06	-2.240133E-05	0.000000E+00	
1416	4.285370E-06	-3.041594E-05	0.000000E+00	
1417	5.474813E-06	-4.319555E-05	0.000000E+00	
1418	6.183293E-06	-5.740219E-05	0.000000E+00	
1419	5.165368E-06	-7.303143E-05	0.000000E+00	
1420	4.264431E-06	-8.521654E-05	0.000000E+00	
1421	3.630317E-06	-9.262284E-05	0.000000E+00	
1422	3.131199E-06	-9.446015E-05	0.000000E+00	
1423	2.676413E-06	-9.048304E-05	0.000000E+00	
1424	2.233772E-06	-8.099062E-05	0.000000E+00	
1425	1.806766E-06	-6.682576E-05	0.000000E+00	
1426	1.426712E-06	-4.937356E-05	0.000000E+00	
1427	1.135363E-06	-3.055750E-05	0.000000E+00	
1428	8.451165E-07	-1.288491E-05	0.000000E+00	
1431	1.463937E-05	-1.569866E-05	0.000000E+00	
1432	2.211569E-05	-3.420053E-05	0.000000E+00	
1433	2.405313E-05	-5.322721E-05	0.000000E+00	
1434	2.165358E-05	-7.074339E-05	0.000000E+00	
1435	1.597220E-05	-8.496051E-05	0.000000E+00	
1436	8.068028E-06	-9.451131E-05	0.000000E+00	
1437	-9.731241E-07	-9.853646E-05	0.000000E+00	
1438	-1.002945E-05	-9.672435E-05	0.000000E+00	
1439	-1.792038E-05	-8.938703E-05	0.000000E+00	
1440	-2.342412E-05	-7.769874E-05	0.000000E+00	
1441	-2.559969E-05	-6.422969E-05	0.000000E+00	
1442	-2.519344E-05	-5.047914E-05	0.000000E+00	
1443	-2.246545E-05	-3.863498E-05	0.000000E+00	
1444	-1.816763E-05	-2.932050E-05	0.000000E+00	
1445	-1.380880E-05	-2.331125E-05	0.000000E+00	
1446	-9.985120E-06	-1.960546E-05	0.000000E+00	
1447	-6.824527E-06	-1.749386E-05	0.000000E+00	
1448	-4.248459E-06	-1.631170E-05	0.000000E+00	
1449	-2.062953E-06	-1.571592E-05	0.000000E+00	
1450	-6.399572E-08	-1.549381E-05	0.000000E+00	
1451	1.922389E-06	-1.560944E-05	0.000000E+00	
1452	4.095748E-06	-1.607436E-05	0.000000E+00	
1453	6.685771E-06	-1.713076E-05	0.000000E+00	
1454	9.845697E-06	-1.911670E-05	0.000000E+00	
1455	1.370974E-05	-2.270282E-05	0.000000E+00	
1456	1.811858E-05	-2.863752E-05	0.000000E+00	
1457	2.246653E-05	-3.792088E-05	0.000000E+00	
1458	2.523780E-05	-4.976624E-05	0.000000E+00	
1459	2.568221E-05	-6.354749E-05	0.000000E+00	
1460	2.353661E-05	-7.706826E-05	0.000000E+00	
1461	1.805304E-05	-8.882418E-05	0.000000E+00	
1462	1.017411E-05	-9.623728E-05	0.000000E+00	
1463	1.122733E-06	-9.812930E-05	0.000000E+00	
1464	-7.920120E-06	-9.418501E-05	0.000000E+00	
1465	-1.583254E-05	-8.471291E-05	0.000000E+00	
1466	-2.152870E-05	-7.056912E-05	0.000000E+00	
1467	-2.394961E-05	-5.311766E-05	0.000000E+00	
1468	-2.204009E-05	-3.414379E-05	0.000000E+00	
1469	-1.459828E-05	-1.567953E-05	0.000000E+00	
1471	1.072760E-06	2.411642E-05	0.000000E+00	
1472	5.976985E-07	1.200572E-05	0.000000E+00	
1473	7.111505E-07	7.042603E-06	0.000000E+00	
1474	4.470576E-07	5.300394E-06	0.000000E+00	
1475	-1.657577E-07	5.021163E-06	0.000000E+00	
1476	-7.760037E-07	5.574365E-06	0.000000E+00	
1477	-1.155243E-06	7.545302E-06	0.000000E+00	
1478	-1.087828E-06	1.263342E-05	0.000000E+00	
1479	-1.569370E-06	2.486450E-05	0.000000E+00	
1481	9.992953E-07	-4.145793E-08	0.000000E+00	
1482	2.013008E-06	-1.212024E-07	0.000000E+00	
1483	3.039147E-06	-2.609634E-07	0.000000E+00	
1484	4.075258E-06	-1.502955E-07	0.000000E+00	
1485	5.127482E-06	-1.164392E-06	0.000000E+00	
1486	6.220884E-06	3.663050E-06	0.000000E+00	
1487	5.465965E-06	2.715406E-06	0.000000E+00	
1488	3.497215E-06	1.389854E-06	0.000000E+00	
1489	1.471873E-06	1.101037E-06	0.000000E+00	
1490	-3.945854E-07	1.135142E-06	0.000000E+00	
1491	-2.269509E-06	1.353191E-06	0.000000E+00	
1492	-4.281479E-06	1.860242E-06	0.000000E+00	
1493	-6.257804E-06	3.362653E-06	0.000000E+00	
1494	-7.020456E-06	4.493956E-06	0.000000E+00	
1496	1.052226E-06	-3.886657E-08	0.000000E+00	
1497	2.089677E-06	-1.345288E-07	0.000000E+00	
1498	3.114298E-06	-1.950225E-07	0.000000E+00	
1499	4.129329E-06	-4.760785E-07	0.000000E+00	
1500	5.131385E-06	4.450500E-07	0.000000E+00	
1501	6.101693E-06	-4.287950E-06	0.000000E+00	
1502	5.346091E-06	-3.090820E-06	0.000000E+00	
1503	3.392125E-06	-1.493051E-06	0.000000E+00	
1504	1.383750E-06	-8.903949E-07	0.000000E+00	
1505	-4.978394E-07	-6.381734E-07	0.000000E+00	
1506	-2.351847E-06	-6.536103E-07	0.000000E+00	
1507	-4.345627E-06	-1.024065E-06	0.000000E+00	
1508	-6.315078E-06	-2.428240E-06	0.000000E+00	
1509	-7.077251E-06	-3.458094E-06	0.000000E+00	
1510	5.929728E-07	-2.468925E-05	0.000000E+00	
1511	7.676356E-08	-1.240209E-05	0.000000E+00	
1512	6.464317E-08	-7.186149E-06	0.000000E+00	
1513	-2.429884E-07	-5.068869E-06	0.000000E+00	
1514	-6.515471E-07	-4.494303E-06	0.000000E+00	
1515	-1.134172E-06	-4.864482E-06	0.000000E+00	
1516	-1.428038E-06	-6.701568E-06	0.000000E+00	
1517	-1.304018E-06	-1.170015E-05	0.000000E+00	
1518	-1.764482E-06	-2.388575E-05	0.000000E+00	
1520	1.494906E-05	1.939308E-05	0.000000E+00	
1521	2.213157E-05	3.820293E-05	0.000000E+00	
1522	2.390609E-05	5.725874E-05	0.000000E+00	
1523	2.140711E-05	7.473706E-05	0.000000E+00	
1524	1.565555E-05	8.889696E-05	0.000000E+00	
1525	7.698528E-06	9.838444E-05	0.000000E+00	
1526	-1.383607E-06	1.023469E-04	0.000000E+00	
1527	-1.047190E-05	1.004766E-04	0.000000E+00	
1528	-1.838671E-05	9.308801E-05	0.000000E+00	
1529	-2.390467E-05	8.135819E-05	0.000000E+00	
1530	-2.608078E-05	6.786833E-05	0.000000E+00	
1531	-2.566743E-05	5.411646E-05	0.000000E+00	
1532	-2.292355E-05	4.230133E-05	0.000000E+00	
1533	-1.859481E-05	3.304538E-05	0.000000E+00	
1534	-1.419531E-05	2.714192E-05	0.000000E+00	
1535	-1.033111E-05	2.359354E-05	0.000000E+00	
1536	-7.162342E-06	2.165972E-05	0.000000E+00	
1537	-4.573209E-06	2.065752E-05	0.000000E+00	
1538	-2.396154E-06	2.024182E-05	0.000000E+00	
1539	-4.191538E-07	2.016777E-05	0.000000E+00	
1540	1.554245E-06	2.039277E-05	0.000000E+00	
1541	3.724573E-06	2.094342E-05	0.000000E+00	
1542	6.316775E-06	2.206733E-05	0.000000E+00	
1543	9.482027E-06	2.410777E-05	0.000000E+00	
1544	1.334774E-05	2.773508E-05	0.000000E+00	
1545	1.775351E-05	3.369392E-05	0.000000E+00	
1546	2.209384E-05	4.298055E-05	0.000000E+00	
1547	2.485412E-05	5.480477E-05	0.000000E+00	
1548	2.528939E-05	6.854237E-05	0.000000E+00	
1549	2.314065E-05	8.199746E-05	0.000000E+00	
1550	1.765932E-05	9.367298E-05	0.000000E+00	
1551	9.790498E-06	1.009940E-04	0.000000E+00	
1552	7.570584E-07	1.027879E-04	0.000000E+00	
1553	-8.261621E-06	9.874419E-05	0.000000E+00	
1554	-1.614661E-05	8.917458E-05	0.000000E+00	
1555	-2.181750E-05	7.493571E-05	0.000000E+00	
1556	-2.422706E-05	5.738579E-05	0.000000E+00	
1557	-2.235435E-05	3.827009E-05	0.000000E+00	
1558	-1.506483E-05	1.941642E-05	0.000000E+00	
1561	-1.090785E-06	1.285616E-05	0.000000E+00	
1562	-1.273788E-06	3.081924E-05	0.000000E+00	
1563	-1.567326E-06	4.971035E-05	0.000000E+00	
1564	-1.983216E-06	6.719601E-05	0.000000E+00	
1565	-2.452638E-06	8.137941E-05	0.000000E+00	
1566	-2.938498E-06	9.088793E-05	0.000000E+00	
1567	-3.436184E-06	9.488338E-05	0.000000E+00	
1568	-3.977752E-06	9.306789E-05	0.000000E+00	
1569	-4.654132E-06	8.568622E-05	0.000000E+00	
1570	-5.598032E-06	7.352617E-05	0.000000E+00	
1571	-6.660110E-06	5.791678E-05	0.000000E+00	
1572	-5.984057E-06	4.374033E-05	0.000000E+00	
1573	-4.821230E-06	3.098277E-05	0.000000E+00	
1574	-4.434007E-06	2.299701E-05	0.000000E+00	
1575	-4.124118E-06	1.769653E-05	0.000000E+00	
1576	-3.690217E-06	1.461533E-05	0.000000E+00	
1577	-3.056935E-06	1.278335E-05	0.000000E+00	
1578	-2.302771E-06	1.188360E-05	0.000000E+00	
1579	-1.458065E-06	1.145561E-05	0.000000E+00	
1580	-5.795221E-07	1.140094E-05	0.000000E+00	
1581	3.159528E-07	1.159618E-05	0.000000E+00	
1582	1.194458E-06	1.217051E-05	0.000000E+00	
1583	1.964116E-06	1.320057E-05	0.000000E+00	
1584	2.640172E-06	1.512850E-05	0.000000E+00	
1585	3.126377E-06	1.828652E-05	0.000000E+00	
1586	3.495578E-06	2.364216E-05	0.000000E+00	
1587	3.941991E-06	3.166567E-05	0.000000E+00	
1588	5.163333E-06	4.443286E-05	0.000000E+00	
1589	5.899136E-06	5.859695E-05	0.000000E+00	
1590	4.903463E-06	7.416675E-05	0.000000E+00	
1591	4.027443E-06	8.627123E-05	0.000000E+00	
1592	3.419394E-06	9.358512E-05	0.000000E+00	
1593	2.946556E-06	9.532428E-05	0.000000E+00	
1594	2.518022E-06	9.124766E-05	0.000000E+00	
1595	2.101697E-06	8.165702E-05	0.000000E+00	
1596	1.702122E-06	6.739466E-05	0.000000E+00	
1597	1.356315E-06	4.983740E-05	0.000000E+00	
1598	1.133027E-06	3.088639E-05	0.000000E+00	
1599	1.020379E-06	1.287950E-05	0.000000E+00	
1602	-1.473262E-05	1.219707E-05	0.000000E+00	
1603	-2.351407E-05	2.917133E-05	0.000000E+00	
1604	-2.666605E-05	4.790673E-05	0.000000E+00	
1605	-2.529921E-05	6.539912E-05	0.000000E+00	
1606	-2.057183E-05	7.960605E-05	0.000000E+00	
1607	-1.360494E-05	8.913561E-05	0.000000E+00	
1608	-5.487777E-06	9.316406E-05	0.000000E+00	
1609	2.725180E-06	9.140338E-05	0.000000E+00	
1610	1.003652E-05	8.402863E-05	0.000000E+00	
1611	1.548862E-05	7.143828E-05	0.000000E+00	
1612	1.783798E-05	5.371242E-05	0.000000E+00	
1613	1.412437E-05	2.706663E-05	0.000000E+00	
1614	9.050779E-06	1.950416E-05	0.000000E+00	
1615	5.358136E-06	1.331921E-05	0.000000E+00	
1616	2.747073E-06	1.041218E-05	0.000000E+00	
1617	1.052034E-06	7.901753E-06	0.000000E+00	
1618	1.411659E-08	6.864420E-06	0.000000E+00	
1619	-4.997649E-07	6.006780E-06	0.000000E+00	
1620	-7.077431E-07	5.807019E-06	0.000000E+00	
1621	-7.567828E-07	5.688015E-06	0.000000E+00	
1622	-8.391297E-07	5.941733E-06	0.000000E+00	
1623	-1.055875E-06	6.286269E-06	0.000000E+00	
1624	-1.399534E-06	7.265985E-06	0.000000E+00	
1625	-2.315404E-06	8.410958E-06	0.000000E+00	
1626	-3.905027E-06	1.098410E-05	0.000000E+00	
1627	-6.422552E-06	1.395577E-05	0.000000E+00	
1628	-1.000909E-05	2.018882E-05	0.000000E+00	
1629	-1.496875E-05	2.779143E-05	0.000000E+00	
1630	-1.856311E-05	5.439867E-05	0.000000E+00	
1631	-1.610888E-05	7.208017E-05	0.000000E+00	
1632	-1.056044E-05	8.461367E-05	0.000000E+00	
1633	-3.159904E-06	9.192048E-05	0.000000E+00	
1634	5.135161E-06	9.360489E-05	0.000000E+00	
1635	1.332706E-05	8.949531E-05	0.000000E+00	
1636	2.036099E-05	7.988366E-05	0.000000E+00	
1637	2.514740E-05	6.559776E-05	0.000000E+00	
1638	2.656500E-05	4.803378E-05	0.000000E+00	
1639	2.345532E-05	2.923849E-05	0.000000E+00	
1640	1.470758E-05	1.222041E-05	0.000000E+00	
1643	-1.472450E-05	-1.221670E-05	0.000000E+00	
1644	-2.349027E-05	-2.922701E-05	0.000000E+00	
1645	-2.661910E-05	-4.801105E-05	0.000000E+00	
1646	-2.522180E-05	-6.556084E-05	0.000000E+00	
1647	-2.045683E-05	-7.983018E-05	0.000000E+00	
1648	-1.344549E-05	-8.942349E-05	0.000000E+00	
1649	-5.277320E-06	-9.351349E-05	0.000000E+00	
1650	2.992842E-06	-9.180884E-05	0.000000E+00	
1651	1.036721E-05	-8.448153E-05	0.000000E+00	
1652	1.588779E-05	-7.192780E-05	0.000000E+00	
1653	1.831128E-05	-5.422780E-05	0.000000E+00	
1654	1.468148E-05	-2.761217E-05	0.000000E+00	
1655	9.712767E-06	-1.998479E-05	0.000000E+00	
1656	6.135403E-06	-1.371706E-05	0.000000E+00	
1657	3.660718E-06	-1.069656E-05	0.000000E+00	
1658	2.153556E-06	-8.062767E-06	0.000000E+00	
1659	1.417497E-06	-6.829917E-06	0.000000E+00	
1660	7.723325E-07	-5.763664E-06	0.000000E+00	
1661	3.141686E-07	-5.409404E-06	0.000000E+00	
1662	1.077120E-07	-5.155785E-06	0.000000E+00	
1663	-9.200281E-08	-5.315336E-06	0.000000E+00	
1664	-3.939621E-07	-5.573026E-06	0.000000E+00	
1665	-7.995075E-07	-6.483620E-06	0.000000E+00	
1666	-1.795273E-06	-7.564302E-06	0.000000E+00	
1667	-3.456763E-06	-1.009250E-05	0.000000E+00	
1668	-6.043915E-06	-1.302519E-05	0.000000E+00	
1669	-9.701864E-06	-1.923971E-05	0.000000E+00	
1670	-1.473629E-05	-2.683934E-05	0.000000E+00	
1671	-1.839300E-05	-5.353685E-05	0.000000E+00	
1672	-1.599032E-05	-7.129922E-05	0.000000E+00	
1673	-1.048696E-05	-8.392068E-05	0.000000E+00	
1674	-3.124857E-06	-9.132264E-05	0.000000E+00	
1675	5.139017E-06	-9.310659E-05	0.000000E+00	
1676	1.330729E-05	-8.909724E-05	0.000000E+00	
1677	2.032526E-05	-7.958258E-05	0.000000E+00	
1678	2.510341E-05	-6.538658E-05	0.000000E+00	
1679	2.652045E-05	-4.790150E-05	0.000000E+00	
1680	2.341792E-05	-2.917028E-05	0.000000E+00	
1681	1.468503E-05	-1.219758E-05	0.000000E+00	
1684	-1.045956E-06	-1.287580E-05	0.000000E+00	
1685	-1.184182E-06	-3.087492E-05	0.000000E+00	
1686	-1.433047E-06	-4.981467E-05	0.000000E+00	
1687	-1.804429E-06	-6.735773E-05	0.000000E+00	
1688	-2.229582E-06	-8.160354E-05	0.000000E+00	
1689	-2.671492E-06	-9.117582E-05	0.000000E+00	
1690	-3.125629E-06	-9.523290E-05	0.000000E+00	
1691	-3.624083E-06	-9.347362E-05	0.000000E+00	
1692	-4.257655E-06	-8.613965E-05	0.000000E+00	
1693	-5.158624E-06	-7.401583E-05	0.000000E+00	
1694	-6.177328E-06	-5.842814E-05	0.000000E+00	
1695	-5.460445E-06	-4.424580E-05	0.000000E+00	
1696	-4.257817E-06	-3.145835E-05	0.000000E+00	
1697	-3.824333E-06	-2.340446E-05	0.000000E+00	
1698	-3.467111E-06	-1.800458E-05	0.000000E+00	
1699	-3.002731E-06	-1.478476E-05	0.000000E+00	
1700	-2.400425E-06	-1.275916E-05	0.000000E+00	
1701	-1.628187E-06	-1.164372E-05	0.000000E+00	
1702	-7.866613E-07	-1.104192E-05	0.000000E+00	
1703	4.941488E-08	-1.085850E-05	0.000000E+00	
1704	8.970380E-07	-1.094976E-05	0.000000E+00	
1705	1.728327E-06	-1.144219E-05	0.000000E+00	
1706	2.451956E-06	-1.240173E-05	0.000000E+00	
1707	3.090223E-06	-1.427246E-05	0.000000E+00	
1708	3.539079E-06	-1.738703E-05	0.000000E+00	
1709	3.872977E-06	-2.271680E-05	0.000000E+00	
1710	4.287933E-06	-3.073475E-05	0.000000E+00	
1711	5.484302E-06	-4.352855E-05	0.000000E+00	
1712	6.194149E-06	-5.774127E-05	0.000000E+00	
1713	5.169392E-06	-7.338610E-05	0.000000E+00	
1714	4.265463E-06	-8.557769E-05	0.000000E+00	
1715	3.630517E-06	-9.298694E-05	0.000000E+00	
1716	3.131201E-06	-9.482585E-05	0.000000E+00	
1717	2.676298E-06	-9.084955E-05	0.000000E+00	
1718	2.233613E-06	-8.135595E-05	0.000000E+00	
1719	1.807667E-06	-6.718348E-05	0.000000E+00	
1720	1.435480E-06	-4.970513E-05	0.000000E+00	
1721	1.185805E-06	-3.081818E-05	0.000000E+00	
1722	1.046769E-06	-1.285667E-05	0.000000E+00	
1725	1.503059E-05	-1.941271E-05	0.000000E+00	
1726	2.228698E-05	-3.825861E-05	0.000000E+00	
1727	2.412770E-05	-5.736306E-05	0.000000E+00	
1728	2.168728E-05	-7.489878E-05	0.000000E+00	
1729	1.598669E-05	-8.912109E-05	0.000000E+00	
1730	8.073159E-06	-9.867234E-05	0.000000E+00	
1731	-9.728636E-07	-1.026965E-04	0.000000E+00	
1732	-1.003244E-05	-1.008826E-04	0.000000E+00	
1733	-1.792631E-05	-9.354196E-05	0.000000E+00	
1734	-2.343213E-05	-8.184799E-05	0.000000E+00	
1735	-2.560631E-05	-6.837558E-05	0.000000E+00	
1736	-2.519999E-05	-5.461983E-05	0.000000E+00	
1737	-2.247233E-05	-4.277293E-05	0.000000E+00	
1738	-1.817201E-05	-3.345396E-05	0.000000E+00	
1739	-1.381100E-05	-2.744339E-05	0.000000E+00	
1740	-9.985853E-06	-2.373730E-05	0.000000E+00	
1741	-6.824653E-06	-2.162598E-05	0.000000E+00	
1742	-4.248409E-06	-2.044414E-05	0.000000E+00	
1743	-2.062900E-06	-1.984852E-05	0.000000E+00	
1744	-6.403781E-08	-1.962650E-05	0.000000E+00	
1745	1.922218E-06	-1.974205E-05	0.000000E+00	
1746	4.095491E-06	-2.020676E-05	0.000000E+00	
1747	6.685613E-06	-2.126274E-05	0.000000E+00	
1748	9.846080E-06	-2.324820E-05	0.000000E+00	
1749	1.371151E-05	-2.683426E-05	0.000000E+00	
1750	1.812274E-05	-3.277020E-05	0.000000E+00	
1751	2.247349E-05	-4.205792E-05	0.000000E+00	
1752	2.524445E-05	-5.390624E-05	0.000000E+00	
1753	2.568901E-05	-6.769282E-05	0.000000E+00	
1754	2.354486E-05	-8.121710E-05	0.000000E+00	
1755	1.805918E-05	-9.297889E-05	0.000000E+00	
1756	1.017725E-05	-1.003954E-04	0.000000E+00	
1757	1.122558E-06	-1.022893E-04	0.000000E+00	
1758	-7.925205E-06	-9.834605E-05	0.000000E+00	
1759	-1.584701E-05	-8.887350E-05	0.000000E+00	
1760	-2.156240E-05	-7.472453E-05	0.000000E+00	
1761	-2.402418E-05	-5.725352E-05	0.000000E+00	
1762	-2.221139E-05	-3.820188E-05	0.000000E+00	
1763	-1.498950E-05	-1.939359E-05	0.000000E+00	
