prism
//Number_of_Node
1071
//Number_of_Element
1280
//Number_of_Region
1
//Factor
1.0
52,53,54,1,2,3,
53,55,56,2,4,5,
53,56,54,2,5,3,
57,54,56,6,3,5,
58,53,52,7,2,1,
59,55,53,8,4,2,
58,59,53,7,8,2,
59,58,60,8,7,9,
52,61,62,1,10,11,
61,63,64,10,12,13,
61,64,62,10,13,11,
65,62,64,14,11,13,
54,61,52,3,10,1,
66,63,61,15,12,10,
54,66,61,3,15,10,
66,54,57,15,3,6,
52,67,68,1,16,17,
67,69,70,16,18,19,
67,70,68,16,19,17,
71,68,70,20,17,19,
62,67,52,11,16,1,
72,69,67,21,18,16,
62,72,67,11,21,16,
72,62,65,21,11,14,
52,73,74,1,22,23,
73,75,76,22,24,25,
73,76,74,22,25,23,
77,74,76,26,23,25,
68,73,52,17,22,1,
78,75,73,27,24,22,
68,78,73,17,27,22,
78,68,71,27,17,20,
52,79,80,1,28,29,
79,81,82,28,30,31,
79,82,80,28,31,29,
83,80,82,32,29,31,
74,79,52,23,28,1,
84,81,79,33,30,28,
74,84,79,23,33,28,
84,74,77,33,23,26,
52,85,86,1,34,35,
85,87,88,34,36,37,
85,88,86,34,37,35,
89,86,88,38,35,37,
80,85,52,29,34,1,
90,87,85,39,36,34,
80,90,85,29,39,34,
90,80,83,39,29,32,
52,91,92,1,40,41,
91,93,94,40,42,43,
91,94,92,40,43,41,
95,92,94,44,41,43,
86,91,52,35,40,1,
96,93,91,45,42,40,
86,96,91,35,45,40,
96,86,89,45,35,38,
52,97,98,1,46,47,
97,99,100,46,48,49,
97,100,98,46,49,47,
101,98,100,50,47,49,
92,97,52,41,46,1,
102,99,97,51,48,46,
92,102,97,41,51,46,
102,92,95,51,41,44,
103,104,105,52,53,54,
104,106,107,53,55,56,
104,107,105,53,56,54,
108,105,107,57,54,56,
109,104,103,58,53,52,
110,106,104,59,55,53,
109,110,104,58,59,53,
110,109,111,59,58,60,
103,112,113,52,61,62,
112,114,115,61,63,64,
112,115,113,61,64,62,
116,113,115,65,62,64,
105,112,103,54,61,52,
117,114,112,66,63,61,
105,117,112,54,66,61,
117,105,108,66,54,57,
103,118,119,52,67,68,
118,120,121,67,69,70,
118,121,119,67,70,68,
122,119,121,71,68,70,
113,118,103,62,67,52,
123,120,118,72,69,67,
113,123,118,62,72,67,
123,113,116,72,62,65,
103,124,125,52,73,74,
124,126,127,73,75,76,
124,127,125,73,76,74,
128,125,127,77,74,76,
119,124,103,68,73,52,
129,126,124,78,75,73,
119,129,124,68,78,73,
129,119,122,78,68,71,
103,130,131,52,79,80,
130,132,133,79,81,82,
130,133,131,79,82,80,
134,131,133,83,80,82,
125,130,103,74,79,52,
135,132,130,84,81,79,
125,135,130,74,84,79,
135,125,128,84,74,77,
103,136,137,52,85,86,
136,138,139,85,87,88,
136,139,137,85,88,86,
140,137,139,89,86,88,
131,136,103,80,85,52,
141,138,136,90,87,85,
131,141,136,80,90,85,
141,131,134,90,80,83,
103,142,143,52,91,92,
142,144,145,91,93,94,
142,145,143,91,94,92,
146,143,145,95,92,94,
137,142,103,86,91,52,
147,144,142,96,93,91,
137,147,142,86,96,91,
147,137,140,96,86,89,
103,148,149,52,97,98,
148,150,151,97,99,100,
148,151,149,97,100,98,
152,149,151,101,98,100,
143,148,103,92,97,52,
153,150,148,102,99,97,
143,153,148,92,102,97,
153,143,146,102,92,95,
154,155,156,103,104,105,
155,157,158,104,106,107,
155,158,156,104,107,105,
159,156,158,108,105,107,
160,155,154,109,104,103,
161,157,155,110,106,104,
160,161,155,109,110,104,
161,160,162,110,109,111,
154,163,164,103,112,113,
163,165,166,112,114,115,
163,166,164,112,115,113,
167,164,166,116,113,115,
156,163,154,105,112,103,
168,165,163,117,114,112,
156,168,163,105,117,112,
168,156,159,117,105,108,
154,169,170,103,118,119,
169,171,172,118,120,121,
169,172,170,118,121,119,
173,170,172,122,119,121,
164,169,154,113,118,103,
174,171,169,123,120,118,
164,174,169,113,123,118,
174,164,167,123,113,116,
154,175,176,103,124,125,
175,177,178,124,126,127,
175,178,176,124,127,125,
179,176,178,128,125,127,
170,175,154,119,124,103,
180,177,175,129,126,124,
170,180,175,119,129,124,
180,170,173,129,119,122,
154,181,182,103,130,131,
181,183,184,130,132,133,
181,184,182,130,133,131,
185,182,184,134,131,133,
176,181,154,125,130,103,
186,183,181,135,132,130,
176,186,181,125,135,130,
186,176,179,135,125,128,
154,187,188,103,136,137,
187,189,190,136,138,139,
187,190,188,136,139,137,
191,188,190,140,137,139,
182,187,154,131,136,103,
192,189,187,141,138,136,
182,192,187,131,141,136,
192,182,185,141,131,134,
154,193,194,103,142,143,
193,195,196,142,144,145,
193,196,194,142,145,143,
197,194,196,146,143,145,
188,193,154,137,142,103,
198,195,193,147,144,142,
188,198,193,137,147,142,
198,188,191,147,137,140,
154,199,200,103,148,149,
199,201,202,148,150,151,
199,202,200,148,151,149,
203,200,202,152,149,151,
194,199,154,143,148,103,
204,201,199,153,150,148,
194,204,199,143,153,148,
204,194,197,153,143,146,
205,206,207,154,155,156,
206,208,209,155,157,158,
206,209,207,155,158,156,
210,207,209,159,156,158,
211,206,205,160,155,154,
212,208,206,161,157,155,
211,212,206,160,161,155,
212,211,213,161,160,162,
205,214,215,154,163,164,
214,216,217,163,165,166,
214,217,215,163,166,164,
218,215,217,167,164,166,
207,214,205,156,163,154,
219,216,214,168,165,163,
207,219,214,156,168,163,
219,207,210,168,156,159,
205,220,221,154,169,170,
220,222,223,169,171,172,
220,223,221,169,172,170,
224,221,223,173,170,172,
215,220,205,164,169,154,
225,222,220,174,171,169,
215,225,220,164,174,169,
225,215,218,174,164,167,
205,226,227,154,175,176,
226,228,229,175,177,178,
226,229,227,175,178,176,
230,227,229,179,176,178,
221,226,205,170,175,154,
231,228,226,180,177,175,
221,231,226,170,180,175,
231,221,224,180,170,173,
205,232,233,154,181,182,
232,234,235,181,183,184,
232,235,233,181,184,182,
236,233,235,185,182,184,
227,232,205,176,181,154,
237,234,232,186,183,181,
227,237,232,176,186,181,
237,227,230,186,176,179,
205,238,239,154,187,188,
238,240,241,187,189,190,
238,241,239,187,190,188,
242,239,241,191,188,190,
233,238,205,182,187,154,
243,240,238,192,189,187,
233,243,238,182,192,187,
243,233,236,192,182,185,
205,244,245,154,193,194,
244,246,247,193,195,196,
244,247,245,193,196,194,
248,245,247,197,194,196,
239,244,205,188,193,154,
249,246,244,198,195,193,
239,249,244,188,198,193,
249,239,242,198,188,191,
205,250,251,154,199,200,
250,252,253,199,201,202,
250,253,251,199,202,200,
254,251,253,203,200,202,
245,250,205,194,199,154,
255,252,250,204,201,199,
245,255,250,194,204,199,
255,245,248,204,194,197,
256,257,258,205,206,207,
257,259,260,206,208,209,
257,260,258,206,209,207,
261,258,260,210,207,209,
262,257,256,211,206,205,
263,259,257,212,208,206,
262,263,257,211,212,206,
263,262,264,212,211,213,
256,265,266,205,214,215,
265,267,268,214,216,217,
265,268,266,214,217,215,
269,266,268,218,215,217,
258,265,256,207,214,205,
270,267,265,219,216,214,
258,270,265,207,219,214,
270,258,261,219,207,210,
256,271,272,205,220,221,
271,273,274,220,222,223,
271,274,272,220,223,221,
275,272,274,224,221,223,
266,271,256,215,220,205,
276,273,271,225,222,220,
266,276,271,215,225,220,
276,266,269,225,215,218,
256,277,278,205,226,227,
277,279,280,226,228,229,
277,280,278,226,229,227,
281,278,280,230,227,229,
272,277,256,221,226,205,
282,279,277,231,228,226,
272,282,277,221,231,226,
282,272,275,231,221,224,
256,283,284,205,232,233,
283,285,286,232,234,235,
283,286,284,232,235,233,
287,284,286,236,233,235,
278,283,256,227,232,205,
288,285,283,237,234,232,
278,288,283,227,237,232,
288,278,281,237,227,230,
256,289,290,205,238,239,
289,291,292,238,240,241,
289,292,290,238,241,239,
293,290,292,242,239,241,
284,289,256,233,238,205,
294,291,289,243,240,238,
284,294,289,233,243,238,
294,284,287,243,233,236,
256,295,296,205,244,245,
295,297,298,244,246,247,
295,298,296,244,247,245,
299,296,298,248,245,247,
290,295,256,239,244,205,
300,297,295,249,246,244,
290,300,295,239,249,244,
300,290,293,249,239,242,
256,301,302,205,250,251,
301,303,304,250,252,253,
301,304,302,250,253,251,
305,302,304,254,251,253,
296,301,256,245,250,205,
306,303,301,255,252,250,
296,306,301,245,255,250,
306,296,299,255,245,248,
307,308,309,256,257,258,
308,310,311,257,259,260,
308,311,309,257,260,258,
312,309,311,261,258,260,
313,308,307,262,257,256,
314,310,308,263,259,257,
313,314,308,262,263,257,
314,313,315,263,262,264,
307,316,317,256,265,266,
316,318,319,265,267,268,
316,319,317,265,268,266,
320,317,319,269,266,268,
309,316,307,258,265,256,
321,318,316,270,267,265,
309,321,316,258,270,265,
321,309,312,270,258,261,
307,322,323,256,271,272,
322,324,325,271,273,274,
322,325,323,271,274,272,
326,323,325,275,272,274,
317,322,307,266,271,256,
327,324,322,276,273,271,
317,327,322,266,276,271,
327,317,320,276,266,269,
307,328,329,256,277,278,
328,330,331,277,279,280,
328,331,329,277,280,278,
332,329,331,281,278,280,
323,328,307,272,277,256,
333,330,328,282,279,277,
323,333,328,272,282,277,
333,323,326,282,272,275,
307,334,335,256,283,284,
334,336,337,283,285,286,
334,337,335,283,286,284,
338,335,337,287,284,286,
329,334,307,278,283,256,
339,336,334,288,285,283,
329,339,334,278,288,283,
339,329,332,288,278,281,
307,340,341,256,289,290,
340,342,343,289,291,292,
340,343,341,289,292,290,
344,341,343,293,290,292,
335,340,307,284,289,256,
345,342,340,294,291,289,
335,345,340,284,294,289,
345,335,338,294,284,287,
307,346,347,256,295,296,
346,348,349,295,297,298,
346,349,347,295,298,296,
350,347,349,299,296,298,
341,346,307,290,295,256,
351,348,346,300,297,295,
341,351,346,290,300,295,
351,341,344,300,290,293,
307,352,353,256,301,302,
352,354,355,301,303,304,
352,355,353,301,304,302,
356,353,355,305,302,304,
347,352,307,296,301,256,
357,354,352,306,303,301,
347,357,352,296,306,301,
357,347,350,306,296,299,
358,359,360,307,308,309,
359,361,362,308,310,311,
359,362,360,308,311,309,
363,360,362,312,309,311,
364,359,358,313,308,307,
365,361,359,314,310,308,
364,365,359,313,314,308,
365,364,366,314,313,315,
358,367,368,307,316,317,
367,369,370,316,318,319,
367,370,368,316,319,317,
371,368,370,320,317,319,
360,367,358,309,316,307,
372,369,367,321,318,316,
360,372,367,309,321,316,
372,360,363,321,309,312,
358,373,374,307,322,323,
373,375,376,322,324,325,
373,376,374,322,325,323,
377,374,376,326,323,325,
368,373,358,317,322,307,
378,375,373,327,324,322,
368,378,373,317,327,322,
378,368,371,327,317,320,
358,379,380,307,328,329,
379,381,382,328,330,331,
379,382,380,328,331,329,
383,380,382,332,329,331,
374,379,358,323,328,307,
384,381,379,333,330,328,
374,384,379,323,333,328,
384,374,377,333,323,326,
358,385,386,307,334,335,
385,387,388,334,336,337,
385,388,386,334,337,335,
389,386,388,338,335,337,
380,385,358,329,334,307,
390,387,385,339,336,334,
380,390,385,329,339,334,
390,380,383,339,329,332,
358,391,392,307,340,341,
391,393,394,340,342,343,
391,394,392,340,343,341,
395,392,394,344,341,343,
386,391,358,335,340,307,
396,393,391,345,342,340,
386,396,391,335,345,340,
396,386,389,345,335,338,
358,397,398,307,346,347,
397,399,400,346,348,349,
397,400,398,346,349,347,
401,398,400,350,347,349,
392,397,358,341,346,307,
402,399,397,351,348,346,
392,402,397,341,351,346,
402,392,395,351,341,344,
358,403,404,307,352,353,
403,405,406,352,354,355,
403,406,404,352,355,353,
407,404,406,356,353,355,
398,403,358,347,352,307,
408,405,403,357,354,352,
398,408,403,347,357,352,
408,398,401,357,347,350,
409,410,411,358,359,360,
410,412,413,359,361,362,
410,413,411,359,362,360,
414,411,413,363,360,362,
415,410,409,364,359,358,
416,412,410,365,361,359,
415,416,410,364,365,359,
416,415,417,365,364,366,
409,418,419,358,367,368,
418,420,421,367,369,370,
418,421,419,367,370,368,
422,419,421,371,368,370,
411,418,409,360,367,358,
423,420,418,372,369,367,
411,423,418,360,372,367,
423,411,414,372,360,363,
409,424,425,358,373,374,
424,426,427,373,375,376,
424,427,425,373,376,374,
428,425,427,377,374,376,
419,424,409,368,373,358,
429,426,424,378,375,373,
419,429,424,368,378,373,
429,419,422,378,368,371,
409,430,431,358,379,380,
430,432,433,379,381,382,
430,433,431,379,382,380,
434,431,433,383,380,382,
425,430,409,374,379,358,
435,432,430,384,381,379,
425,435,430,374,384,379,
435,425,428,384,374,377,
409,436,437,358,385,386,
436,438,439,385,387,388,
436,439,437,385,388,386,
440,437,439,389,386,388,
431,436,409,380,385,358,
441,438,436,390,387,385,
431,441,436,380,390,385,
441,431,434,390,380,383,
409,442,443,358,391,392,
442,444,445,391,393,394,
442,445,443,391,394,392,
446,443,445,395,392,394,
437,442,409,386,391,358,
447,444,442,396,393,391,
437,447,442,386,396,391,
447,437,440,396,386,389,
409,448,449,358,397,398,
448,450,451,397,399,400,
448,451,449,397,400,398,
452,449,451,401,398,400,
443,448,409,392,397,358,
453,450,448,402,399,397,
443,453,448,392,402,397,
453,443,446,402,392,395,
409,454,455,358,403,404,
454,456,457,403,405,406,
454,457,455,403,406,404,
458,455,457,407,404,406,
449,454,409,398,403,358,
459,456,454,408,405,403,
449,459,454,398,408,403,
459,449,452,408,398,401,
460,461,462,409,410,411,
461,463,464,410,412,413,
461,464,462,410,413,411,
465,462,464,414,411,413,
466,461,460,415,410,409,
467,463,461,416,412,410,
466,467,461,415,416,410,
467,466,468,416,415,417,
460,469,470,409,418,419,
469,471,472,418,420,421,
469,472,470,418,421,419,
473,470,472,422,419,421,
462,469,460,411,418,409,
474,471,469,423,420,418,
462,474,469,411,423,418,
474,462,465,423,411,414,
460,475,476,409,424,425,
475,477,478,424,426,427,
475,478,476,424,427,425,
479,476,478,428,425,427,
470,475,460,419,424,409,
480,477,475,429,426,424,
470,480,475,419,429,424,
480,470,473,429,419,422,
460,481,482,409,430,431,
481,483,484,430,432,433,
481,484,482,430,433,431,
485,482,484,434,431,433,
476,481,460,425,430,409,
486,483,481,435,432,430,
476,486,481,425,435,430,
486,476,479,435,425,428,
460,487,488,409,436,437,
487,489,490,436,438,439,
487,490,488,436,439,437,
491,488,490,440,437,439,
482,487,460,431,436,409,
492,489,487,441,438,436,
482,492,487,431,441,436,
492,482,485,441,431,434,
460,493,494,409,442,443,
493,495,496,442,444,445,
493,496,494,442,445,443,
497,494,496,446,443,445,
488,493,460,437,442,409,
498,495,493,447,444,442,
488,498,493,437,447,442,
498,488,491,447,437,440,
460,499,500,409,448,449,
499,501,502,448,450,451,
499,502,500,448,451,449,
503,500,502,452,449,451,
494,499,460,443,448,409,
504,501,499,453,450,448,
494,504,499,443,453,448,
504,494,497,453,443,446,
460,505,506,409,454,455,
505,507,508,454,456,457,
505,508,506,454,457,455,
509,506,508,458,455,457,
500,505,460,449,454,409,
510,507,505,459,456,454,
500,510,505,449,459,454,
510,500,503,459,449,452,
511,512,513,460,461,462,
512,514,515,461,463,464,
512,515,513,461,464,462,
516,513,515,465,462,464,
517,512,511,466,461,460,
518,514,512,467,463,461,
517,518,512,466,467,461,
518,517,519,467,466,468,
511,520,521,460,469,470,
520,522,523,469,471,472,
520,523,521,469,472,470,
524,521,523,473,470,472,
513,520,511,462,469,460,
525,522,520,474,471,469,
513,525,520,462,474,469,
525,513,516,474,462,465,
511,526,527,460,475,476,
526,528,529,475,477,478,
526,529,527,475,478,476,
530,527,529,479,476,478,
521,526,511,470,475,460,
531,528,526,480,477,475,
521,531,526,470,480,475,
531,521,524,480,470,473,
511,532,533,460,481,482,
532,534,535,481,483,484,
532,535,533,481,484,482,
536,533,535,485,482,484,
527,532,511,476,481,460,
537,534,532,486,483,481,
527,537,532,476,486,481,
537,527,530,486,476,479,
511,538,539,460,487,488,
538,540,541,487,489,490,
538,541,539,487,490,488,
542,539,541,491,488,490,
533,538,511,482,487,460,
543,540,538,492,489,487,
533,543,538,482,492,487,
543,533,536,492,482,485,
511,544,545,460,493,494,
544,546,547,493,495,496,
544,547,545,493,496,494,
548,545,547,497,494,496,
539,544,511,488,493,460,
549,546,544,498,495,493,
539,549,544,488,498,493,
549,539,542,498,488,491,
511,550,551,460,499,500,
550,552,553,499,501,502,
550,553,551,499,502,500,
554,551,553,503,500,502,
545,550,511,494,499,460,
555,552,550,504,501,499,
545,555,550,494,504,499,
555,545,548,504,494,497,
511,556,557,460,505,506,
556,558,559,505,507,508,
556,559,557,505,508,506,
560,557,559,509,506,508,
551,556,511,500,505,460,
561,558,556,510,507,505,
551,561,556,500,510,505,
561,551,554,510,500,503,
562,563,564,511,512,513,
563,565,566,512,514,515,
563,566,564,512,515,513,
567,564,566,516,513,515,
568,563,562,517,512,511,
569,565,563,518,514,512,
568,569,563,517,518,512,
569,568,570,518,517,519,
562,571,572,511,520,521,
571,573,574,520,522,523,
571,574,572,520,523,521,
575,572,574,524,521,523,
564,571,562,513,520,511,
576,573,571,525,522,520,
564,576,571,513,525,520,
576,564,567,525,513,516,
562,577,578,511,526,527,
577,579,580,526,528,529,
577,580,578,526,529,527,
581,578,580,530,527,529,
572,577,562,521,526,511,
582,579,577,531,528,526,
572,582,577,521,531,526,
582,572,575,531,521,524,
562,583,584,511,532,533,
583,585,586,532,534,535,
583,586,584,532,535,533,
587,584,586,536,533,535,
578,583,562,527,532,511,
588,585,583,537,534,532,
578,588,583,527,537,532,
588,578,581,537,527,530,
562,589,590,511,538,539,
589,591,592,538,540,541,
589,592,590,538,541,539,
593,590,592,542,539,541,
584,589,562,533,538,511,
594,591,589,543,540,538,
584,594,589,533,543,538,
594,584,587,543,533,536,
562,595,596,511,544,545,
595,597,598,544,546,547,
595,598,596,544,547,545,
599,596,598,548,545,547,
590,595,562,539,544,511,
600,597,595,549,546,544,
590,600,595,539,549,544,
600,590,593,549,539,542,
562,601,602,511,550,551,
601,603,604,550,552,553,
601,604,602,550,553,551,
605,602,604,554,551,553,
596,601,562,545,550,511,
606,603,601,555,552,550,
596,606,601,545,555,550,
606,596,599,555,545,548,
562,607,608,511,556,557,
607,609,610,556,558,559,
607,610,608,556,559,557,
611,608,610,560,557,559,
602,607,562,551,556,511,
612,609,607,561,558,556,
602,612,607,551,561,556,
612,602,605,561,551,554,
613,614,615,562,563,564,
614,616,617,563,565,566,
614,617,615,563,566,564,
618,615,617,567,564,566,
619,614,613,568,563,562,
620,616,614,569,565,563,
619,620,614,568,569,563,
620,619,621,569,568,570,
613,622,623,562,571,572,
622,624,625,571,573,574,
622,625,623,571,574,572,
626,623,625,575,572,574,
615,622,613,564,571,562,
627,624,622,576,573,571,
615,627,622,564,576,571,
627,615,618,576,564,567,
613,628,629,562,577,578,
628,630,631,577,579,580,
628,631,629,577,580,578,
632,629,631,581,578,580,
623,628,613,572,577,562,
633,630,628,582,579,577,
623,633,628,572,582,577,
633,623,626,582,572,575,
613,634,635,562,583,584,
634,636,637,583,585,586,
634,637,635,583,586,584,
638,635,637,587,584,586,
629,634,613,578,583,562,
639,636,634,588,585,583,
629,639,634,578,588,583,
639,629,632,588,578,581,
613,640,641,562,589,590,
640,642,643,589,591,592,
640,643,641,589,592,590,
644,641,643,593,590,592,
635,640,613,584,589,562,
645,642,640,594,591,589,
635,645,640,584,594,589,
645,635,638,594,584,587,
613,646,647,562,595,596,
646,648,649,595,597,598,
646,649,647,595,598,596,
650,647,649,599,596,598,
641,646,613,590,595,562,
651,648,646,600,597,595,
641,651,646,590,600,595,
651,641,644,600,590,593,
613,652,653,562,601,602,
652,654,655,601,603,604,
652,655,653,601,604,602,
656,653,655,605,602,604,
647,652,613,596,601,562,
657,654,652,606,603,601,
647,657,652,596,606,601,
657,647,650,606,596,599,
613,658,659,562,607,608,
658,660,661,607,609,610,
658,661,659,607,610,608,
662,659,661,611,608,610,
653,658,613,602,607,562,
663,660,658,612,609,607,
653,663,658,602,612,607,
663,653,656,612,602,605,
664,665,666,613,614,615,
665,667,668,614,616,617,
665,668,666,614,617,615,
669,666,668,618,615,617,
670,665,664,619,614,613,
671,667,665,620,616,614,
670,671,665,619,620,614,
671,670,672,620,619,621,
664,673,674,613,622,623,
673,675,676,622,624,625,
673,676,674,622,625,623,
677,674,676,626,623,625,
666,673,664,615,622,613,
678,675,673,627,624,622,
666,678,673,615,627,622,
678,666,669,627,615,618,
664,679,680,613,628,629,
679,681,682,628,630,631,
679,682,680,628,631,629,
683,680,682,632,629,631,
674,679,664,623,628,613,
684,681,679,633,630,628,
674,684,679,623,633,628,
684,674,677,633,623,626,
664,685,686,613,634,635,
685,687,688,634,636,637,
685,688,686,634,637,635,
689,686,688,638,635,637,
680,685,664,629,634,613,
690,687,685,639,636,634,
680,690,685,629,639,634,
690,680,683,639,629,632,
664,691,692,613,640,641,
691,693,694,640,642,643,
691,694,692,640,643,641,
695,692,694,644,641,643,
686,691,664,635,640,613,
696,693,691,645,642,640,
686,696,691,635,645,640,
696,686,689,645,635,638,
664,697,698,613,646,647,
697,699,700,646,648,649,
697,700,698,646,649,647,
701,698,700,650,647,649,
692,697,664,641,646,613,
702,699,697,651,648,646,
692,702,697,641,651,646,
702,692,695,651,641,644,
664,703,704,613,652,653,
703,705,706,652,654,655,
703,706,704,652,655,653,
707,704,706,656,653,655,
698,703,664,647,652,613,
708,705,703,657,654,652,
698,708,703,647,657,652,
708,698,701,657,647,650,
664,709,710,613,658,659,
709,711,712,658,660,661,
709,712,710,658,661,659,
713,710,712,662,659,661,
704,709,664,653,658,613,
714,711,709,663,660,658,
704,714,709,653,663,658,
714,704,707,663,653,656,
715,716,717,664,665,666,
716,718,719,665,667,668,
716,719,717,665,668,666,
720,717,719,669,666,668,
721,716,715,670,665,664,
722,718,716,671,667,665,
721,722,716,670,671,665,
722,721,723,671,670,672,
715,724,725,664,673,674,
724,726,727,673,675,676,
724,727,725,673,676,674,
728,725,727,677,674,676,
717,724,715,666,673,664,
729,726,724,678,675,673,
717,729,724,666,678,673,
729,717,720,678,666,669,
715,730,731,664,679,680,
730,732,733,679,681,682,
730,733,731,679,682,680,
734,731,733,683,680,682,
725,730,715,674,679,664,
735,732,730,684,681,679,
725,735,730,674,684,679,
735,725,728,684,674,677,
715,736,737,664,685,686,
736,738,739,685,687,688,
736,739,737,685,688,686,
740,737,739,689,686,688,
731,736,715,680,685,664,
741,738,736,690,687,685,
731,741,736,680,690,685,
741,731,734,690,680,683,
715,742,743,664,691,692,
742,744,745,691,693,694,
742,745,743,691,694,692,
746,743,745,695,692,694,
737,742,715,686,691,664,
747,744,742,696,693,691,
737,747,742,686,696,691,
747,737,740,696,686,689,
715,748,749,664,697,698,
748,750,751,697,699,700,
748,751,749,697,700,698,
752,749,751,701,698,700,
743,748,715,692,697,664,
753,750,748,702,699,697,
743,753,748,692,702,697,
753,743,746,702,692,695,
715,754,755,664,703,704,
754,756,757,703,705,706,
754,757,755,703,706,704,
758,755,757,707,704,706,
749,754,715,698,703,664,
759,756,754,708,705,703,
749,759,754,698,708,703,
759,749,752,708,698,701,
715,760,761,664,709,710,
760,762,763,709,711,712,
760,763,761,709,712,710,
764,761,763,713,710,712,
755,760,715,704,709,664,
765,762,760,714,711,709,
755,765,760,704,714,709,
765,755,758,714,704,707,
766,767,768,715,716,717,
767,769,770,716,718,719,
767,770,768,716,719,717,
771,768,770,720,717,719,
772,767,766,721,716,715,
773,769,767,722,718,716,
772,773,767,721,722,716,
773,772,774,722,721,723,
766,775,776,715,724,725,
775,777,778,724,726,727,
775,778,776,724,727,725,
779,776,778,728,725,727,
768,775,766,717,724,715,
780,777,775,729,726,724,
768,780,775,717,729,724,
780,768,771,729,717,720,
766,781,782,715,730,731,
781,783,784,730,732,733,
781,784,782,730,733,731,
785,782,784,734,731,733,
776,781,766,725,730,715,
786,783,781,735,732,730,
776,786,781,725,735,730,
786,776,779,735,725,728,
766,787,788,715,736,737,
787,789,790,736,738,739,
787,790,788,736,739,737,
791,788,790,740,737,739,
782,787,766,731,736,715,
792,789,787,741,738,736,
782,792,787,731,741,736,
792,782,785,741,731,734,
766,793,794,715,742,743,
793,795,796,742,744,745,
793,796,794,742,745,743,
797,794,796,746,743,745,
788,793,766,737,742,715,
798,795,793,747,744,742,
788,798,793,737,747,742,
798,788,791,747,737,740,
766,799,800,715,748,749,
799,801,802,748,750,751,
799,802,800,748,751,749,
803,800,802,752,749,751,
794,799,766,743,748,715,
804,801,799,753,750,748,
794,804,799,743,753,748,
804,794,797,753,743,746,
766,805,806,715,754,755,
805,807,808,754,756,757,
805,808,806,754,757,755,
809,806,808,758,755,757,
800,805,766,749,754,715,
810,807,805,759,756,754,
800,810,805,749,759,754,
810,800,803,759,749,752,
766,811,812,715,760,761,
811,813,814,760,762,763,
811,814,812,760,763,761,
815,812,814,764,761,763,
806,811,766,755,760,715,
816,813,811,765,762,760,
806,816,811,755,765,760,
816,806,809,765,755,758,
817,818,819,766,767,768,
818,820,821,767,769,770,
818,821,819,767,770,768,
822,819,821,771,768,770,
823,818,817,772,767,766,
824,820,818,773,769,767,
823,824,818,772,773,767,
824,823,825,773,772,774,
817,826,827,766,775,776,
826,828,829,775,777,778,
826,829,827,775,778,776,
830,827,829,779,776,778,
819,826,817,768,775,766,
831,828,826,780,777,775,
819,831,826,768,780,775,
831,819,822,780,768,771,
817,832,833,766,781,782,
832,834,835,781,783,784,
832,835,833,781,784,782,
836,833,835,785,782,784,
827,832,817,776,781,766,
837,834,832,786,783,781,
827,837,832,776,786,781,
837,827,830,786,776,779,
817,838,839,766,787,788,
838,840,841,787,789,790,
838,841,839,787,790,788,
842,839,841,791,788,790,
833,838,817,782,787,766,
843,840,838,792,789,787,
833,843,838,782,792,787,
843,833,836,792,782,785,
817,844,845,766,793,794,
844,846,847,793,795,796,
844,847,845,793,796,794,
848,845,847,797,794,796,
839,844,817,788,793,766,
849,846,844,798,795,793,
839,849,844,788,798,793,
849,839,842,798,788,791,
817,850,851,766,799,800,
850,852,853,799,801,802,
850,853,851,799,802,800,
854,851,853,803,800,802,
845,850,817,794,799,766,
855,852,850,804,801,799,
845,855,850,794,804,799,
855,845,848,804,794,797,
817,856,857,766,805,806,
856,858,859,805,807,808,
856,859,857,805,808,806,
860,857,859,809,806,808,
851,856,817,800,805,766,
861,858,856,810,807,805,
851,861,856,800,810,805,
861,851,854,810,800,803,
817,862,863,766,811,812,
862,864,865,811,813,814,
862,865,863,811,814,812,
866,863,865,815,812,814,
857,862,817,806,811,766,
867,864,862,816,813,811,
857,867,862,806,816,811,
867,857,860,816,806,809,
868,869,870,817,818,819,
869,871,872,818,820,821,
869,872,870,818,821,819,
873,870,872,822,819,821,
874,869,868,823,818,817,
875,871,869,824,820,818,
874,875,869,823,824,818,
875,874,876,824,823,825,
868,877,878,817,826,827,
877,879,880,826,828,829,
877,880,878,826,829,827,
881,878,880,830,827,829,
870,877,868,819,826,817,
882,879,877,831,828,826,
870,882,877,819,831,826,
882,870,873,831,819,822,
868,883,884,817,832,833,
883,885,886,832,834,835,
883,886,884,832,835,833,
887,884,886,836,833,835,
878,883,868,827,832,817,
888,885,883,837,834,832,
878,888,883,827,837,832,
888,878,881,837,827,830,
868,889,890,817,838,839,
889,891,892,838,840,841,
889,892,890,838,841,839,
893,890,892,842,839,841,
884,889,868,833,838,817,
894,891,889,843,840,838,
884,894,889,833,843,838,
894,884,887,843,833,836,
868,895,896,817,844,845,
895,897,898,844,846,847,
895,898,896,844,847,845,
899,896,898,848,845,847,
890,895,868,839,844,817,
900,897,895,849,846,844,
890,900,895,839,849,844,
900,890,893,849,839,842,
868,901,902,817,850,851,
901,903,904,850,852,853,
901,904,902,850,853,851,
905,902,904,854,851,853,
896,901,868,845,850,817,
906,903,901,855,852,850,
896,906,901,845,855,850,
906,896,899,855,845,848,
868,907,908,817,856,857,
907,909,910,856,858,859,
907,910,908,856,859,857,
911,908,910,860,857,859,
902,907,868,851,856,817,
912,909,907,861,858,856,
902,912,907,851,861,856,
912,902,905,861,851,854,
868,913,914,817,862,863,
913,915,916,862,864,865,
913,916,914,862,865,863,
917,914,916,866,863,865,
908,913,868,857,862,817,
918,915,913,867,864,862,
908,918,913,857,867,862,
918,908,911,867,857,860,
919,920,921,868,869,870,
920,922,923,869,871,872,
920,923,921,869,872,870,
924,921,923,873,870,872,
925,920,919,874,869,868,
926,922,920,875,871,869,
925,926,920,874,875,869,
926,925,927,875,874,876,
919,928,929,868,877,878,
928,930,931,877,879,880,
928,931,929,877,880,878,
932,929,931,881,878,880,
921,928,919,870,877,868,
933,930,928,882,879,877,
921,933,928,870,882,877,
933,921,924,882,870,873,
919,934,935,868,883,884,
934,936,937,883,885,886,
934,937,935,883,886,884,
938,935,937,887,884,886,
929,934,919,878,883,868,
939,936,934,888,885,883,
929,939,934,878,888,883,
939,929,932,888,878,881,
919,940,941,868,889,890,
940,942,943,889,891,892,
940,943,941,889,892,890,
944,941,943,893,890,892,
935,940,919,884,889,868,
945,942,940,894,891,889,
935,945,940,884,894,889,
945,935,938,894,884,887,
919,946,947,868,895,896,
946,948,949,895,897,898,
946,949,947,895,898,896,
950,947,949,899,896,898,
941,946,919,890,895,868,
951,948,946,900,897,895,
941,951,946,890,900,895,
951,941,944,900,890,893,
919,952,953,868,901,902,
952,954,955,901,903,904,
952,955,953,901,904,902,
956,953,955,905,902,904,
947,952,919,896,901,868,
957,954,952,906,903,901,
947,957,952,896,906,901,
957,947,950,906,896,899,
919,958,959,868,907,908,
958,960,961,907,909,910,
958,961,959,907,910,908,
962,959,961,911,908,910,
953,958,919,902,907,868,
963,960,958,912,909,907,
953,963,958,902,912,907,
963,953,956,912,902,905,
919,964,965,868,913,914,
964,966,967,913,915,916,
964,967,965,913,916,914,
968,965,967,917,914,916,
959,964,919,908,913,868,
969,966,964,918,915,913,
959,969,964,908,918,913,
969,959,962,918,908,911,
970,971,972,919,920,921,
971,973,974,920,922,923,
971,974,972,920,923,921,
975,972,974,924,921,923,
976,971,970,925,920,919,
977,973,971,926,922,920,
976,977,971,925,926,920,
977,976,978,926,925,927,
970,979,980,919,928,929,
979,981,982,928,930,931,
979,982,980,928,931,929,
983,980,982,932,929,931,
972,979,970,921,928,919,
984,981,979,933,930,928,
972,984,979,921,933,928,
984,972,975,933,921,924,
970,985,986,919,934,935,
985,987,988,934,936,937,
985,988,986,934,937,935,
989,986,988,938,935,937,
980,985,970,929,934,919,
990,987,985,939,936,934,
980,990,985,929,939,934,
990,980,983,939,929,932,
970,991,992,919,940,941,
991,993,994,940,942,943,
991,994,992,940,943,941,
995,992,994,944,941,943,
986,991,970,935,940,919,
996,993,991,945,942,940,
986,996,991,935,945,940,
996,986,989,945,935,938,
970,997,998,919,946,947,
997,999,1000,946,948,949,
997,1000,998,946,949,947,
1001,998,1000,950,947,949,
992,997,970,941,946,919,
1002,999,997,951,948,946,
992,1002,997,941,951,946,
1002,992,995,951,941,944,
970,1003,1004,919,952,953,
1003,1005,1006,952,954,955,
1003,1006,1004,952,955,953,
1007,1004,1006,956,953,955,
998,1003,970,947,952,919,
1008,1005,1003,957,954,952,
998,1008,1003,947,957,952,
1008,998,1001,957,947,950,
970,1009,1010,919,958,959,
1009,1011,1012,958,960,961,
1009,1012,1010,958,961,959,
1013,1010,1012,962,959,961,
1004,1009,970,953,958,919,
1014,1011,1009,963,960,958,
1004,1014,1009,953,963,958,
1014,1004,1007,963,953,956,
970,1015,1016,919,964,965,
1015,1017,1018,964,966,967,
1015,1018,1016,964,967,965,
1019,1016,1018,968,965,967,
1010,1015,970,959,964,919,
1020,1017,1015,969,966,964,
1010,1020,1015,959,969,964,
1020,1010,1013,969,959,962,
1021,1022,1023,970,971,972,
1022,1024,1025,971,973,974,
1022,1025,1023,971,974,972,
1026,1023,1025,975,972,974,
1027,1022,1021,976,971,970,
1028,1024,1022,977,973,971,
1027,1028,1022,976,977,971,
1028,1027,1029,977,976,978,
1021,1030,1031,970,979,980,
1030,1032,1033,979,981,982,
1030,1033,1031,979,982,980,
1034,1031,1033,983,980,982,
1023,1030,1021,972,979,970,
1035,1032,1030,984,981,979,
1023,1035,1030,972,984,979,
1035,1023,1026,984,972,975,
1021,1036,1037,970,985,986,
1036,1038,1039,985,987,988,
1036,1039,1037,985,988,986,
1040,1037,1039,989,986,988,
1031,1036,1021,980,985,970,
1041,1038,1036,990,987,985,
1031,1041,1036,980,990,985,
1041,1031,1034,990,980,983,
1021,1042,1043,970,991,992,
1042,1044,1045,991,993,994,
1042,1045,1043,991,994,992,
1046,1043,1045,995,992,994,
1037,1042,1021,986,991,970,
1047,1044,1042,996,993,991,
1037,1047,1042,986,996,991,
1047,1037,1040,996,986,989,
1021,1048,1049,970,997,998,
1048,1050,1051,997,999,1000,
1048,1051,1049,997,1000,998,
1052,1049,1051,1001,998,1000,
1043,1048,1021,992,997,970,
1053,1050,1048,1002,999,997,
1043,1053,1048,992,1002,997,
1053,1043,1046,1002,992,995,
1021,1054,1055,970,1003,1004,
1054,1056,1057,1003,1005,1006,
1054,1057,1055,1003,1006,1004,
1058,1055,1057,1007,1004,1006,
1049,1054,1021,998,1003,970,
1059,1056,1054,1008,1005,1003,
1049,1059,1054,998,1008,1003,
1059,1049,1052,1008,998,1001,
1021,1060,1061,970,1009,1010,
1060,1062,1063,1009,1011,1012,
1060,1063,1061,1009,1012,1010,
1064,1061,1063,1013,1010,1012,
1055,1060,1021,1004,1009,970,
1065,1062,1060,1014,1011,1009,
1055,1065,1060,1004,1014,1009,
1065,1055,1058,1014,1004,1007,
1021,1066,1067,970,1015,1016,
1066,1068,1069,1015,1017,1018,
1066,1069,1067,1015,1018,1016,
1070,1067,1069,1019,1016,1018,
1061,1066,1021,1010,1015,970,
1071,1068,1066,1020,1017,1015,
1061,1071,1066,1010,1020,1015,
1071,1061,1064,1020,1010,1013,
0.0000000 ,0.0000000 ,-0.1500000 ,
0.0073910 ,0.0030615 ,-0.1500000 ,
0.0056568 ,0.0056569 ,-0.1500000 ,
0.0147821 ,0.0061229 ,-0.1500000 ,
0.0133036 ,0.0088891 ,-0.1500000 ,
0.0113137 ,0.0113137 ,-0.1500000 ,
0.0080000 ,0.0000000 ,-0.1500000 ,
0.0156926 ,0.0031215 ,-0.1500000 ,
0.0160000 ,0.0000000 ,-0.1500000 ,
0.0030614 ,0.0073911 ,-0.1500000 ,
-0.0000001 ,0.0080000 ,-0.1500000 ,
0.0061228 ,0.0147821 ,-0.1500000 ,
0.0031214 ,0.0156926 ,-0.1500000 ,
-0.0000001 ,0.0160000 ,-0.1500000 ,
0.0088890 ,0.0133037 ,-0.1500000 ,
-0.0030616 ,0.0073910 ,-0.1500000 ,
-0.0056570 ,0.0056567 ,-0.1500000 ,
-0.0061231 ,0.0147820 ,-0.1500000 ,
-0.0088893 ,0.0133035 ,-0.1500000 ,
-0.0113138 ,0.0113136 ,-0.1500000 ,
-0.0031217 ,0.0156926 ,-0.1500000 ,
-0.0073911 ,0.0030613 ,-0.1500000 ,
-0.0080000 ,-0.0000002 ,-0.1500000 ,
-0.0147822 ,0.0061226 ,-0.1500000 ,
-0.0156926 ,0.0031212 ,-0.1500000 ,
-0.0160000 ,-0.0000003 ,-0.1500000 ,
-0.0133038 ,0.0088888 ,-0.1500000 ,
-0.0073909 ,-0.0030617 ,-0.1500000 ,
-0.0056567 ,-0.0056570 ,-0.1500000 ,
-0.0147819 ,-0.0061233 ,-0.1500000 ,
-0.0133034 ,-0.0088894 ,-0.1500000 ,
-0.0113134 ,-0.0113140 ,-0.1500000 ,
-0.0156925 ,-0.0031219 ,-0.1500000 ,
-0.0030612 ,-0.0073912 ,-0.1500000 ,
0.0000003 ,-0.0080000 ,-0.1500000 ,
-0.0061224 ,-0.0147823 ,-0.1500000 ,
-0.0031210 ,-0.0156927 ,-0.1500000 ,
0.0000005 ,-0.0160000 ,-0.1500000 ,
-0.0088887 ,-0.0133039 ,-0.1500000 ,
0.0030618 ,-0.0073909 ,-0.1500000 ,
0.0056571 ,-0.0056566 ,-0.1500000 ,
0.0061235 ,-0.0147819 ,-0.1500000 ,
0.0088896 ,-0.0133033 ,-0.1500000 ,
0.0113141 ,-0.0113133 ,-0.1500000 ,
0.0031221 ,-0.0156925 ,-0.1500000 ,
0.0073912 ,-0.0030611 ,-0.1500000 ,
0.0080000 ,0.0000004 ,-0.1500000 ,
0.0147823 ,-0.0061222 ,-0.1500000 ,
0.0156927 ,-0.0031208 ,-0.1500000 ,
0.0160000 ,0.0000007 ,-0.1500000 ,
0.0133040 ,-0.0088885 ,-0.1500000 ,
0.0000000 ,0.0000000 ,-0.1350000 ,
0.0073910 ,0.0030615 ,-0.1350000 ,
0.0056568 ,0.0056569 ,-0.1350000 ,
0.0147821 ,0.0061229 ,-0.1350000 ,
0.0133036 ,0.0088891 ,-0.1350000 ,
0.0113137 ,0.0113137 ,-0.1350000 ,
0.0080000 ,0.0000000 ,-0.1350000 ,
0.0156926 ,0.0031215 ,-0.1350000 ,
0.0160000 ,0.0000000 ,-0.1350000 ,
0.0030614 ,0.0073911 ,-0.1350000 ,
-0.0000001 ,0.0080000 ,-0.1350000 ,
0.0061228 ,0.0147821 ,-0.1350000 ,
0.0031214 ,0.0156926 ,-0.1350000 ,
-0.0000001 ,0.0160000 ,-0.1350000 ,
0.0088890 ,0.0133037 ,-0.1350000 ,
-0.0030616 ,0.0073910 ,-0.1350000 ,
-0.0056570 ,0.0056567 ,-0.1350000 ,
-0.0061231 ,0.0147820 ,-0.1350000 ,
-0.0088893 ,0.0133035 ,-0.1350000 ,
-0.0113138 ,0.0113136 ,-0.1350000 ,
-0.0031217 ,0.0156926 ,-0.1350000 ,
-0.0073911 ,0.0030613 ,-0.1350000 ,
-0.0080000 ,-0.0000002 ,-0.1350000 ,
-0.0147822 ,0.0061226 ,-0.1350000 ,
-0.0156926 ,0.0031212 ,-0.1350000 ,
-0.0160000 ,-0.0000003 ,-0.1350000 ,
-0.0133038 ,0.0088888 ,-0.1350000 ,
-0.0073909 ,-0.0030617 ,-0.1350000 ,
-0.0056567 ,-0.0056570 ,-0.1350000 ,
-0.0147819 ,-0.0061233 ,-0.1350000 ,
-0.0133034 ,-0.0088894 ,-0.1350000 ,
-0.0113134 ,-0.0113140 ,-0.1350000 ,
-0.0156925 ,-0.0031219 ,-0.1350000 ,
-0.0030612 ,-0.0073912 ,-0.1350000 ,
0.0000003 ,-0.0080000 ,-0.1350000 ,
-0.0061224 ,-0.0147823 ,-0.1350000 ,
-0.0031210 ,-0.0156927 ,-0.1350000 ,
0.0000005 ,-0.0160000 ,-0.1350000 ,
-0.0088887 ,-0.0133039 ,-0.1350000 ,
0.0030618 ,-0.0073909 ,-0.1350000 ,
0.0056571 ,-0.0056566 ,-0.1350000 ,
0.0061235 ,-0.0147819 ,-0.1350000 ,
0.0088896 ,-0.0133033 ,-0.1350000 ,
0.0113141 ,-0.0113133 ,-0.1350000 ,
0.0031221 ,-0.0156925 ,-0.1350000 ,
0.0073912 ,-0.0030611 ,-0.1350000 ,
0.0080000 ,0.0000004 ,-0.1350000 ,
0.0147823 ,-0.0061222 ,-0.1350000 ,
0.0156927 ,-0.0031208 ,-0.1350000 ,
0.0160000 ,0.0000007 ,-0.1350000 ,
0.0133040 ,-0.0088885 ,-0.1350000 ,
0.0000000 ,0.0000000 ,-0.1200000 ,
0.0073910 ,0.0030615 ,-0.1200000 ,
0.0056568 ,0.0056569 ,-0.1200000 ,
0.0147821 ,0.0061229 ,-0.1200000 ,
0.0133036 ,0.0088891 ,-0.1200000 ,
0.0113137 ,0.0113137 ,-0.1200000 ,
0.0080000 ,0.0000000 ,-0.1200000 ,
0.0156926 ,0.0031215 ,-0.1200000 ,
0.0160000 ,0.0000000 ,-0.1200000 ,
0.0030614 ,0.0073911 ,-0.1200000 ,
-0.0000001 ,0.0080000 ,-0.1200000 ,
0.0061228 ,0.0147821 ,-0.1200000 ,
0.0031214 ,0.0156926 ,-0.1200000 ,
-0.0000001 ,0.0160000 ,-0.1200000 ,
0.0088890 ,0.0133037 ,-0.1200000 ,
-0.0030616 ,0.0073910 ,-0.1200000 ,
-0.0056570 ,0.0056567 ,-0.1200000 ,
-0.0061231 ,0.0147820 ,-0.1200000 ,
-0.0088893 ,0.0133035 ,-0.1200000 ,
-0.0113138 ,0.0113136 ,-0.1200000 ,
-0.0031217 ,0.0156926 ,-0.1200000 ,
-0.0073911 ,0.0030613 ,-0.1200000 ,
-0.0080000 ,-0.0000002 ,-0.1200000 ,
-0.0147822 ,0.0061226 ,-0.1200000 ,
-0.0156926 ,0.0031212 ,-0.1200000 ,
-0.0160000 ,-0.0000003 ,-0.1200000 ,
-0.0133038 ,0.0088888 ,-0.1200000 ,
-0.0073909 ,-0.0030617 ,-0.1200000 ,
-0.0056567 ,-0.0056570 ,-0.1200000 ,
-0.0147819 ,-0.0061233 ,-0.1200000 ,
-0.0133034 ,-0.0088894 ,-0.1200000 ,
-0.0113134 ,-0.0113140 ,-0.1200000 ,
-0.0156925 ,-0.0031219 ,-0.1200000 ,
-0.0030612 ,-0.0073912 ,-0.1200000 ,
0.0000003 ,-0.0080000 ,-0.1200000 ,
-0.0061224 ,-0.0147823 ,-0.1200000 ,
-0.0031210 ,-0.0156927 ,-0.1200000 ,
0.0000005 ,-0.0160000 ,-0.1200000 ,
-0.0088887 ,-0.0133039 ,-0.1200000 ,
0.0030618 ,-0.0073909 ,-0.1200000 ,
0.0056571 ,-0.0056566 ,-0.1200000 ,
0.0061235 ,-0.0147819 ,-0.1200000 ,
0.0088896 ,-0.0133033 ,-0.1200000 ,
0.0113141 ,-0.0113133 ,-0.1200000 ,
0.0031221 ,-0.0156925 ,-0.1200000 ,
0.0073912 ,-0.0030611 ,-0.1200000 ,
0.0080000 ,0.0000004 ,-0.1200000 ,
0.0147823 ,-0.0061222 ,-0.1200000 ,
0.0156927 ,-0.0031208 ,-0.1200000 ,
0.0160000 ,0.0000007 ,-0.1200000 ,
0.0133040 ,-0.0088885 ,-0.1200000 ,
0.0000000 ,0.0000000 ,-0.1050000 ,
0.0073910 ,0.0030615 ,-0.1050000 ,
0.0056568 ,0.0056569 ,-0.1050000 ,
0.0147821 ,0.0061229 ,-0.1050000 ,
0.0133036 ,0.0088891 ,-0.1050000 ,
0.0113137 ,0.0113137 ,-0.1050000 ,
0.0080000 ,0.0000000 ,-0.1050000 ,
0.0156926 ,0.0031215 ,-0.1050000 ,
0.0160000 ,0.0000000 ,-0.1050000 ,
0.0030614 ,0.0073911 ,-0.1050000 ,
-0.0000001 ,0.0080000 ,-0.1050000 ,
0.0061228 ,0.0147821 ,-0.1050000 ,
0.0031214 ,0.0156926 ,-0.1050000 ,
-0.0000001 ,0.0160000 ,-0.1050000 ,
0.0088890 ,0.0133037 ,-0.1050000 ,
-0.0030616 ,0.0073910 ,-0.1050000 ,
-0.0056570 ,0.0056567 ,-0.1050000 ,
-0.0061231 ,0.0147820 ,-0.1050000 ,
-0.0088893 ,0.0133035 ,-0.1050000 ,
-0.0113138 ,0.0113136 ,-0.1050000 ,
-0.0031217 ,0.0156926 ,-0.1050000 ,
-0.0073911 ,0.0030613 ,-0.1050000 ,
-0.0080000 ,-0.0000002 ,-0.1050000 ,
-0.0147822 ,0.0061226 ,-0.1050000 ,
-0.0156926 ,0.0031212 ,-0.1050000 ,
-0.0160000 ,-0.0000003 ,-0.1050000 ,
-0.0133038 ,0.0088888 ,-0.1050000 ,
-0.0073909 ,-0.0030617 ,-0.1050000 ,
-0.0056567 ,-0.0056570 ,-0.1050000 ,
-0.0147819 ,-0.0061233 ,-0.1050000 ,
-0.0133034 ,-0.0088894 ,-0.1050000 ,
-0.0113134 ,-0.0113140 ,-0.1050000 ,
-0.0156925 ,-0.0031219 ,-0.1050000 ,
-0.0030612 ,-0.0073912 ,-0.1050000 ,
0.0000003 ,-0.0080000 ,-0.1050000 ,
-0.0061224 ,-0.0147823 ,-0.1050000 ,
-0.0031210 ,-0.0156927 ,-0.1050000 ,
0.0000005 ,-0.0160000 ,-0.1050000 ,
-0.0088887 ,-0.0133039 ,-0.1050000 ,
0.0030618 ,-0.0073909 ,-0.1050000 ,
0.0056571 ,-0.0056566 ,-0.1050000 ,
0.0061235 ,-0.0147819 ,-0.1050000 ,
0.0088896 ,-0.0133033 ,-0.1050000 ,
0.0113141 ,-0.0113133 ,-0.1050000 ,
0.0031221 ,-0.0156925 ,-0.1050000 ,
0.0073912 ,-0.0030611 ,-0.1050000 ,
0.0080000 ,0.0000004 ,-0.1050000 ,
0.0147823 ,-0.0061222 ,-0.1050000 ,
0.0156927 ,-0.0031208 ,-0.1050000 ,
0.0160000 ,0.0000007 ,-0.1050000 ,
0.0133040 ,-0.0088885 ,-0.1050000 ,
0.0000000 ,0.0000000 ,-0.0900000 ,
0.0073910 ,0.0030615 ,-0.0900000 ,
0.0056568 ,0.0056569 ,-0.0900000 ,
0.0147821 ,0.0061229 ,-0.0900000 ,
0.0133036 ,0.0088891 ,-0.0900000 ,
0.0113137 ,0.0113137 ,-0.0900000 ,
0.0080000 ,0.0000000 ,-0.0900000 ,
0.0156926 ,0.0031215 ,-0.0900000 ,
0.0160000 ,0.0000000 ,-0.0900000 ,
0.0030614 ,0.0073911 ,-0.0900000 ,
-0.0000001 ,0.0080000 ,-0.0900000 ,
0.0061228 ,0.0147821 ,-0.0900000 ,
0.0031214 ,0.0156926 ,-0.0900000 ,
-0.0000001 ,0.0160000 ,-0.0900000 ,
0.0088890 ,0.0133037 ,-0.0900000 ,
-0.0030616 ,0.0073910 ,-0.0900000 ,
-0.0056570 ,0.0056567 ,-0.0900000 ,
-0.0061231 ,0.0147820 ,-0.0900000 ,
-0.0088893 ,0.0133035 ,-0.0900000 ,
-0.0113138 ,0.0113136 ,-0.0900000 ,
-0.0031217 ,0.0156926 ,-0.0900000 ,
-0.0073911 ,0.0030613 ,-0.0900000 ,
-0.0080000 ,-0.0000002 ,-0.0900000 ,
-0.0147822 ,0.0061226 ,-0.0900000 ,
-0.0156926 ,0.0031212 ,-0.0900000 ,
-0.0160000 ,-0.0000003 ,-0.0900000 ,
-0.0133038 ,0.0088888 ,-0.0900000 ,
-0.0073909 ,-0.0030617 ,-0.0900000 ,
-0.0056567 ,-0.0056570 ,-0.0900000 ,
-0.0147819 ,-0.0061233 ,-0.0900000 ,
-0.0133034 ,-0.0088894 ,-0.0900000 ,
-0.0113134 ,-0.0113140 ,-0.0900000 ,
-0.0156925 ,-0.0031219 ,-0.0900000 ,
-0.0030612 ,-0.0073912 ,-0.0900000 ,
0.0000003 ,-0.0080000 ,-0.0900000 ,
-0.0061224 ,-0.0147823 ,-0.0900000 ,
-0.0031210 ,-0.0156927 ,-0.0900000 ,
0.0000005 ,-0.0160000 ,-0.0900000 ,
-0.0088887 ,-0.0133039 ,-0.0900000 ,
0.0030618 ,-0.0073909 ,-0.0900000 ,
0.0056571 ,-0.0056566 ,-0.0900000 ,
0.0061235 ,-0.0147819 ,-0.0900000 ,
0.0088896 ,-0.0133033 ,-0.0900000 ,
0.0113141 ,-0.0113133 ,-0.0900000 ,
0.0031221 ,-0.0156925 ,-0.0900000 ,
0.0073912 ,-0.0030611 ,-0.0900000 ,
0.0080000 ,0.0000004 ,-0.0900000 ,
0.0147823 ,-0.0061222 ,-0.0900000 ,
0.0156927 ,-0.0031208 ,-0.0900000 ,
0.0160000 ,0.0000007 ,-0.0900000 ,
0.0133040 ,-0.0088885 ,-0.0900000 ,
0.0000000 ,0.0000000 ,-0.0750000 ,
0.0073910 ,0.0030615 ,-0.0750000 ,
0.0056568 ,0.0056569 ,-0.0750000 ,
0.0147821 ,0.0061229 ,-0.0750000 ,
0.0133036 ,0.0088891 ,-0.0750000 ,
0.0113137 ,0.0113137 ,-0.0750000 ,
0.0080000 ,0.0000000 ,-0.0750000 ,
0.0156926 ,0.0031215 ,-0.0750000 ,
0.0160000 ,0.0000000 ,-0.0750000 ,
0.0030614 ,0.0073911 ,-0.0750000 ,
-0.0000001 ,0.0080000 ,-0.0750000 ,
0.0061228 ,0.0147821 ,-0.0750000 ,
0.0031214 ,0.0156926 ,-0.0750000 ,
-0.0000001 ,0.0160000 ,-0.0750000 ,
0.0088890 ,0.0133037 ,-0.0750000 ,
-0.0030616 ,0.0073910 ,-0.0750000 ,
-0.0056570 ,0.0056567 ,-0.0750000 ,
-0.0061231 ,0.0147820 ,-0.0750000 ,
-0.0088893 ,0.0133035 ,-0.0750000 ,
-0.0113138 ,0.0113136 ,-0.0750000 ,
-0.0031217 ,0.0156926 ,-0.0750000 ,
-0.0073911 ,0.0030613 ,-0.0750000 ,
-0.0080000 ,-0.0000002 ,-0.0750000 ,
-0.0147822 ,0.0061226 ,-0.0750000 ,
-0.0156926 ,0.0031212 ,-0.0750000 ,
-0.0160000 ,-0.0000003 ,-0.0750000 ,
-0.0133038 ,0.0088888 ,-0.0750000 ,
-0.0073909 ,-0.0030617 ,-0.0750000 ,
-0.0056567 ,-0.0056570 ,-0.0750000 ,
-0.0147819 ,-0.0061233 ,-0.0750000 ,
-0.0133034 ,-0.0088894 ,-0.0750000 ,
-0.0113134 ,-0.0113140 ,-0.0750000 ,
-0.0156925 ,-0.0031219 ,-0.0750000 ,
-0.0030612 ,-0.0073912 ,-0.0750000 ,
0.0000003 ,-0.0080000 ,-0.0750000 ,
-0.0061224 ,-0.0147823 ,-0.0750000 ,
-0.0031210 ,-0.0156927 ,-0.0750000 ,
0.0000005 ,-0.0160000 ,-0.0750000 ,
-0.0088887 ,-0.0133039 ,-0.0750000 ,
0.0030618 ,-0.0073909 ,-0.0750000 ,
0.0056571 ,-0.0056566 ,-0.0750000 ,
0.0061235 ,-0.0147819 ,-0.0750000 ,
0.0088896 ,-0.0133033 ,-0.0750000 ,
0.0113141 ,-0.0113133 ,-0.0750000 ,
0.0031221 ,-0.0156925 ,-0.0750000 ,
0.0073912 ,-0.0030611 ,-0.0750000 ,
0.0080000 ,0.0000004 ,-0.0750000 ,
0.0147823 ,-0.0061222 ,-0.0750000 ,
0.0156927 ,-0.0031208 ,-0.0750000 ,
0.0160000 ,0.0000007 ,-0.0750000 ,
0.0133040 ,-0.0088885 ,-0.0750000 ,
0.0000000 ,0.0000000 ,-0.0600000 ,
0.0073910 ,0.0030615 ,-0.0600000 ,
0.0056568 ,0.0056569 ,-0.0600000 ,
0.0147821 ,0.0061229 ,-0.0600000 ,
0.0133036 ,0.0088891 ,-0.0600000 ,
0.0113137 ,0.0113137 ,-0.0600000 ,
0.0080000 ,0.0000000 ,-0.0600000 ,
0.0156926 ,0.0031215 ,-0.0600000 ,
0.0160000 ,0.0000000 ,-0.0600000 ,
0.0030614 ,0.0073911 ,-0.0600000 ,
-0.0000001 ,0.0080000 ,-0.0600000 ,
0.0061228 ,0.0147821 ,-0.0600000 ,
0.0031214 ,0.0156926 ,-0.0600000 ,
-0.0000001 ,0.0160000 ,-0.0600000 ,
0.0088890 ,0.0133037 ,-0.0600000 ,
-0.0030616 ,0.0073910 ,-0.0600000 ,
-0.0056570 ,0.0056567 ,-0.0600000 ,
-0.0061231 ,0.0147820 ,-0.0600000 ,
-0.0088893 ,0.0133035 ,-0.0600000 ,
-0.0113138 ,0.0113136 ,-0.0600000 ,
-0.0031217 ,0.0156926 ,-0.0600000 ,
-0.0073911 ,0.0030613 ,-0.0600000 ,
-0.0080000 ,-0.0000002 ,-0.0600000 ,
-0.0147822 ,0.0061226 ,-0.0600000 ,
-0.0156926 ,0.0031212 ,-0.0600000 ,
-0.0160000 ,-0.0000003 ,-0.0600000 ,
-0.0133038 ,0.0088888 ,-0.0600000 ,
-0.0073909 ,-0.0030617 ,-0.0600000 ,
-0.0056567 ,-0.0056570 ,-0.0600000 ,
-0.0147819 ,-0.0061233 ,-0.0600000 ,
-0.0133034 ,-0.0088894 ,-0.0600000 ,
-0.0113134 ,-0.0113140 ,-0.0600000 ,
-0.0156925 ,-0.0031219 ,-0.0600000 ,
-0.0030612 ,-0.0073912 ,-0.0600000 ,
0.0000003 ,-0.0080000 ,-0.0600000 ,
-0.0061224 ,-0.0147823 ,-0.0600000 ,
-0.0031210 ,-0.0156927 ,-0.0600000 ,
0.0000005 ,-0.0160000 ,-0.0600000 ,
-0.0088887 ,-0.0133039 ,-0.0600000 ,
0.0030618 ,-0.0073909 ,-0.0600000 ,
0.0056571 ,-0.0056566 ,-0.0600000 ,
0.0061235 ,-0.0147819 ,-0.0600000 ,
0.0088896 ,-0.0133033 ,-0.0600000 ,
0.0113141 ,-0.0113133 ,-0.0600000 ,
0.0031221 ,-0.0156925 ,-0.0600000 ,
0.0073912 ,-0.0030611 ,-0.0600000 ,
0.0080000 ,0.0000004 ,-0.0600000 ,
0.0147823 ,-0.0061222 ,-0.0600000 ,
0.0156927 ,-0.0031208 ,-0.0600000 ,
0.0160000 ,0.0000007 ,-0.0600000 ,
0.0133040 ,-0.0088885 ,-0.0600000 ,
0.0000000 ,0.0000000 ,-0.0450000 ,
0.0073910 ,0.0030615 ,-0.0450000 ,
0.0056568 ,0.0056569 ,-0.0450000 ,
0.0147821 ,0.0061229 ,-0.0450000 ,
0.0133036 ,0.0088891 ,-0.0450000 ,
0.0113137 ,0.0113137 ,-0.0450000 ,
0.0080000 ,0.0000000 ,-0.0450000 ,
0.0156926 ,0.0031215 ,-0.0450000 ,
0.0160000 ,0.0000000 ,-0.0450000 ,
0.0030614 ,0.0073911 ,-0.0450000 ,
-0.0000001 ,0.0080000 ,-0.0450000 ,
0.0061228 ,0.0147821 ,-0.0450000 ,
0.0031214 ,0.0156926 ,-0.0450000 ,
-0.0000001 ,0.0160000 ,-0.0450000 ,
0.0088890 ,0.0133037 ,-0.0450000 ,
-0.0030616 ,0.0073910 ,-0.0450000 ,
-0.0056570 ,0.0056567 ,-0.0450000 ,
-0.0061231 ,0.0147820 ,-0.0450000 ,
-0.0088893 ,0.0133035 ,-0.0450000 ,
-0.0113138 ,0.0113136 ,-0.0450000 ,
-0.0031217 ,0.0156926 ,-0.0450000 ,
-0.0073911 ,0.0030613 ,-0.0450000 ,
-0.0080000 ,-0.0000002 ,-0.0450000 ,
-0.0147822 ,0.0061226 ,-0.0450000 ,
-0.0156926 ,0.0031212 ,-0.0450000 ,
-0.0160000 ,-0.0000003 ,-0.0450000 ,
-0.0133038 ,0.0088888 ,-0.0450000 ,
-0.0073909 ,-0.0030617 ,-0.0450000 ,
-0.0056567 ,-0.0056570 ,-0.0450000 ,
-0.0147819 ,-0.0061233 ,-0.0450000 ,
-0.0133034 ,-0.0088894 ,-0.0450000 ,
-0.0113134 ,-0.0113140 ,-0.0450000 ,
-0.0156925 ,-0.0031219 ,-0.0450000 ,
-0.0030612 ,-0.0073912 ,-0.0450000 ,
0.0000003 ,-0.0080000 ,-0.0450000 ,
-0.0061224 ,-0.0147823 ,-0.0450000 ,
-0.0031210 ,-0.0156927 ,-0.0450000 ,
0.0000005 ,-0.0160000 ,-0.0450000 ,
-0.0088887 ,-0.0133039 ,-0.0450000 ,
0.0030618 ,-0.0073909 ,-0.0450000 ,
0.0056571 ,-0.0056566 ,-0.0450000 ,
0.0061235 ,-0.0147819 ,-0.0450000 ,
0.0088896 ,-0.0133033 ,-0.0450000 ,
0.0113141 ,-0.0113133 ,-0.0450000 ,
0.0031221 ,-0.0156925 ,-0.0450000 ,
0.0073912 ,-0.0030611 ,-0.0450000 ,
0.0080000 ,0.0000004 ,-0.0450000 ,
0.0147823 ,-0.0061222 ,-0.0450000 ,
0.0156927 ,-0.0031208 ,-0.0450000 ,
0.0160000 ,0.0000007 ,-0.0450000 ,
0.0133040 ,-0.0088885 ,-0.0450000 ,
0.0000000 ,0.0000000 ,-0.0300000 ,
0.0073910 ,0.0030615 ,-0.0300000 ,
0.0056568 ,0.0056569 ,-0.0300000 ,
0.0147821 ,0.0061229 ,-0.0300000 ,
0.0133036 ,0.0088891 ,-0.0300000 ,
0.0113137 ,0.0113137 ,-0.0300000 ,
0.0080000 ,0.0000000 ,-0.0300000 ,
0.0156926 ,0.0031215 ,-0.0300000 ,
0.0160000 ,0.0000000 ,-0.0300000 ,
0.0030614 ,0.0073911 ,-0.0300000 ,
-0.0000001 ,0.0080000 ,-0.0300000 ,
0.0061228 ,0.0147821 ,-0.0300000 ,
0.0031214 ,0.0156926 ,-0.0300000 ,
-0.0000001 ,0.0160000 ,-0.0300000 ,
0.0088890 ,0.0133037 ,-0.0300000 ,
-0.0030616 ,0.0073910 ,-0.0300000 ,
-0.0056570 ,0.0056567 ,-0.0300000 ,
-0.0061231 ,0.0147820 ,-0.0300000 ,
-0.0088893 ,0.0133035 ,-0.0300000 ,
-0.0113138 ,0.0113136 ,-0.0300000 ,
-0.0031217 ,0.0156926 ,-0.0300000 ,
-0.0073911 ,0.0030613 ,-0.0300000 ,
-0.0080000 ,-0.0000002 ,-0.0300000 ,
-0.0147822 ,0.0061226 ,-0.0300000 ,
-0.0156926 ,0.0031212 ,-0.0300000 ,
-0.0160000 ,-0.0000003 ,-0.0300000 ,
-0.0133038 ,0.0088888 ,-0.0300000 ,
-0.0073909 ,-0.0030617 ,-0.0300000 ,
-0.0056567 ,-0.0056570 ,-0.0300000 ,
-0.0147819 ,-0.0061233 ,-0.0300000 ,
-0.0133034 ,-0.0088894 ,-0.0300000 ,
-0.0113134 ,-0.0113140 ,-0.0300000 ,
-0.0156925 ,-0.0031219 ,-0.0300000 ,
-0.0030612 ,-0.0073912 ,-0.0300000 ,
0.0000003 ,-0.0080000 ,-0.0300000 ,
-0.0061224 ,-0.0147823 ,-0.0300000 ,
-0.0031210 ,-0.0156927 ,-0.0300000 ,
0.0000005 ,-0.0160000 ,-0.0300000 ,
-0.0088887 ,-0.0133039 ,-0.0300000 ,
0.0030618 ,-0.0073909 ,-0.0300000 ,
0.0056571 ,-0.0056566 ,-0.0300000 ,
0.0061235 ,-0.0147819 ,-0.0300000 ,
0.0088896 ,-0.0133033 ,-0.0300000 ,
0.0113141 ,-0.0113133 ,-0.0300000 ,
0.0031221 ,-0.0156925 ,-0.0300000 ,
0.0073912 ,-0.0030611 ,-0.0300000 ,
0.0080000 ,0.0000004 ,-0.0300000 ,
0.0147823 ,-0.0061222 ,-0.0300000 ,
0.0156927 ,-0.0031208 ,-0.0300000 ,
0.0160000 ,0.0000007 ,-0.0300000 ,
0.0133040 ,-0.0088885 ,-0.0300000 ,
0.0000000 ,0.0000000 ,-0.0150000 ,
0.0073910 ,0.0030615 ,-0.0150000 ,
0.0056568 ,0.0056569 ,-0.0150000 ,
0.0147821 ,0.0061229 ,-0.0150000 ,
0.0133036 ,0.0088891 ,-0.0150000 ,
0.0113137 ,0.0113137 ,-0.0150000 ,
0.0080000 ,0.0000000 ,-0.0150000 ,
0.0156926 ,0.0031215 ,-0.0150000 ,
0.0160000 ,0.0000000 ,-0.0150000 ,
0.0030614 ,0.0073911 ,-0.0150000 ,
-0.0000001 ,0.0080000 ,-0.0150000 ,
0.0061228 ,0.0147821 ,-0.0150000 ,
0.0031214 ,0.0156926 ,-0.0150000 ,
-0.0000001 ,0.0160000 ,-0.0150000 ,
0.0088890 ,0.0133037 ,-0.0150000 ,
-0.0030616 ,0.0073910 ,-0.0150000 ,
-0.0056570 ,0.0056567 ,-0.0150000 ,
-0.0061231 ,0.0147820 ,-0.0150000 ,
-0.0088893 ,0.0133035 ,-0.0150000 ,
-0.0113138 ,0.0113136 ,-0.0150000 ,
-0.0031217 ,0.0156926 ,-0.0150000 ,
-0.0073911 ,0.0030613 ,-0.0150000 ,
-0.0080000 ,-0.0000002 ,-0.0150000 ,
-0.0147822 ,0.0061226 ,-0.0150000 ,
-0.0156926 ,0.0031212 ,-0.0150000 ,
-0.0160000 ,-0.0000003 ,-0.0150000 ,
-0.0133038 ,0.0088888 ,-0.0150000 ,
-0.0073909 ,-0.0030617 ,-0.0150000 ,
-0.0056567 ,-0.0056570 ,-0.0150000 ,
-0.0147819 ,-0.0061233 ,-0.0150000 ,
-0.0133034 ,-0.0088894 ,-0.0150000 ,
-0.0113134 ,-0.0113140 ,-0.0150000 ,
-0.0156925 ,-0.0031219 ,-0.0150000 ,
-0.0030612 ,-0.0073912 ,-0.0150000 ,
0.0000003 ,-0.0080000 ,-0.0150000 ,
-0.0061224 ,-0.0147823 ,-0.0150000 ,
-0.0031210 ,-0.0156927 ,-0.0150000 ,
0.0000005 ,-0.0160000 ,-0.0150000 ,
-0.0088887 ,-0.0133039 ,-0.0150000 ,
0.0030618 ,-0.0073909 ,-0.0150000 ,
0.0056571 ,-0.0056566 ,-0.0150000 ,
0.0061235 ,-0.0147819 ,-0.0150000 ,
0.0088896 ,-0.0133033 ,-0.0150000 ,
0.0113141 ,-0.0113133 ,-0.0150000 ,
0.0031221 ,-0.0156925 ,-0.0150000 ,
0.0073912 ,-0.0030611 ,-0.0150000 ,
0.0080000 ,0.0000004 ,-0.0150000 ,
0.0147823 ,-0.0061222 ,-0.0150000 ,
0.0156927 ,-0.0031208 ,-0.0150000 ,
0.0160000 ,0.0000007 ,-0.0150000 ,
0.0133040 ,-0.0088885 ,-0.0150000 ,
0.0000000 ,0.0000000 ,0.0000000 ,
0.0073910 ,0.0030615 ,0.0000000 ,
0.0056568 ,0.0056569 ,0.0000000 ,
0.0147821 ,0.0061229 ,0.0000000 ,
0.0133036 ,0.0088891 ,0.0000000 ,
0.0113137 ,0.0113137 ,0.0000000 ,
0.0080000 ,0.0000000 ,0.0000000 ,
0.0156926 ,0.0031215 ,0.0000000 ,
0.0160000 ,0.0000000 ,0.0000000 ,
0.0030614 ,0.0073911 ,0.0000000 ,
-0.0000001 ,0.0080000 ,0.0000000 ,
0.0061228 ,0.0147821 ,0.0000000 ,
0.0031214 ,0.0156926 ,0.0000000 ,
-0.0000001 ,0.0160000 ,0.0000000 ,
0.0088890 ,0.0133037 ,0.0000000 ,
-0.0030616 ,0.0073910 ,0.0000000 ,
-0.0056570 ,0.0056567 ,0.0000000 ,
-0.0061231 ,0.0147820 ,0.0000000 ,
-0.0088893 ,0.0133035 ,0.0000000 ,
-0.0113138 ,0.0113136 ,0.0000000 ,
-0.0031217 ,0.0156926 ,0.0000000 ,
-0.0073911 ,0.0030613 ,0.0000000 ,
-0.0080000 ,-0.0000002 ,0.0000000 ,
-0.0147822 ,0.0061226 ,0.0000000 ,
-0.0156926 ,0.0031212 ,0.0000000 ,
-0.0160000 ,-0.0000003 ,0.0000000 ,
-0.0133038 ,0.0088888 ,0.0000000 ,
-0.0073909 ,-0.0030617 ,0.0000000 ,
-0.0056567 ,-0.0056570 ,0.0000000 ,
-0.0147819 ,-0.0061233 ,0.0000000 ,
-0.0133034 ,-0.0088894 ,0.0000000 ,
-0.0113134 ,-0.0113140 ,0.0000000 ,
-0.0156925 ,-0.0031219 ,0.0000000 ,
-0.0030612 ,-0.0073912 ,0.0000000 ,
0.0000003 ,-0.0080000 ,0.0000000 ,
-0.0061224 ,-0.0147823 ,0.0000000 ,
-0.0031210 ,-0.0156927 ,0.0000000 ,
0.0000005 ,-0.0160000 ,0.0000000 ,
-0.0088887 ,-0.0133039 ,0.0000000 ,
0.0030618 ,-0.0073909 ,0.0000000 ,
0.0056571 ,-0.0056566 ,0.0000000 ,
0.0061235 ,-0.0147819 ,0.0000000 ,
0.0088896 ,-0.0133033 ,0.0000000 ,
0.0113141 ,-0.0113133 ,0.0000000 ,
0.0031221 ,-0.0156925 ,0.0000000 ,
0.0073912 ,-0.0030611 ,0.0000000 ,
0.0080000 ,0.0000004 ,0.0000000 ,
0.0147823 ,-0.0061222 ,0.0000000 ,
0.0156927 ,-0.0031208 ,0.0000000 ,
0.0160000 ,0.0000007 ,0.0000000 ,
0.0133040 ,-0.0088885 ,0.0000000 ,
0.0000000 ,0.0000000 ,0.0150000 ,
0.0073910 ,0.0030615 ,0.0150000 ,
0.0056568 ,0.0056569 ,0.0150000 ,
0.0147821 ,0.0061229 ,0.0150000 ,
0.0133036 ,0.0088891 ,0.0150000 ,
0.0113137 ,0.0113137 ,0.0150000 ,
0.0080000 ,0.0000000 ,0.0150000 ,
0.0156926 ,0.0031215 ,0.0150000 ,
0.0160000 ,0.0000000 ,0.0150000 ,
0.0030614 ,0.0073911 ,0.0150000 ,
-0.0000001 ,0.0080000 ,0.0150000 ,
0.0061228 ,0.0147821 ,0.0150000 ,
0.0031214 ,0.0156926 ,0.0150000 ,
-0.0000001 ,0.0160000 ,0.0150000 ,
0.0088890 ,0.0133037 ,0.0150000 ,
-0.0030616 ,0.0073910 ,0.0150000 ,
-0.0056570 ,0.0056567 ,0.0150000 ,
-0.0061231 ,0.0147820 ,0.0150000 ,
-0.0088893 ,0.0133035 ,0.0150000 ,
-0.0113138 ,0.0113136 ,0.0150000 ,
-0.0031217 ,0.0156926 ,0.0150000 ,
-0.0073911 ,0.0030613 ,0.0150000 ,
-0.0080000 ,-0.0000002 ,0.0150000 ,
-0.0147822 ,0.0061226 ,0.0150000 ,
-0.0156926 ,0.0031212 ,0.0150000 ,
-0.0160000 ,-0.0000003 ,0.0150000 ,
-0.0133038 ,0.0088888 ,0.0150000 ,
-0.0073909 ,-0.0030617 ,0.0150000 ,
-0.0056567 ,-0.0056570 ,0.0150000 ,
-0.0147819 ,-0.0061233 ,0.0150000 ,
-0.0133034 ,-0.0088894 ,0.0150000 ,
-0.0113134 ,-0.0113140 ,0.0150000 ,
-0.0156925 ,-0.0031219 ,0.0150000 ,
-0.0030612 ,-0.0073912 ,0.0150000 ,
0.0000003 ,-0.0080000 ,0.0150000 ,
-0.0061224 ,-0.0147823 ,0.0150000 ,
-0.0031210 ,-0.0156927 ,0.0150000 ,
0.0000005 ,-0.0160000 ,0.0150000 ,
-0.0088887 ,-0.0133039 ,0.0150000 ,
0.0030618 ,-0.0073909 ,0.0150000 ,
0.0056571 ,-0.0056566 ,0.0150000 ,
0.0061235 ,-0.0147819 ,0.0150000 ,
0.0088896 ,-0.0133033 ,0.0150000 ,
0.0113141 ,-0.0113133 ,0.0150000 ,
0.0031221 ,-0.0156925 ,0.0150000 ,
0.0073912 ,-0.0030611 ,0.0150000 ,
0.0080000 ,0.0000004 ,0.0150000 ,
0.0147823 ,-0.0061222 ,0.0150000 ,
0.0156927 ,-0.0031208 ,0.0150000 ,
0.0160000 ,0.0000007 ,0.0150000 ,
0.0133040 ,-0.0088885 ,0.0150000 ,
0.0000000 ,0.0000000 ,0.0300000 ,
0.0073910 ,0.0030615 ,0.0300000 ,
0.0056568 ,0.0056569 ,0.0300000 ,
0.0147821 ,0.0061229 ,0.0300000 ,
0.0133036 ,0.0088891 ,0.0300000 ,
0.0113137 ,0.0113137 ,0.0300000 ,
0.0080000 ,0.0000000 ,0.0300000 ,
0.0156926 ,0.0031215 ,0.0300000 ,
0.0160000 ,0.0000000 ,0.0300000 ,
0.0030614 ,0.0073911 ,0.0300000 ,
-0.0000001 ,0.0080000 ,0.0300000 ,
0.0061228 ,0.0147821 ,0.0300000 ,
0.0031214 ,0.0156926 ,0.0300000 ,
-0.0000001 ,0.0160000 ,0.0300000 ,
0.0088890 ,0.0133037 ,0.0300000 ,
-0.0030616 ,0.0073910 ,0.0300000 ,
-0.0056570 ,0.0056567 ,0.0300000 ,
-0.0061231 ,0.0147820 ,0.0300000 ,
-0.0088893 ,0.0133035 ,0.0300000 ,
-0.0113138 ,0.0113136 ,0.0300000 ,
-0.0031217 ,0.0156926 ,0.0300000 ,
-0.0073911 ,0.0030613 ,0.0300000 ,
-0.0080000 ,-0.0000002 ,0.0300000 ,
-0.0147822 ,0.0061226 ,0.0300000 ,
-0.0156926 ,0.0031212 ,0.0300000 ,
-0.0160000 ,-0.0000003 ,0.0300000 ,
-0.0133038 ,0.0088888 ,0.0300000 ,
-0.0073909 ,-0.0030617 ,0.0300000 ,
-0.0056567 ,-0.0056570 ,0.0300000 ,
-0.0147819 ,-0.0061233 ,0.0300000 ,
-0.0133034 ,-0.0088894 ,0.0300000 ,
-0.0113134 ,-0.0113140 ,0.0300000 ,
-0.0156925 ,-0.0031219 ,0.0300000 ,
-0.0030612 ,-0.0073912 ,0.0300000 ,
0.0000003 ,-0.0080000 ,0.0300000 ,
-0.0061224 ,-0.0147823 ,0.0300000 ,
-0.0031210 ,-0.0156927 ,0.0300000 ,
0.0000005 ,-0.0160000 ,0.0300000 ,
-0.0088887 ,-0.0133039 ,0.0300000 ,
0.0030618 ,-0.0073909 ,0.0300000 ,
0.0056571 ,-0.0056566 ,0.0300000 ,
0.0061235 ,-0.0147819 ,0.0300000 ,
0.0088896 ,-0.0133033 ,0.0300000 ,
0.0113141 ,-0.0113133 ,0.0300000 ,
0.0031221 ,-0.0156925 ,0.0300000 ,
0.0073912 ,-0.0030611 ,0.0300000 ,
0.0080000 ,0.0000004 ,0.0300000 ,
0.0147823 ,-0.0061222 ,0.0300000 ,
0.0156927 ,-0.0031208 ,0.0300000 ,
0.0160000 ,0.0000007 ,0.0300000 ,
0.0133040 ,-0.0088885 ,0.0300000 ,
0.0000000 ,0.0000000 ,0.0450000 ,
0.0073910 ,0.0030615 ,0.0450000 ,
0.0056568 ,0.0056569 ,0.0450000 ,
0.0147821 ,0.0061229 ,0.0450000 ,
0.0133036 ,0.0088891 ,0.0450000 ,
0.0113137 ,0.0113137 ,0.0450000 ,
0.0080000 ,0.0000000 ,0.0450000 ,
0.0156926 ,0.0031215 ,0.0450000 ,
0.0160000 ,0.0000000 ,0.0450000 ,
0.0030614 ,0.0073911 ,0.0450000 ,
-0.0000001 ,0.0080000 ,0.0450000 ,
0.0061228 ,0.0147821 ,0.0450000 ,
0.0031214 ,0.0156926 ,0.0450000 ,
-0.0000001 ,0.0160000 ,0.0450000 ,
0.0088890 ,0.0133037 ,0.0450000 ,
-0.0030616 ,0.0073910 ,0.0450000 ,
-0.0056570 ,0.0056567 ,0.0450000 ,
-0.0061231 ,0.0147820 ,0.0450000 ,
-0.0088893 ,0.0133035 ,0.0450000 ,
-0.0113138 ,0.0113136 ,0.0450000 ,
-0.0031217 ,0.0156926 ,0.0450000 ,
-0.0073911 ,0.0030613 ,0.0450000 ,
-0.0080000 ,-0.0000002 ,0.0450000 ,
-0.0147822 ,0.0061226 ,0.0450000 ,
-0.0156926 ,0.0031212 ,0.0450000 ,
-0.0160000 ,-0.0000003 ,0.0450000 ,
-0.0133038 ,0.0088888 ,0.0450000 ,
-0.0073909 ,-0.0030617 ,0.0450000 ,
-0.0056567 ,-0.0056570 ,0.0450000 ,
-0.0147819 ,-0.0061233 ,0.0450000 ,
-0.0133034 ,-0.0088894 ,0.0450000 ,
-0.0113134 ,-0.0113140 ,0.0450000 ,
-0.0156925 ,-0.0031219 ,0.0450000 ,
-0.0030612 ,-0.0073912 ,0.0450000 ,
0.0000003 ,-0.0080000 ,0.0450000 ,
-0.0061224 ,-0.0147823 ,0.0450000 ,
-0.0031210 ,-0.0156927 ,0.0450000 ,
0.0000005 ,-0.0160000 ,0.0450000 ,
-0.0088887 ,-0.0133039 ,0.0450000 ,
0.0030618 ,-0.0073909 ,0.0450000 ,
0.0056571 ,-0.0056566 ,0.0450000 ,
0.0061235 ,-0.0147819 ,0.0450000 ,
0.0088896 ,-0.0133033 ,0.0450000 ,
0.0113141 ,-0.0113133 ,0.0450000 ,
0.0031221 ,-0.0156925 ,0.0450000 ,
0.0073912 ,-0.0030611 ,0.0450000 ,
0.0080000 ,0.0000004 ,0.0450000 ,
0.0147823 ,-0.0061222 ,0.0450000 ,
0.0156927 ,-0.0031208 ,0.0450000 ,
0.0160000 ,0.0000007 ,0.0450000 ,
0.0133040 ,-0.0088885 ,0.0450000 ,
0.0000000 ,0.0000000 ,0.0600000 ,
0.0073910 ,0.0030615 ,0.0600000 ,
0.0056568 ,0.0056569 ,0.0600000 ,
0.0147821 ,0.0061229 ,0.0600000 ,
0.0133036 ,0.0088891 ,0.0600000 ,
0.0113137 ,0.0113137 ,0.0600000 ,
0.0080000 ,0.0000000 ,0.0600000 ,
0.0156926 ,0.0031215 ,0.0600000 ,
0.0160000 ,0.0000000 ,0.0600000 ,
0.0030614 ,0.0073911 ,0.0600000 ,
-0.0000001 ,0.0080000 ,0.0600000 ,
0.0061228 ,0.0147821 ,0.0600000 ,
0.0031214 ,0.0156926 ,0.0600000 ,
-0.0000001 ,0.0160000 ,0.0600000 ,
0.0088890 ,0.0133037 ,0.0600000 ,
-0.0030616 ,0.0073910 ,0.0600000 ,
-0.0056570 ,0.0056567 ,0.0600000 ,
-0.0061231 ,0.0147820 ,0.0600000 ,
-0.0088893 ,0.0133035 ,0.0600000 ,
-0.0113138 ,0.0113136 ,0.0600000 ,
-0.0031217 ,0.0156926 ,0.0600000 ,
-0.0073911 ,0.0030613 ,0.0600000 ,
-0.0080000 ,-0.0000002 ,0.0600000 ,
-0.0147822 ,0.0061226 ,0.0600000 ,
-0.0156926 ,0.0031212 ,0.0600000 ,
-0.0160000 ,-0.0000003 ,0.0600000 ,
-0.0133038 ,0.0088888 ,0.0600000 ,
-0.0073909 ,-0.0030617 ,0.0600000 ,
-0.0056567 ,-0.0056570 ,0.0600000 ,
-0.0147819 ,-0.0061233 ,0.0600000 ,
-0.0133034 ,-0.0088894 ,0.0600000 ,
-0.0113134 ,-0.0113140 ,0.0600000 ,
-0.0156925 ,-0.0031219 ,0.0600000 ,
-0.0030612 ,-0.0073912 ,0.0600000 ,
0.0000003 ,-0.0080000 ,0.0600000 ,
-0.0061224 ,-0.0147823 ,0.0600000 ,
-0.0031210 ,-0.0156927 ,0.0600000 ,
0.0000005 ,-0.0160000 ,0.0600000 ,
-0.0088887 ,-0.0133039 ,0.0600000 ,
0.0030618 ,-0.0073909 ,0.0600000 ,
0.0056571 ,-0.0056566 ,0.0600000 ,
0.0061235 ,-0.0147819 ,0.0600000 ,
0.0088896 ,-0.0133033 ,0.0600000 ,
0.0113141 ,-0.0113133 ,0.0600000 ,
0.0031221 ,-0.0156925 ,0.0600000 ,
0.0073912 ,-0.0030611 ,0.0600000 ,
0.0080000 ,0.0000004 ,0.0600000 ,
0.0147823 ,-0.0061222 ,0.0600000 ,
0.0156927 ,-0.0031208 ,0.0600000 ,
0.0160000 ,0.0000007 ,0.0600000 ,
0.0133040 ,-0.0088885 ,0.0600000 ,
0.0000000 ,0.0000000 ,0.0750000 ,
0.0073910 ,0.0030615 ,0.0750000 ,
0.0056568 ,0.0056569 ,0.0750000 ,
0.0147821 ,0.0061229 ,0.0750000 ,
0.0133036 ,0.0088891 ,0.0750000 ,
0.0113137 ,0.0113137 ,0.0750000 ,
0.0080000 ,0.0000000 ,0.0750000 ,
0.0156926 ,0.0031215 ,0.0750000 ,
0.0160000 ,0.0000000 ,0.0750000 ,
0.0030614 ,0.0073911 ,0.0750000 ,
-0.0000001 ,0.0080000 ,0.0750000 ,
0.0061228 ,0.0147821 ,0.0750000 ,
0.0031214 ,0.0156926 ,0.0750000 ,
-0.0000001 ,0.0160000 ,0.0750000 ,
0.0088890 ,0.0133037 ,0.0750000 ,
-0.0030616 ,0.0073910 ,0.0750000 ,
-0.0056570 ,0.0056567 ,0.0750000 ,
-0.0061231 ,0.0147820 ,0.0750000 ,
-0.0088893 ,0.0133035 ,0.0750000 ,
-0.0113138 ,0.0113136 ,0.0750000 ,
-0.0031217 ,0.0156926 ,0.0750000 ,
-0.0073911 ,0.0030613 ,0.0750000 ,
-0.0080000 ,-0.0000002 ,0.0750000 ,
-0.0147822 ,0.0061226 ,0.0750000 ,
-0.0156926 ,0.0031212 ,0.0750000 ,
-0.0160000 ,-0.0000003 ,0.0750000 ,
-0.0133038 ,0.0088888 ,0.0750000 ,
-0.0073909 ,-0.0030617 ,0.0750000 ,
-0.0056567 ,-0.0056570 ,0.0750000 ,
-0.0147819 ,-0.0061233 ,0.0750000 ,
-0.0133034 ,-0.0088894 ,0.0750000 ,
-0.0113134 ,-0.0113140 ,0.0750000 ,
-0.0156925 ,-0.0031219 ,0.0750000 ,
-0.0030612 ,-0.0073912 ,0.0750000 ,
0.0000003 ,-0.0080000 ,0.0750000 ,
-0.0061224 ,-0.0147823 ,0.0750000 ,
-0.0031210 ,-0.0156927 ,0.0750000 ,
0.0000005 ,-0.0160000 ,0.0750000 ,
-0.0088887 ,-0.0133039 ,0.0750000 ,
0.0030618 ,-0.0073909 ,0.0750000 ,
0.0056571 ,-0.0056566 ,0.0750000 ,
0.0061235 ,-0.0147819 ,0.0750000 ,
0.0088896 ,-0.0133033 ,0.0750000 ,
0.0113141 ,-0.0113133 ,0.0750000 ,
0.0031221 ,-0.0156925 ,0.0750000 ,
0.0073912 ,-0.0030611 ,0.0750000 ,
0.0080000 ,0.0000004 ,0.0750000 ,
0.0147823 ,-0.0061222 ,0.0750000 ,
0.0156927 ,-0.0031208 ,0.0750000 ,
0.0160000 ,0.0000007 ,0.0750000 ,
0.0133040 ,-0.0088885 ,0.0750000 ,
0.0000000 ,0.0000000 ,0.0900000 ,
0.0073910 ,0.0030615 ,0.0900000 ,
0.0056568 ,0.0056569 ,0.0900000 ,
0.0147821 ,0.0061229 ,0.0900000 ,
0.0133036 ,0.0088891 ,0.0900000 ,
0.0113137 ,0.0113137 ,0.0900000 ,
0.0080000 ,0.0000000 ,0.0900000 ,
0.0156926 ,0.0031215 ,0.0900000 ,
0.0160000 ,0.0000000 ,0.0900000 ,
0.0030614 ,0.0073911 ,0.0900000 ,
-0.0000001 ,0.0080000 ,0.0900000 ,
0.0061228 ,0.0147821 ,0.0900000 ,
0.0031214 ,0.0156926 ,0.0900000 ,
-0.0000001 ,0.0160000 ,0.0900000 ,
0.0088890 ,0.0133037 ,0.0900000 ,
-0.0030616 ,0.0073910 ,0.0900000 ,
-0.0056570 ,0.0056567 ,0.0900000 ,
-0.0061231 ,0.0147820 ,0.0900000 ,
-0.0088893 ,0.0133035 ,0.0900000 ,
-0.0113138 ,0.0113136 ,0.0900000 ,
-0.0031217 ,0.0156926 ,0.0900000 ,
-0.0073911 ,0.0030613 ,0.0900000 ,
-0.0080000 ,-0.0000002 ,0.0900000 ,
-0.0147822 ,0.0061226 ,0.0900000 ,
-0.0156926 ,0.0031212 ,0.0900000 ,
-0.0160000 ,-0.0000003 ,0.0900000 ,
-0.0133038 ,0.0088888 ,0.0900000 ,
-0.0073909 ,-0.0030617 ,0.0900000 ,
-0.0056567 ,-0.0056570 ,0.0900000 ,
-0.0147819 ,-0.0061233 ,0.0900000 ,
-0.0133034 ,-0.0088894 ,0.0900000 ,
-0.0113134 ,-0.0113140 ,0.0900000 ,
-0.0156925 ,-0.0031219 ,0.0900000 ,
-0.0030612 ,-0.0073912 ,0.0900000 ,
0.0000003 ,-0.0080000 ,0.0900000 ,
-0.0061224 ,-0.0147823 ,0.0900000 ,
-0.0031210 ,-0.0156927 ,0.0900000 ,
0.0000005 ,-0.0160000 ,0.0900000 ,
-0.0088887 ,-0.0133039 ,0.0900000 ,
0.0030618 ,-0.0073909 ,0.0900000 ,
0.0056571 ,-0.0056566 ,0.0900000 ,
0.0061235 ,-0.0147819 ,0.0900000 ,
0.0088896 ,-0.0133033 ,0.0900000 ,
0.0113141 ,-0.0113133 ,0.0900000 ,
0.0031221 ,-0.0156925 ,0.0900000 ,
0.0073912 ,-0.0030611 ,0.0900000 ,
0.0080000 ,0.0000004 ,0.0900000 ,
0.0147823 ,-0.0061222 ,0.0900000 ,
0.0156927 ,-0.0031208 ,0.0900000 ,
0.0160000 ,0.0000007 ,0.0900000 ,
0.0133040 ,-0.0088885 ,0.0900000 ,
0.0000000 ,0.0000000 ,0.1050000 ,
0.0073910 ,0.0030615 ,0.1050000 ,
0.0056568 ,0.0056569 ,0.1050000 ,
0.0147821 ,0.0061229 ,0.1050000 ,
0.0133036 ,0.0088891 ,0.1050000 ,
0.0113137 ,0.0113137 ,0.1050000 ,
0.0080000 ,0.0000000 ,0.1050000 ,
0.0156926 ,0.0031215 ,0.1050000 ,
0.0160000 ,0.0000000 ,0.1050000 ,
0.0030614 ,0.0073911 ,0.1050000 ,
-0.0000001 ,0.0080000 ,0.1050000 ,
0.0061228 ,0.0147821 ,0.1050000 ,
0.0031214 ,0.0156926 ,0.1050000 ,
-0.0000001 ,0.0160000 ,0.1050000 ,
0.0088890 ,0.0133037 ,0.1050000 ,
-0.0030616 ,0.0073910 ,0.1050000 ,
-0.0056570 ,0.0056567 ,0.1050000 ,
-0.0061231 ,0.0147820 ,0.1050000 ,
-0.0088893 ,0.0133035 ,0.1050000 ,
-0.0113138 ,0.0113136 ,0.1050000 ,
-0.0031217 ,0.0156926 ,0.1050000 ,
-0.0073911 ,0.0030613 ,0.1050000 ,
-0.0080000 ,-0.0000002 ,0.1050000 ,
-0.0147822 ,0.0061226 ,0.1050000 ,
-0.0156926 ,0.0031212 ,0.1050000 ,
-0.0160000 ,-0.0000003 ,0.1050000 ,
-0.0133038 ,0.0088888 ,0.1050000 ,
-0.0073909 ,-0.0030617 ,0.1050000 ,
-0.0056567 ,-0.0056570 ,0.1050000 ,
-0.0147819 ,-0.0061233 ,0.1050000 ,
-0.0133034 ,-0.0088894 ,0.1050000 ,
-0.0113134 ,-0.0113140 ,0.1050000 ,
-0.0156925 ,-0.0031219 ,0.1050000 ,
-0.0030612 ,-0.0073912 ,0.1050000 ,
0.0000003 ,-0.0080000 ,0.1050000 ,
-0.0061224 ,-0.0147823 ,0.1050000 ,
-0.0031210 ,-0.0156927 ,0.1050000 ,
0.0000005 ,-0.0160000 ,0.1050000 ,
-0.0088887 ,-0.0133039 ,0.1050000 ,
0.0030618 ,-0.0073909 ,0.1050000 ,
0.0056571 ,-0.0056566 ,0.1050000 ,
0.0061235 ,-0.0147819 ,0.1050000 ,
0.0088896 ,-0.0133033 ,0.1050000 ,
0.0113141 ,-0.0113133 ,0.1050000 ,
0.0031221 ,-0.0156925 ,0.1050000 ,
0.0073912 ,-0.0030611 ,0.1050000 ,
0.0080000 ,0.0000004 ,0.1050000 ,
0.0147823 ,-0.0061222 ,0.1050000 ,
0.0156927 ,-0.0031208 ,0.1050000 ,
0.0160000 ,0.0000007 ,0.1050000 ,
0.0133040 ,-0.0088885 ,0.1050000 ,
0.0000000 ,0.0000000 ,0.1200000 ,
0.0073910 ,0.0030615 ,0.1200000 ,
0.0056568 ,0.0056569 ,0.1200000 ,
0.0147821 ,0.0061229 ,0.1200000 ,
0.0133036 ,0.0088891 ,0.1200000 ,
0.0113137 ,0.0113137 ,0.1200000 ,
0.0080000 ,0.0000000 ,0.1200000 ,
0.0156926 ,0.0031215 ,0.1200000 ,
0.0160000 ,0.0000000 ,0.1200000 ,
0.0030614 ,0.0073911 ,0.1200000 ,
-0.0000001 ,0.0080000 ,0.1200000 ,
0.0061228 ,0.0147821 ,0.1200000 ,
0.0031214 ,0.0156926 ,0.1200000 ,
-0.0000001 ,0.0160000 ,0.1200000 ,
0.0088890 ,0.0133037 ,0.1200000 ,
-0.0030616 ,0.0073910 ,0.1200000 ,
-0.0056570 ,0.0056567 ,0.1200000 ,
-0.0061231 ,0.0147820 ,0.1200000 ,
-0.0088893 ,0.0133035 ,0.1200000 ,
-0.0113138 ,0.0113136 ,0.1200000 ,
-0.0031217 ,0.0156926 ,0.1200000 ,
-0.0073911 ,0.0030613 ,0.1200000 ,
-0.0080000 ,-0.0000002 ,0.1200000 ,
-0.0147822 ,0.0061226 ,0.1200000 ,
-0.0156926 ,0.0031212 ,0.1200000 ,
-0.0160000 ,-0.0000003 ,0.1200000 ,
-0.0133038 ,0.0088888 ,0.1200000 ,
-0.0073909 ,-0.0030617 ,0.1200000 ,
-0.0056567 ,-0.0056570 ,0.1200000 ,
-0.0147819 ,-0.0061233 ,0.1200000 ,
-0.0133034 ,-0.0088894 ,0.1200000 ,
-0.0113134 ,-0.0113140 ,0.1200000 ,
-0.0156925 ,-0.0031219 ,0.1200000 ,
-0.0030612 ,-0.0073912 ,0.1200000 ,
0.0000003 ,-0.0080000 ,0.1200000 ,
-0.0061224 ,-0.0147823 ,0.1200000 ,
-0.0031210 ,-0.0156927 ,0.1200000 ,
0.0000005 ,-0.0160000 ,0.1200000 ,
-0.0088887 ,-0.0133039 ,0.1200000 ,
0.0030618 ,-0.0073909 ,0.1200000 ,
0.0056571 ,-0.0056566 ,0.1200000 ,
0.0061235 ,-0.0147819 ,0.1200000 ,
0.0088896 ,-0.0133033 ,0.1200000 ,
0.0113141 ,-0.0113133 ,0.1200000 ,
0.0031221 ,-0.0156925 ,0.1200000 ,
0.0073912 ,-0.0030611 ,0.1200000 ,
0.0080000 ,0.0000004 ,0.1200000 ,
0.0147823 ,-0.0061222 ,0.1200000 ,
0.0156927 ,-0.0031208 ,0.1200000 ,
0.0160000 ,0.0000007 ,0.1200000 ,
0.0133040 ,-0.0088885 ,0.1200000 ,
0.0000000 ,0.0000000 ,0.1350000 ,
0.0073910 ,0.0030615 ,0.1350000 ,
0.0056568 ,0.0056569 ,0.1350000 ,
0.0147821 ,0.0061229 ,0.1350000 ,
0.0133036 ,0.0088891 ,0.1350000 ,
0.0113137 ,0.0113137 ,0.1350000 ,
0.0080000 ,0.0000000 ,0.1350000 ,
0.0156926 ,0.0031215 ,0.1350000 ,
0.0160000 ,0.0000000 ,0.1350000 ,
0.0030614 ,0.0073911 ,0.1350000 ,
-0.0000001 ,0.0080000 ,0.1350000 ,
0.0061228 ,0.0147821 ,0.1350000 ,
0.0031214 ,0.0156926 ,0.1350000 ,
-0.0000001 ,0.0160000 ,0.1350000 ,
0.0088890 ,0.0133037 ,0.1350000 ,
-0.0030616 ,0.0073910 ,0.1350000 ,
-0.0056570 ,0.0056567 ,0.1350000 ,
-0.0061231 ,0.0147820 ,0.1350000 ,
-0.0088893 ,0.0133035 ,0.1350000 ,
-0.0113138 ,0.0113136 ,0.1350000 ,
-0.0031217 ,0.0156926 ,0.1350000 ,
-0.0073911 ,0.0030613 ,0.1350000 ,
-0.0080000 ,-0.0000002 ,0.1350000 ,
-0.0147822 ,0.0061226 ,0.1350000 ,
-0.0156926 ,0.0031212 ,0.1350000 ,
-0.0160000 ,-0.0000003 ,0.1350000 ,
-0.0133038 ,0.0088888 ,0.1350000 ,
-0.0073909 ,-0.0030617 ,0.1350000 ,
-0.0056567 ,-0.0056570 ,0.1350000 ,
-0.0147819 ,-0.0061233 ,0.1350000 ,
-0.0133034 ,-0.0088894 ,0.1350000 ,
-0.0113134 ,-0.0113140 ,0.1350000 ,
-0.0156925 ,-0.0031219 ,0.1350000 ,
-0.0030612 ,-0.0073912 ,0.1350000 ,
0.0000003 ,-0.0080000 ,0.1350000 ,
-0.0061224 ,-0.0147823 ,0.1350000 ,
-0.0031210 ,-0.0156927 ,0.1350000 ,
0.0000005 ,-0.0160000 ,0.1350000 ,
-0.0088887 ,-0.0133039 ,0.1350000 ,
0.0030618 ,-0.0073909 ,0.1350000 ,
0.0056571 ,-0.0056566 ,0.1350000 ,
0.0061235 ,-0.0147819 ,0.1350000 ,
0.0088896 ,-0.0133033 ,0.1350000 ,
0.0113141 ,-0.0113133 ,0.1350000 ,
0.0031221 ,-0.0156925 ,0.1350000 ,
0.0073912 ,-0.0030611 ,0.1350000 ,
0.0080000 ,0.0000004 ,0.1350000 ,
0.0147823 ,-0.0061222 ,0.1350000 ,
0.0156927 ,-0.0031208 ,0.1350000 ,
0.0160000 ,0.0000007 ,0.1350000 ,
0.0133040 ,-0.0088885 ,0.1350000 ,
0.0000000 ,0.0000000 ,0.1500000 ,
0.0073910 ,0.0030615 ,0.1500000 ,
0.0056568 ,0.0056569 ,0.1500000 ,
0.0147821 ,0.0061229 ,0.1500000 ,
0.0133036 ,0.0088891 ,0.1500000 ,
0.0113137 ,0.0113137 ,0.1500000 ,
0.0080000 ,0.0000000 ,0.1500000 ,
0.0156926 ,0.0031215 ,0.1500000 ,
0.0160000 ,0.0000000 ,0.1500000 ,
0.0030614 ,0.0073911 ,0.1500000 ,
-0.0000001 ,0.0080000 ,0.1500000 ,
0.0061228 ,0.0147821 ,0.1500000 ,
0.0031214 ,0.0156926 ,0.1500000 ,
-0.0000001 ,0.0160000 ,0.1500000 ,
0.0088890 ,0.0133037 ,0.1500000 ,
-0.0030616 ,0.0073910 ,0.1500000 ,
-0.0056570 ,0.0056567 ,0.1500000 ,
-0.0061231 ,0.0147820 ,0.1500000 ,
-0.0088893 ,0.0133035 ,0.1500000 ,
-0.0113138 ,0.0113136 ,0.1500000 ,
-0.0031217 ,0.0156926 ,0.1500000 ,
-0.0073911 ,0.0030613 ,0.1500000 ,
-0.0080000 ,-0.0000002 ,0.1500000 ,
-0.0147822 ,0.0061226 ,0.1500000 ,
-0.0156926 ,0.0031212 ,0.1500000 ,
-0.0160000 ,-0.0000003 ,0.1500000 ,
-0.0133038 ,0.0088888 ,0.1500000 ,
-0.0073909 ,-0.0030617 ,0.1500000 ,
-0.0056567 ,-0.0056570 ,0.1500000 ,
-0.0147819 ,-0.0061233 ,0.1500000 ,
-0.0133034 ,-0.0088894 ,0.1500000 ,
-0.0113134 ,-0.0113140 ,0.1500000 ,
-0.0156925 ,-0.0031219 ,0.1500000 ,
-0.0030612 ,-0.0073912 ,0.1500000 ,
0.0000003 ,-0.0080000 ,0.1500000 ,
-0.0061224 ,-0.0147823 ,0.1500000 ,
-0.0031210 ,-0.0156927 ,0.1500000 ,
0.0000005 ,-0.0160000 ,0.1500000 ,
-0.0088887 ,-0.0133039 ,0.1500000 ,
0.0030618 ,-0.0073909 ,0.1500000 ,
0.0056571 ,-0.0056566 ,0.1500000 ,
0.0061235 ,-0.0147819 ,0.1500000 ,
0.0088896 ,-0.0133033 ,0.1500000 ,
0.0113141 ,-0.0113133 ,0.1500000 ,
0.0031221 ,-0.0156925 ,0.1500000 ,
0.0073912 ,-0.0030611 ,0.1500000 ,
0.0080000 ,0.0000004 ,0.1500000 ,
0.0147823 ,-0.0061222 ,0.1500000 ,
0.0156927 ,-0.0031208 ,0.1500000 ,
0.0160000 ,0.0000007 ,0.1500000 ,
0.0133040 ,-0.0088885 ,0.1500000 ,
1,1280,shaft
