prism
//Number_of_Node
384
//Number_of_Element
480
//Number_of_Region
1
//Factor
1.0
97,98,103,1,2,7,
98,104,103,2,8,7,
98,99,105,2,3,9,
105,104,98,9,8,2,
99,100,105,3,4,9,
100,106,105,4,10,9,
100,101,107,4,5,11,
107,106,100,11,10,4,
101,102,108,5,6,12,
108,107,101,12,11,5,
109,98,97,13,2,1,
109,110,98,13,14,2,
111,99,98,15,3,2,
98,110,111,2,14,15,
111,100,99,15,4,3,
111,112,100,15,16,4,
113,101,100,17,5,4,
100,112,113,4,16,17,
114,102,101,18,6,5,
101,113,114,5,17,18,
115,116,121,19,20,25,
116,122,121,20,26,25,
116,117,123,20,21,27,
123,122,116,27,26,20,
117,118,123,21,22,27,
118,124,123,22,28,27,
118,119,125,22,23,29,
125,124,118,29,28,22,
119,120,126,23,24,30,
126,125,119,30,29,23,
103,116,115,7,20,19,
103,104,116,7,8,20,
105,117,116,9,21,20,
116,104,105,20,8,9,
105,118,117,9,22,21,
105,106,118,9,10,22,
107,119,118,11,23,22,
118,106,107,22,10,11,
108,120,119,12,24,23,
119,107,108,23,11,12,
127,128,133,31,32,37,
128,134,133,32,38,37,
128,129,135,32,33,39,
135,134,128,39,38,32,
129,130,135,33,34,39,
130,136,135,34,40,39,
130,131,137,34,35,41,
137,136,130,41,40,34,
131,132,138,35,36,42,
138,137,131,42,41,35,
121,128,127,25,32,31,
121,122,128,25,26,32,
123,129,128,27,33,32,
128,122,123,32,26,27,
123,130,129,27,34,33,
123,124,130,27,28,34,
125,131,130,29,35,34,
130,124,125,34,28,29,
126,132,131,30,36,35,
131,125,126,35,29,30,
139,140,145,43,44,49,
140,146,145,44,50,49,
140,141,147,44,45,51,
147,146,140,51,50,44,
141,142,147,45,46,51,
142,148,147,46,52,51,
142,143,149,46,47,53,
149,148,142,53,52,46,
143,144,150,47,48,54,
150,149,143,54,53,47,
133,140,139,37,44,43,
133,134,140,37,38,44,
135,141,140,39,45,44,
140,134,135,44,38,39,
135,142,141,39,46,45,
135,136,142,39,40,46,
137,143,142,41,47,46,
142,136,137,46,40,41,
138,144,143,42,48,47,
143,137,138,47,41,42,
151,152,157,55,56,61,
152,158,157,56,62,61,
152,153,159,56,57,63,
159,158,152,63,62,56,
153,154,159,57,58,63,
154,160,159,58,64,63,
154,155,161,58,59,65,
161,160,154,65,64,58,
155,156,162,59,60,66,
162,161,155,66,65,59,
145,152,151,49,56,55,
145,146,152,49,50,56,
147,153,152,51,57,56,
152,146,147,56,50,51,
147,154,153,51,58,57,
147,148,154,51,52,58,
149,155,154,53,59,58,
154,148,149,58,52,53,
150,156,155,54,60,59,
155,149,150,59,53,54,
163,164,169,67,68,73,
164,170,169,68,74,73,
164,165,171,68,69,75,
171,170,164,75,74,68,
165,166,171,69,70,75,
166,172,171,70,76,75,
166,167,173,70,71,77,
173,172,166,77,76,70,
167,168,174,71,72,78,
174,173,167,78,77,71,
157,164,163,61,68,67,
157,158,164,61,62,68,
159,165,164,63,69,68,
164,158,159,68,62,63,
159,166,165,63,70,69,
159,160,166,63,64,70,
161,167,166,65,71,70,
166,160,161,70,64,65,
162,168,167,66,72,71,
167,161,162,71,65,66,
175,176,181,79,80,85,
176,182,181,80,86,85,
176,177,183,80,81,87,
183,182,176,87,86,80,
177,178,183,81,82,87,
178,184,183,82,88,87,
178,179,185,82,83,89,
185,184,178,89,88,82,
179,180,186,83,84,90,
186,185,179,90,89,83,
169,176,175,73,80,79,
169,170,176,73,74,80,
171,177,176,75,81,80,
176,170,171,80,74,75,
171,178,177,75,82,81,
171,172,178,75,76,82,
173,179,178,77,83,82,
178,172,173,82,76,77,
174,180,179,78,84,83,
179,173,174,83,77,78,
187,188,109,91,92,13,
188,110,109,92,14,13,
188,189,111,92,93,15,
111,110,188,15,14,92,
189,190,111,93,94,15,
190,112,111,94,16,15,
190,191,113,94,95,17,
113,112,190,17,16,94,
191,192,114,95,96,18,
114,113,191,18,17,95,
181,188,187,85,92,91,
181,182,188,85,86,92,
183,189,188,87,93,92,
188,182,183,92,86,87,
183,190,189,87,94,93,
183,184,190,87,88,94,
185,191,190,89,95,94,
190,184,185,94,88,89,
186,192,191,90,96,95,
191,185,186,95,89,90,
193,194,199,97,98,103,
194,200,199,98,104,103,
194,195,201,98,99,105,
201,200,194,105,104,98,
195,196,201,99,100,105,
196,202,201,100,106,105,
196,197,203,100,101,107,
203,202,196,107,106,100,
197,198,204,101,102,108,
204,203,197,108,107,101,
205,194,193,109,98,97,
205,206,194,109,110,98,
207,195,194,111,99,98,
194,206,207,98,110,111,
207,196,195,111,100,99,
207,208,196,111,112,100,
209,197,196,113,101,100,
196,208,209,100,112,113,
210,198,197,114,102,101,
197,209,210,101,113,114,
211,212,217,115,116,121,
212,218,217,116,122,121,
212,213,219,116,117,123,
219,218,212,123,122,116,
213,214,219,117,118,123,
214,220,219,118,124,123,
214,215,221,118,119,125,
221,220,214,125,124,118,
215,216,222,119,120,126,
222,221,215,126,125,119,
199,212,211,103,116,115,
199,200,212,103,104,116,
201,213,212,105,117,116,
212,200,201,116,104,105,
201,214,213,105,118,117,
201,202,214,105,106,118,
203,215,214,107,119,118,
214,202,203,118,106,107,
204,216,215,108,120,119,
215,203,204,119,107,108,
223,224,229,127,128,133,
224,230,229,128,134,133,
224,225,231,128,129,135,
231,230,224,135,134,128,
225,226,231,129,130,135,
226,232,231,130,136,135,
226,227,233,130,131,137,
233,232,226,137,136,130,
227,228,234,131,132,138,
234,233,227,138,137,131,
217,224,223,121,128,127,
217,218,224,121,122,128,
219,225,224,123,129,128,
224,218,219,128,122,123,
219,226,225,123,130,129,
219,220,226,123,124,130,
221,227,226,125,131,130,
226,220,221,130,124,125,
222,228,227,126,132,131,
227,221,222,131,125,126,
235,236,241,139,140,145,
236,242,241,140,146,145,
236,237,243,140,141,147,
243,242,236,147,146,140,
237,238,243,141,142,147,
238,244,243,142,148,147,
238,239,245,142,143,149,
245,244,238,149,148,142,
239,240,246,143,144,150,
246,245,239,150,149,143,
229,236,235,133,140,139,
229,230,236,133,134,140,
231,237,236,135,141,140,
236,230,231,140,134,135,
231,238,237,135,142,141,
231,232,238,135,136,142,
233,239,238,137,143,142,
238,232,233,142,136,137,
234,240,239,138,144,143,
239,233,234,143,137,138,
247,248,253,151,152,157,
248,254,253,152,158,157,
248,249,255,152,153,159,
255,254,248,159,158,152,
249,250,255,153,154,159,
250,256,255,154,160,159,
250,251,257,154,155,161,
257,256,250,161,160,154,
251,252,258,155,156,162,
258,257,251,162,161,155,
241,248,247,145,152,151,
241,242,248,145,146,152,
243,249,248,147,153,152,
248,242,243,152,146,147,
243,250,249,147,154,153,
243,244,250,147,148,154,
245,251,250,149,155,154,
250,244,245,154,148,149,
246,252,251,150,156,155,
251,245,246,155,149,150,
259,260,265,163,164,169,
260,266,265,164,170,169,
260,261,267,164,165,171,
267,266,260,171,170,164,
261,262,267,165,166,171,
262,268,267,166,172,171,
262,263,269,166,167,173,
269,268,262,173,172,166,
263,264,270,167,168,174,
270,269,263,174,173,167,
253,260,259,157,164,163,
253,254,260,157,158,164,
255,261,260,159,165,164,
260,254,255,164,158,159,
255,262,261,159,166,165,
255,256,262,159,160,166,
257,263,262,161,167,166,
262,256,257,166,160,161,
258,264,263,162,168,167,
263,257,258,167,161,162,
271,272,277,175,176,181,
272,278,277,176,182,181,
272,273,279,176,177,183,
279,278,272,183,182,176,
273,274,279,177,178,183,
274,280,279,178,184,183,
274,275,281,178,179,185,
281,280,274,185,184,178,
275,276,282,179,180,186,
282,281,275,186,185,179,
265,272,271,169,176,175,
265,266,272,169,170,176,
267,273,272,171,177,176,
272,266,267,176,170,171,
267,274,273,171,178,177,
267,268,274,171,172,178,
269,275,274,173,179,178,
274,268,269,178,172,173,
270,276,275,174,180,179,
275,269,270,179,173,174,
283,284,205,187,188,109,
284,206,205,188,110,109,
284,285,207,188,189,111,
207,206,284,111,110,188,
285,286,207,189,190,111,
286,208,207,190,112,111,
286,287,209,190,191,113,
209,208,286,113,112,190,
287,288,210,191,192,114,
210,209,287,114,113,191,
277,284,283,181,188,187,
277,278,284,181,182,188,
279,285,284,183,189,188,
284,278,279,188,182,183,
279,286,285,183,190,189,
279,280,286,183,184,190,
281,287,286,185,191,190,
286,280,281,190,184,185,
282,288,287,186,192,191,
287,281,282,191,185,186,
289,290,295,193,194,199,
290,296,295,194,200,199,
290,291,297,194,195,201,
297,296,290,201,200,194,
291,292,297,195,196,201,
292,298,297,196,202,201,
292,293,299,196,197,203,
299,298,292,203,202,196,
293,294,300,197,198,204,
300,299,293,204,203,197,
301,290,289,205,194,193,
301,302,290,205,206,194,
303,291,290,207,195,194,
290,302,303,194,206,207,
303,292,291,207,196,195,
303,304,292,207,208,196,
305,293,292,209,197,196,
292,304,305,196,208,209,
306,294,293,210,198,197,
293,305,306,197,209,210,
307,308,313,211,212,217,
308,314,313,212,218,217,
308,309,315,212,213,219,
315,314,308,219,218,212,
309,310,315,213,214,219,
310,316,315,214,220,219,
310,311,317,214,215,221,
317,316,310,221,220,214,
311,312,318,215,216,222,
318,317,311,222,221,215,
295,308,307,199,212,211,
295,296,308,199,200,212,
297,309,308,201,213,212,
308,296,297,212,200,201,
297,310,309,201,214,213,
297,298,310,201,202,214,
299,311,310,203,215,214,
310,298,299,214,202,203,
300,312,311,204,216,215,
311,299,300,215,203,204,
319,320,325,223,224,229,
320,326,325,224,230,229,
320,321,327,224,225,231,
327,326,320,231,230,224,
321,322,327,225,226,231,
322,328,327,226,232,231,
322,323,329,226,227,233,
329,328,322,233,232,226,
323,324,330,227,228,234,
330,329,323,234,233,227,
313,320,319,217,224,223,
313,314,320,217,218,224,
315,321,320,219,225,224,
320,314,315,224,218,219,
315,322,321,219,226,225,
315,316,322,219,220,226,
317,323,322,221,227,226,
322,316,317,226,220,221,
318,324,323,222,228,227,
323,317,318,227,221,222,
331,332,337,235,236,241,
332,338,337,236,242,241,
332,333,339,236,237,243,
339,338,332,243,242,236,
333,334,339,237,238,243,
334,340,339,238,244,243,
334,335,341,238,239,245,
341,340,334,245,244,238,
335,336,342,239,240,246,
342,341,335,246,245,239,
325,332,331,229,236,235,
325,326,332,229,230,236,
327,333,332,231,237,236,
332,326,327,236,230,231,
327,334,333,231,238,237,
327,328,334,231,232,238,
329,335,334,233,239,238,
334,328,329,238,232,233,
330,336,335,234,240,239,
335,329,330,239,233,234,
343,344,349,247,248,253,
344,350,349,248,254,253,
344,345,351,248,249,255,
351,350,344,255,254,248,
345,346,351,249,250,255,
346,352,351,250,256,255,
346,347,353,250,251,257,
353,352,346,257,256,250,
347,348,354,251,252,258,
354,353,347,258,257,251,
337,344,343,241,248,247,
337,338,344,241,242,248,
339,345,344,243,249,248,
344,338,339,248,242,243,
339,346,345,243,250,249,
339,340,346,243,244,250,
341,347,346,245,251,250,
346,340,341,250,244,245,
342,348,347,246,252,251,
347,341,342,251,245,246,
355,356,361,259,260,265,
356,362,361,260,266,265,
356,357,363,260,261,267,
363,362,356,267,266,260,
357,358,363,261,262,267,
358,364,363,262,268,267,
358,359,365,262,263,269,
365,364,358,269,268,262,
359,360,366,263,264,270,
366,365,359,270,269,263,
349,356,355,253,260,259,
349,350,356,253,254,260,
351,357,356,255,261,260,
356,350,351,260,254,255,
351,358,357,255,262,261,
351,352,358,255,256,262,
353,359,358,257,263,262,
358,352,353,262,256,257,
354,360,359,258,264,263,
359,353,354,263,257,258,
367,368,373,271,272,277,
368,374,373,272,278,277,
368,369,375,272,273,279,
375,374,368,279,278,272,
369,370,375,273,274,279,
370,376,375,274,280,279,
370,371,377,274,275,281,
377,376,370,281,280,274,
371,372,378,275,276,282,
378,377,371,282,281,275,
361,368,367,265,272,271,
361,362,368,265,266,272,
363,369,368,267,273,272,
368,362,363,272,266,267,
363,370,369,267,274,273,
363,364,370,267,268,274,
365,371,370,269,275,274,
370,364,365,274,268,269,
366,372,371,270,276,275,
371,365,366,275,269,270,
379,380,301,283,284,205,
380,302,301,284,206,205,
380,381,303,284,285,207,
303,302,380,207,206,284,
381,382,303,285,286,207,
382,304,303,286,208,207,
382,383,305,286,287,209,
305,304,382,209,208,286,
383,384,306,287,288,210,
306,305,383,210,209,287,
373,380,379,277,284,283,
373,374,380,277,278,284,
375,381,380,279,285,284,
380,374,375,284,278,279,
375,382,381,279,286,285,
375,376,382,279,280,286,
377,383,382,281,287,286,
382,376,377,286,280,281,
378,384,383,282,288,287,
383,377,378,287,281,282,
0.0138582 ,0.0057403 ,-0.0348300 ,
0.0197479 ,0.0081799 ,-0.0348300 ,
0.0256377 ,0.0106195 ,-0.0348300 ,
0.0315274 ,0.0130591 ,-0.0348300 ,
0.0374171 ,0.0154987 ,-0.0348300 ,
0.0433069 ,0.0179383 ,-0.0348300 ,
0.0106066 ,0.0106066 ,-0.0348300 ,
0.0151145 ,0.0151145 ,-0.0348300 ,
0.0196222 ,0.0196221 ,-0.0348300 ,
0.0241300 ,0.0241300 ,-0.0348300 ,
0.0286378 ,0.0286378 ,-0.0348300 ,
0.0331457 ,0.0331457 ,-0.0348300 ,
0.0150000 ,0.0000001 ,-0.0348300 ,
0.0213751 ,0.0000000 ,-0.0348300 ,
0.0277499 ,0.0000000 ,-0.0348300 ,
0.0341250 ,0.0000000 ,-0.0348300 ,
0.0405000 ,0.0000000 ,-0.0348300 ,
0.0468750 ,0.0000000 ,-0.0348300 ,
0.0057402 ,0.0138582 ,-0.0348300 ,
0.0081798 ,0.0197479 ,-0.0348300 ,
0.0106195 ,0.0256377 ,-0.0348300 ,
0.0130591 ,0.0315274 ,-0.0348300 ,
0.0154986 ,0.0374171 ,-0.0348300 ,
0.0179383 ,0.0433069 ,-0.0348300 ,
0.0000000 ,0.0150000 ,-0.0348300 ,
0.0000000 ,0.0213751 ,-0.0348300 ,
0.0000001 ,0.0277499 ,-0.0348300 ,
0.0000000 ,0.0341250 ,-0.0348300 ,
0.0000000 ,0.0405000 ,-0.0348300 ,
0.0000000 ,0.0468751 ,-0.0348300 ,
-0.0057403 ,0.0138582 ,-0.0348300 ,
-0.0081799 ,0.0197479 ,-0.0348300 ,
-0.0106195 ,0.0256377 ,-0.0348300 ,
-0.0130591 ,0.0315274 ,-0.0348300 ,
-0.0154987 ,0.0374171 ,-0.0348300 ,
-0.0179383 ,0.0433069 ,-0.0348300 ,
-0.0106066 ,0.0106066 ,-0.0348300 ,
-0.0151145 ,0.0151145 ,-0.0348300 ,
-0.0196221 ,0.0196222 ,-0.0348300 ,
-0.0241300 ,0.0241300 ,-0.0348300 ,
-0.0286378 ,0.0286378 ,-0.0348300 ,
-0.0331457 ,0.0331457 ,-0.0348300 ,
-0.0138582 ,0.0057402 ,-0.0348300 ,
-0.0197479 ,0.0081798 ,-0.0348300 ,
-0.0256377 ,0.0106195 ,-0.0348300 ,
-0.0315274 ,0.0130591 ,-0.0348300 ,
-0.0374171 ,0.0154986 ,-0.0348300 ,
-0.0433069 ,0.0179383 ,-0.0348300 ,
-0.0150000 ,0.0000000 ,-0.0348300 ,
-0.0213751 ,0.0000000 ,-0.0348300 ,
-0.0277499 ,0.0000001 ,-0.0348300 ,
-0.0341250 ,0.0000000 ,-0.0348300 ,
-0.0405000 ,0.0000000 ,-0.0348300 ,
-0.0468751 ,0.0000000 ,-0.0348300 ,
-0.0138582 ,-0.0057403 ,-0.0348300 ,
-0.0197479 ,-0.0081799 ,-0.0348300 ,
-0.0256377 ,-0.0106195 ,-0.0348300 ,
-0.0315274 ,-0.0130591 ,-0.0348300 ,
-0.0374171 ,-0.0154987 ,-0.0348300 ,
-0.0433069 ,-0.0179383 ,-0.0348300 ,
-0.0106066 ,-0.0106066 ,-0.0348300 ,
-0.0151145 ,-0.0151145 ,-0.0348300 ,
-0.0196222 ,-0.0196221 ,-0.0348300 ,
-0.0241300 ,-0.0241300 ,-0.0348300 ,
-0.0286378 ,-0.0286378 ,-0.0348300 ,
-0.0331457 ,-0.0331457 ,-0.0348300 ,
-0.0057402 ,-0.0138582 ,-0.0348300 ,
-0.0081798 ,-0.0197479 ,-0.0348300 ,
-0.0106195 ,-0.0256377 ,-0.0348300 ,
-0.0130591 ,-0.0315274 ,-0.0348300 ,
-0.0154986 ,-0.0374171 ,-0.0348300 ,
-0.0179383 ,-0.0433069 ,-0.0348300 ,
-0.0000000 ,-0.0150000 ,-0.0348300 ,
-0.0000000 ,-0.0213751 ,-0.0348300 ,
-0.0000001 ,-0.0277499 ,-0.0348300 ,
-0.0000000 ,-0.0341250 ,-0.0348300 ,
-0.0000000 ,-0.0405000 ,-0.0348300 ,
-0.0000000 ,-0.0468751 ,-0.0348300 ,
0.0057403 ,-0.0138582 ,-0.0348300 ,
0.0081799 ,-0.0197479 ,-0.0348300 ,
0.0106195 ,-0.0256377 ,-0.0348300 ,
0.0130591 ,-0.0315274 ,-0.0348300 ,
0.0154987 ,-0.0374171 ,-0.0348300 ,
0.0179383 ,-0.0433069 ,-0.0348300 ,
0.0106066 ,-0.0106066 ,-0.0348300 ,
0.0151145 ,-0.0151145 ,-0.0348300 ,
0.0196221 ,-0.0196222 ,-0.0348300 ,
0.0241300 ,-0.0241300 ,-0.0348300 ,
0.0286378 ,-0.0286378 ,-0.0348300 ,
0.0331457 ,-0.0331457 ,-0.0348300 ,
0.0138582 ,-0.0057402 ,-0.0348300 ,
0.0197479 ,-0.0081798 ,-0.0348300 ,
0.0256377 ,-0.0106195 ,-0.0348300 ,
0.0315274 ,-0.0130591 ,-0.0348300 ,
0.0374171 ,-0.0154986 ,-0.0348300 ,
0.0433069 ,-0.0179383 ,-0.0348300 ,
0.0138582 ,0.0057403 ,-0.0116100 ,
0.0197479 ,0.0081799 ,-0.0116100 ,
0.0256377 ,0.0106195 ,-0.0116100 ,
0.0315274 ,0.0130591 ,-0.0116100 ,
0.0374171 ,0.0154987 ,-0.0116100 ,
0.0433069 ,0.0179383 ,-0.0116100 ,
0.0106066 ,0.0106066 ,-0.0116100 ,
0.0151145 ,0.0151145 ,-0.0116100 ,
0.0196222 ,0.0196221 ,-0.0116100 ,
0.0241300 ,0.0241300 ,-0.0116100 ,
0.0286378 ,0.0286378 ,-0.0116100 ,
0.0331457 ,0.0331457 ,-0.0116100 ,
0.0150000 ,0.0000001 ,-0.0116100 ,
0.0213751 ,0.0000000 ,-0.0116100 ,
0.0277499 ,0.0000000 ,-0.0116100 ,
0.0341250 ,0.0000000 ,-0.0116100 ,
0.0405000 ,0.0000000 ,-0.0116100 ,
0.0468750 ,0.0000000 ,-0.0116100 ,
0.0057402 ,0.0138582 ,-0.0116100 ,
0.0081798 ,0.0197479 ,-0.0116100 ,
0.0106195 ,0.0256377 ,-0.0116100 ,
0.0130591 ,0.0315274 ,-0.0116100 ,
0.0154986 ,0.0374171 ,-0.0116100 ,
0.0179383 ,0.0433069 ,-0.0116100 ,
0.0000000 ,0.0150000 ,-0.0116100 ,
0.0000000 ,0.0213751 ,-0.0116100 ,
0.0000001 ,0.0277499 ,-0.0116100 ,
0.0000000 ,0.0341250 ,-0.0116100 ,
0.0000000 ,0.0405000 ,-0.0116100 ,
0.0000000 ,0.0468751 ,-0.0116100 ,
-0.0057403 ,0.0138582 ,-0.0116100 ,
-0.0081799 ,0.0197479 ,-0.0116100 ,
-0.0106195 ,0.0256377 ,-0.0116100 ,
-0.0130591 ,0.0315274 ,-0.0116100 ,
-0.0154987 ,0.0374171 ,-0.0116100 ,
-0.0179383 ,0.0433069 ,-0.0116100 ,
-0.0106066 ,0.0106066 ,-0.0116100 ,
-0.0151145 ,0.0151145 ,-0.0116100 ,
-0.0196221 ,0.0196222 ,-0.0116100 ,
-0.0241300 ,0.0241300 ,-0.0116100 ,
-0.0286378 ,0.0286378 ,-0.0116100 ,
-0.0331457 ,0.0331457 ,-0.0116100 ,
-0.0138582 ,0.0057402 ,-0.0116100 ,
-0.0197479 ,0.0081798 ,-0.0116100 ,
-0.0256377 ,0.0106195 ,-0.0116100 ,
-0.0315274 ,0.0130591 ,-0.0116100 ,
-0.0374171 ,0.0154986 ,-0.0116100 ,
-0.0433069 ,0.0179383 ,-0.0116100 ,
-0.0150000 ,0.0000000 ,-0.0116100 ,
-0.0213751 ,0.0000000 ,-0.0116100 ,
-0.0277499 ,0.0000001 ,-0.0116100 ,
-0.0341250 ,0.0000000 ,-0.0116100 ,
-0.0405000 ,0.0000000 ,-0.0116100 ,
-0.0468751 ,0.0000000 ,-0.0116100 ,
-0.0138582 ,-0.0057403 ,-0.0116100 ,
-0.0197479 ,-0.0081799 ,-0.0116100 ,
-0.0256377 ,-0.0106195 ,-0.0116100 ,
-0.0315274 ,-0.0130591 ,-0.0116100 ,
-0.0374171 ,-0.0154987 ,-0.0116100 ,
-0.0433069 ,-0.0179383 ,-0.0116100 ,
-0.0106066 ,-0.0106066 ,-0.0116100 ,
-0.0151145 ,-0.0151145 ,-0.0116100 ,
-0.0196222 ,-0.0196221 ,-0.0116100 ,
-0.0241300 ,-0.0241300 ,-0.0116100 ,
-0.0286378 ,-0.0286378 ,-0.0116100 ,
-0.0331457 ,-0.0331457 ,-0.0116100 ,
-0.0057402 ,-0.0138582 ,-0.0116100 ,
-0.0081798 ,-0.0197479 ,-0.0116100 ,
-0.0106195 ,-0.0256377 ,-0.0116100 ,
-0.0130591 ,-0.0315274 ,-0.0116100 ,
-0.0154986 ,-0.0374171 ,-0.0116100 ,
-0.0179383 ,-0.0433069 ,-0.0116100 ,
-0.0000000 ,-0.0150000 ,-0.0116100 ,
-0.0000000 ,-0.0213751 ,-0.0116100 ,
-0.0000001 ,-0.0277499 ,-0.0116100 ,
-0.0000000 ,-0.0341250 ,-0.0116100 ,
-0.0000000 ,-0.0405000 ,-0.0116100 ,
-0.0000000 ,-0.0468751 ,-0.0116100 ,
0.0057403 ,-0.0138582 ,-0.0116100 ,
0.0081799 ,-0.0197479 ,-0.0116100 ,
0.0106195 ,-0.0256377 ,-0.0116100 ,
0.0130591 ,-0.0315274 ,-0.0116100 ,
0.0154987 ,-0.0374171 ,-0.0116100 ,
0.0179383 ,-0.0433069 ,-0.0116100 ,
0.0106066 ,-0.0106066 ,-0.0116100 ,
0.0151145 ,-0.0151145 ,-0.0116100 ,
0.0196221 ,-0.0196222 ,-0.0116100 ,
0.0241300 ,-0.0241300 ,-0.0116100 ,
0.0286378 ,-0.0286378 ,-0.0116100 ,
0.0331457 ,-0.0331457 ,-0.0116100 ,
0.0138582 ,-0.0057402 ,-0.0116100 ,
0.0197479 ,-0.0081798 ,-0.0116100 ,
0.0256377 ,-0.0106195 ,-0.0116100 ,
0.0315274 ,-0.0130591 ,-0.0116100 ,
0.0374171 ,-0.0154986 ,-0.0116100 ,
0.0433069 ,-0.0179383 ,-0.0116100 ,
0.0138582 ,0.0057403 ,0.0116100 ,
0.0197479 ,0.0081799 ,0.0116100 ,
0.0256377 ,0.0106195 ,0.0116100 ,
0.0315274 ,0.0130591 ,0.0116100 ,
0.0374171 ,0.0154987 ,0.0116100 ,
0.0433069 ,0.0179383 ,0.0116100 ,
0.0106066 ,0.0106066 ,0.0116100 ,
0.0151145 ,0.0151145 ,0.0116100 ,
0.0196222 ,0.0196221 ,0.0116100 ,
0.0241300 ,0.0241300 ,0.0116100 ,
0.0286378 ,0.0286378 ,0.0116100 ,
0.0331457 ,0.0331457 ,0.0116100 ,
0.0150000 ,0.0000001 ,0.0116100 ,
0.0213751 ,0.0000000 ,0.0116100 ,
0.0277499 ,0.0000000 ,0.0116100 ,
0.0341250 ,0.0000000 ,0.0116100 ,
0.0405000 ,0.0000000 ,0.0116100 ,
0.0468750 ,0.0000000 ,0.0116100 ,
0.0057402 ,0.0138582 ,0.0116100 ,
0.0081798 ,0.0197479 ,0.0116100 ,
0.0106195 ,0.0256377 ,0.0116100 ,
0.0130591 ,0.0315274 ,0.0116100 ,
0.0154986 ,0.0374171 ,0.0116100 ,
0.0179383 ,0.0433069 ,0.0116100 ,
0.0000000 ,0.0150000 ,0.0116100 ,
0.0000000 ,0.0213751 ,0.0116100 ,
0.0000001 ,0.0277499 ,0.0116100 ,
0.0000000 ,0.0341250 ,0.0116100 ,
0.0000000 ,0.0405000 ,0.0116100 ,
0.0000000 ,0.0468751 ,0.0116100 ,
-0.0057403 ,0.0138582 ,0.0116100 ,
-0.0081799 ,0.0197479 ,0.0116100 ,
-0.0106195 ,0.0256377 ,0.0116100 ,
-0.0130591 ,0.0315274 ,0.0116100 ,
-0.0154987 ,0.0374171 ,0.0116100 ,
-0.0179383 ,0.0433069 ,0.0116100 ,
-0.0106066 ,0.0106066 ,0.0116100 ,
-0.0151145 ,0.0151145 ,0.0116100 ,
-0.0196221 ,0.0196222 ,0.0116100 ,
-0.0241300 ,0.0241300 ,0.0116100 ,
-0.0286378 ,0.0286378 ,0.0116100 ,
-0.0331457 ,0.0331457 ,0.0116100 ,
-0.0138582 ,0.0057402 ,0.0116100 ,
-0.0197479 ,0.0081798 ,0.0116100 ,
-0.0256377 ,0.0106195 ,0.0116100 ,
-0.0315274 ,0.0130591 ,0.0116100 ,
-0.0374171 ,0.0154986 ,0.0116100 ,
-0.0433069 ,0.0179383 ,0.0116100 ,
-0.0150000 ,0.0000000 ,0.0116100 ,
-0.0213751 ,0.0000000 ,0.0116100 ,
-0.0277499 ,0.0000001 ,0.0116100 ,
-0.0341250 ,0.0000000 ,0.0116100 ,
-0.0405000 ,0.0000000 ,0.0116100 ,
-0.0468751 ,0.0000000 ,0.0116100 ,
-0.0138582 ,-0.0057403 ,0.0116100 ,
-0.0197479 ,-0.0081799 ,0.0116100 ,
-0.0256377 ,-0.0106195 ,0.0116100 ,
-0.0315274 ,-0.0130591 ,0.0116100 ,
-0.0374171 ,-0.0154987 ,0.0116100 ,
-0.0433069 ,-0.0179383 ,0.0116100 ,
-0.0106066 ,-0.0106066 ,0.0116100 ,
-0.0151145 ,-0.0151145 ,0.0116100 ,
-0.0196222 ,-0.0196221 ,0.0116100 ,
-0.0241300 ,-0.0241300 ,0.0116100 ,
-0.0286378 ,-0.0286378 ,0.0116100 ,
-0.0331457 ,-0.0331457 ,0.0116100 ,
-0.0057402 ,-0.0138582 ,0.0116100 ,
-0.0081798 ,-0.0197479 ,0.0116100 ,
-0.0106195 ,-0.0256377 ,0.0116100 ,
-0.0130591 ,-0.0315274 ,0.0116100 ,
-0.0154986 ,-0.0374171 ,0.0116100 ,
-0.0179383 ,-0.0433069 ,0.0116100 ,
-0.0000000 ,-0.0150000 ,0.0116100 ,
-0.0000000 ,-0.0213751 ,0.0116100 ,
-0.0000001 ,-0.0277499 ,0.0116100 ,
-0.0000000 ,-0.0341250 ,0.0116100 ,
-0.0000000 ,-0.0405000 ,0.0116100 ,
-0.0000000 ,-0.0468751 ,0.0116100 ,
0.0057403 ,-0.0138582 ,0.0116100 ,
0.0081799 ,-0.0197479 ,0.0116100 ,
0.0106195 ,-0.0256377 ,0.0116100 ,
0.0130591 ,-0.0315274 ,0.0116100 ,
0.0154987 ,-0.0374171 ,0.0116100 ,
0.0179383 ,-0.0433069 ,0.0116100 ,
0.0106066 ,-0.0106066 ,0.0116100 ,
0.0151145 ,-0.0151145 ,0.0116100 ,
0.0196221 ,-0.0196222 ,0.0116100 ,
0.0241300 ,-0.0241300 ,0.0116100 ,
0.0286378 ,-0.0286378 ,0.0116100 ,
0.0331457 ,-0.0331457 ,0.0116100 ,
0.0138582 ,-0.0057402 ,0.0116100 ,
0.0197479 ,-0.0081798 ,0.0116100 ,
0.0256377 ,-0.0106195 ,0.0116100 ,
0.0315274 ,-0.0130591 ,0.0116100 ,
0.0374171 ,-0.0154986 ,0.0116100 ,
0.0433069 ,-0.0179383 ,0.0116100 ,
0.0138582 ,0.0057403 ,0.0348300 ,
0.0197479 ,0.0081799 ,0.0348300 ,
0.0256377 ,0.0106195 ,0.0348300 ,
0.0315274 ,0.0130591 ,0.0348300 ,
0.0374171 ,0.0154987 ,0.0348300 ,
0.0433069 ,0.0179383 ,0.0348300 ,
0.0106066 ,0.0106066 ,0.0348300 ,
0.0151145 ,0.0151145 ,0.0348300 ,
0.0196222 ,0.0196221 ,0.0348300 ,
0.0241300 ,0.0241300 ,0.0348300 ,
0.0286378 ,0.0286378 ,0.0348300 ,
0.0331457 ,0.0331457 ,0.0348300 ,
0.0150000 ,0.0000001 ,0.0348300 ,
0.0213751 ,0.0000000 ,0.0348300 ,
0.0277499 ,0.0000000 ,0.0348300 ,
0.0341250 ,0.0000000 ,0.0348300 ,
0.0405000 ,0.0000000 ,0.0348300 ,
0.0468750 ,0.0000000 ,0.0348300 ,
0.0057402 ,0.0138582 ,0.0348300 ,
0.0081798 ,0.0197479 ,0.0348300 ,
0.0106195 ,0.0256377 ,0.0348300 ,
0.0130591 ,0.0315274 ,0.0348300 ,
0.0154986 ,0.0374171 ,0.0348300 ,
0.0179383 ,0.0433069 ,0.0348300 ,
0.0000000 ,0.0150000 ,0.0348300 ,
0.0000000 ,0.0213751 ,0.0348300 ,
0.0000001 ,0.0277499 ,0.0348300 ,
0.0000000 ,0.0341250 ,0.0348300 ,
0.0000000 ,0.0405000 ,0.0348300 ,
0.0000000 ,0.0468751 ,0.0348300 ,
-0.0057403 ,0.0138582 ,0.0348300 ,
-0.0081799 ,0.0197479 ,0.0348300 ,
-0.0106195 ,0.0256377 ,0.0348300 ,
-0.0130591 ,0.0315274 ,0.0348300 ,
-0.0154987 ,0.0374171 ,0.0348300 ,
-0.0179383 ,0.0433069 ,0.0348300 ,
-0.0106066 ,0.0106066 ,0.0348300 ,
-0.0151145 ,0.0151145 ,0.0348300 ,
-0.0196221 ,0.0196222 ,0.0348300 ,
-0.0241300 ,0.0241300 ,0.0348300 ,
-0.0286378 ,0.0286378 ,0.0348300 ,
-0.0331457 ,0.0331457 ,0.0348300 ,
-0.0138582 ,0.0057402 ,0.0348300 ,
-0.0197479 ,0.0081798 ,0.0348300 ,
-0.0256377 ,0.0106195 ,0.0348300 ,
-0.0315274 ,0.0130591 ,0.0348300 ,
-0.0374171 ,0.0154986 ,0.0348300 ,
-0.0433069 ,0.0179383 ,0.0348300 ,
-0.0150000 ,0.0000000 ,0.0348300 ,
-0.0213751 ,0.0000000 ,0.0348300 ,
-0.0277499 ,0.0000001 ,0.0348300 ,
-0.0341250 ,0.0000000 ,0.0348300 ,
-0.0405000 ,0.0000000 ,0.0348300 ,
-0.0468751 ,0.0000000 ,0.0348300 ,
-0.0138582 ,-0.0057403 ,0.0348300 ,
-0.0197479 ,-0.0081799 ,0.0348300 ,
-0.0256377 ,-0.0106195 ,0.0348300 ,
-0.0315274 ,-0.0130591 ,0.0348300 ,
-0.0374171 ,-0.0154987 ,0.0348300 ,
-0.0433069 ,-0.0179383 ,0.0348300 ,
-0.0106066 ,-0.0106066 ,0.0348300 ,
-0.0151145 ,-0.0151145 ,0.0348300 ,
-0.0196222 ,-0.0196221 ,0.0348300 ,
-0.0241300 ,-0.0241300 ,0.0348300 ,
-0.0286378 ,-0.0286378 ,0.0348300 ,
-0.0331457 ,-0.0331457 ,0.0348300 ,
-0.0057402 ,-0.0138582 ,0.0348300 ,
-0.0081798 ,-0.0197479 ,0.0348300 ,
-0.0106195 ,-0.0256377 ,0.0348300 ,
-0.0130591 ,-0.0315274 ,0.0348300 ,
-0.0154986 ,-0.0374171 ,0.0348300 ,
-0.0179383 ,-0.0433069 ,0.0348300 ,
-0.0000000 ,-0.0150000 ,0.0348300 ,
-0.0000000 ,-0.0213751 ,0.0348300 ,
-0.0000001 ,-0.0277499 ,0.0348300 ,
-0.0000000 ,-0.0341250 ,0.0348300 ,
-0.0000000 ,-0.0405000 ,0.0348300 ,
-0.0000000 ,-0.0468751 ,0.0348300 ,
0.0057403 ,-0.0138582 ,0.0348300 ,
0.0081799 ,-0.0197479 ,0.0348300 ,
0.0106195 ,-0.0256377 ,0.0348300 ,
0.0130591 ,-0.0315274 ,0.0348300 ,
0.0154987 ,-0.0374171 ,0.0348300 ,
0.0179383 ,-0.0433069 ,0.0348300 ,
0.0106066 ,-0.0106066 ,0.0348300 ,
0.0151145 ,-0.0151145 ,0.0348300 ,
0.0196221 ,-0.0196222 ,0.0348300 ,
0.0241300 ,-0.0241300 ,0.0348300 ,
0.0286378 ,-0.0286378 ,0.0348300 ,
0.0331457 ,-0.0331457 ,0.0348300 ,
0.0138582 ,-0.0057402 ,0.0348300 ,
0.0197479 ,-0.0081798 ,0.0348300 ,
0.0256377 ,-0.0106195 ,0.0348300 ,
0.0315274 ,-0.0130591 ,0.0348300 ,
0.0374171 ,-0.0154986 ,0.0348300 ,
0.0433069 ,-0.0179383 ,0.0348300 ,
1,480,reg6
