prism
//Number_of_Node
594
//Number_of_Element
672
//Number_of_Region
1
//Factor
1.0
28,32,29,1,5,2,
32,30,29,5,3,2,
32,33,30,5,6,3,
29,30,31,2,3,4,
28,29,34,1,2,7,
29,35,34,2,8,7,
29,31,35,2,4,8,
34,35,36,7,8,9,
28,34,37,1,7,10,
34,38,37,7,11,10,
34,36,38,7,9,11,
37,38,39,10,11,12,
28,37,40,1,10,13,
37,41,40,10,14,13,
37,39,41,10,12,14,
40,41,42,13,14,15,
28,40,43,1,13,16,
40,44,43,13,17,16,
40,42,44,13,15,17,
43,44,45,16,17,18,
28,43,46,1,16,19,
43,47,46,16,20,19,
43,45,47,16,18,20,
46,47,48,19,20,21,
28,46,49,1,19,22,
46,50,49,19,23,22,
46,48,50,19,21,23,
49,50,51,22,23,24,
28,49,52,1,22,25,
49,53,52,22,26,25,
49,51,53,22,24,26,
52,53,54,25,26,27,
55,59,56,28,32,29,
59,57,56,32,30,29,
59,60,57,32,33,30,
56,57,58,29,30,31,
55,56,61,28,29,34,
56,62,61,29,35,34,
56,58,62,29,31,35,
61,62,63,34,35,36,
55,61,64,28,34,37,
61,65,64,34,38,37,
61,63,65,34,36,38,
64,65,66,37,38,39,
55,64,67,28,37,40,
64,68,67,37,41,40,
64,66,68,37,39,41,
67,68,69,40,41,42,
55,67,70,28,40,43,
67,71,70,40,44,43,
67,69,71,40,42,44,
70,71,72,43,44,45,
55,70,73,28,43,46,
70,74,73,43,47,46,
70,72,74,43,45,47,
73,74,75,46,47,48,
55,73,76,28,46,49,
73,77,76,46,50,49,
73,75,77,46,48,50,
76,77,78,49,50,51,
55,76,79,28,49,52,
76,80,79,49,53,52,
76,78,80,49,51,53,
79,80,81,52,53,54,
82,86,83,55,59,56,
86,84,83,59,57,56,
86,87,84,59,60,57,
83,84,85,56,57,58,
82,83,88,55,56,61,
83,89,88,56,62,61,
83,85,89,56,58,62,
88,89,90,61,62,63,
82,88,91,55,61,64,
88,92,91,61,65,64,
88,90,92,61,63,65,
91,92,93,64,65,66,
82,91,94,55,64,67,
91,95,94,64,68,67,
91,93,95,64,66,68,
94,95,96,67,68,69,
82,94,97,55,67,70,
94,98,97,67,71,70,
94,96,98,67,69,71,
97,98,99,70,71,72,
82,97,100,55,70,73,
97,101,100,70,74,73,
97,99,101,70,72,74,
100,101,102,73,74,75,
82,100,103,55,73,76,
100,104,103,73,77,76,
100,102,104,73,75,77,
103,104,105,76,77,78,
82,103,106,55,76,79,
103,107,106,76,80,79,
103,105,107,76,78,80,
106,107,108,79,80,81,
109,113,110,82,86,83,
113,111,110,86,84,83,
113,114,111,86,87,84,
110,111,112,83,84,85,
109,110,115,82,83,88,
110,116,115,83,89,88,
110,112,116,83,85,89,
115,116,117,88,89,90,
109,115,118,82,88,91,
115,119,118,88,92,91,
115,117,119,88,90,92,
118,119,120,91,92,93,
109,118,121,82,91,94,
118,122,121,91,95,94,
118,120,122,91,93,95,
121,122,123,94,95,96,
109,121,124,82,94,97,
121,125,124,94,98,97,
121,123,125,94,96,98,
124,125,126,97,98,99,
109,124,127,82,97,100,
124,128,127,97,101,100,
124,126,128,97,99,101,
127,128,129,100,101,102,
109,127,130,82,100,103,
127,131,130,100,104,103,
127,129,131,100,102,104,
130,131,132,103,104,105,
109,130,133,82,103,106,
130,134,133,103,107,106,
130,132,134,103,105,107,
133,134,135,106,107,108,
136,140,137,109,113,110,
140,138,137,113,111,110,
140,141,138,113,114,111,
137,138,139,110,111,112,
136,137,142,109,110,115,
137,143,142,110,116,115,
137,139,143,110,112,116,
142,143,144,115,116,117,
136,142,145,109,115,118,
142,146,145,115,119,118,
142,144,146,115,117,119,
145,146,147,118,119,120,
136,145,148,109,118,121,
145,149,148,118,122,121,
145,147,149,118,120,122,
148,149,150,121,122,123,
136,148,151,109,121,124,
148,152,151,121,125,124,
148,150,152,121,123,125,
151,152,153,124,125,126,
136,151,154,109,124,127,
151,155,154,124,128,127,
151,153,155,124,126,128,
154,155,156,127,128,129,
136,154,157,109,127,130,
154,158,157,127,131,130,
154,156,158,127,129,131,
157,158,159,130,131,132,
136,157,160,109,130,133,
157,161,160,130,134,133,
157,159,161,130,132,134,
160,161,162,133,134,135,
163,167,164,136,140,137,
167,165,164,140,138,137,
167,168,165,140,141,138,
164,165,166,137,138,139,
163,164,169,136,137,142,
164,170,169,137,143,142,
164,166,170,137,139,143,
169,170,171,142,143,144,
163,169,172,136,142,145,
169,173,172,142,146,145,
169,171,173,142,144,146,
172,173,174,145,146,147,
163,172,175,136,145,148,
172,176,175,145,149,148,
172,174,176,145,147,149,
175,176,177,148,149,150,
163,175,178,136,148,151,
175,179,178,148,152,151,
175,177,179,148,150,152,
178,179,180,151,152,153,
163,178,181,136,151,154,
178,182,181,151,155,154,
178,180,182,151,153,155,
181,182,183,154,155,156,
163,181,184,136,154,157,
181,185,184,154,158,157,
181,183,185,154,156,158,
184,185,186,157,158,159,
163,184,187,136,157,160,
184,188,187,157,161,160,
184,186,188,157,159,161,
187,188,189,160,161,162,
190,194,191,163,167,164,
194,192,191,167,165,164,
194,195,192,167,168,165,
191,192,193,164,165,166,
190,191,196,163,164,169,
191,197,196,164,170,169,
191,193,197,164,166,170,
196,197,198,169,170,171,
190,196,199,163,169,172,
196,200,199,169,173,172,
196,198,200,169,171,173,
199,200,201,172,173,174,
190,199,202,163,172,175,
199,203,202,172,176,175,
199,201,203,172,174,176,
202,203,204,175,176,177,
190,202,205,163,175,178,
202,206,205,175,179,178,
202,204,206,175,177,179,
205,206,207,178,179,180,
190,205,208,163,178,181,
205,209,208,178,182,181,
205,207,209,178,180,182,
208,209,210,181,182,183,
190,208,211,163,181,184,
208,212,211,181,185,184,
208,210,212,181,183,185,
211,212,213,184,185,186,
190,211,214,163,184,187,
211,215,214,184,188,187,
211,213,215,184,186,188,
214,215,216,187,188,189,
217,221,218,190,194,191,
221,219,218,194,192,191,
221,222,219,194,195,192,
218,219,220,191,192,193,
217,218,223,190,191,196,
218,224,223,191,197,196,
218,220,224,191,193,197,
223,224,225,196,197,198,
217,223,226,190,196,199,
223,227,226,196,200,199,
223,225,227,196,198,200,
226,227,228,199,200,201,
217,226,229,190,199,202,
226,230,229,199,203,202,
226,228,230,199,201,203,
229,230,231,202,203,204,
217,229,232,190,202,205,
229,233,232,202,206,205,
229,231,233,202,204,206,
232,233,234,205,206,207,
217,232,235,190,205,208,
232,236,235,205,209,208,
232,234,236,205,207,209,
235,236,237,208,209,210,
217,235,238,190,208,211,
235,239,238,208,212,211,
235,237,239,208,210,212,
238,239,240,211,212,213,
217,238,241,190,211,214,
238,242,241,211,215,214,
238,240,242,211,213,215,
241,242,243,214,215,216,
244,248,245,217,221,218,
248,246,245,221,219,218,
248,249,246,221,222,219,
245,246,247,218,219,220,
244,245,250,217,218,223,
245,251,250,218,224,223,
245,247,251,218,220,224,
250,251,252,223,224,225,
244,250,253,217,223,226,
250,254,253,223,227,226,
250,252,254,223,225,227,
253,254,255,226,227,228,
244,253,256,217,226,229,
253,257,256,226,230,229,
253,255,257,226,228,230,
256,257,258,229,230,231,
244,256,259,217,229,232,
256,260,259,229,233,232,
256,258,260,229,231,233,
259,260,261,232,233,234,
244,259,262,217,232,235,
259,263,262,232,236,235,
259,261,263,232,234,236,
262,263,264,235,236,237,
244,262,265,217,235,238,
262,266,265,235,239,238,
262,264,266,235,237,239,
265,266,267,238,239,240,
244,265,268,217,238,241,
265,269,268,238,242,241,
265,267,269,238,240,242,
268,269,270,241,242,243,
271,275,272,244,248,245,
275,273,272,248,246,245,
275,276,273,248,249,246,
272,273,274,245,246,247,
271,272,277,244,245,250,
272,278,277,245,251,250,
272,274,278,245,247,251,
277,278,279,250,251,252,
271,277,280,244,250,253,
277,281,280,250,254,253,
277,279,281,250,252,254,
280,281,282,253,254,255,
271,280,283,244,253,256,
280,284,283,253,257,256,
280,282,284,253,255,257,
283,284,285,256,257,258,
271,283,286,244,256,259,
283,287,286,256,260,259,
283,285,287,256,258,260,
286,287,288,259,260,261,
271,286,289,244,259,262,
286,290,289,259,263,262,
286,288,290,259,261,263,
289,290,291,262,263,264,
271,289,292,244,262,265,
289,293,292,262,266,265,
289,291,293,262,264,266,
292,293,294,265,266,267,
271,292,295,244,265,268,
292,296,295,265,269,268,
292,294,296,265,267,269,
295,296,297,268,269,270,
298,302,299,271,275,272,
302,300,299,275,273,272,
302,303,300,275,276,273,
299,300,301,272,273,274,
298,299,304,271,272,277,
299,305,304,272,278,277,
299,301,305,272,274,278,
304,305,306,277,278,279,
298,304,307,271,277,280,
304,308,307,277,281,280,
304,306,308,277,279,281,
307,308,309,280,281,282,
298,307,310,271,280,283,
307,311,310,280,284,283,
307,309,311,280,282,284,
310,311,312,283,284,285,
298,310,313,271,283,286,
310,314,313,283,287,286,
310,312,314,283,285,287,
313,314,315,286,287,288,
298,313,316,271,286,289,
313,317,316,286,290,289,
313,315,317,286,288,290,
316,317,318,289,290,291,
298,316,319,271,289,292,
316,320,319,289,293,292,
316,318,320,289,291,293,
319,320,321,292,293,294,
298,319,322,271,292,295,
319,323,322,292,296,295,
319,321,323,292,294,296,
322,323,324,295,296,297,
325,329,326,298,302,299,
329,327,326,302,300,299,
329,330,327,302,303,300,
326,327,328,299,300,301,
325,326,331,298,299,304,
326,332,331,299,305,304,
326,328,332,299,301,305,
331,332,333,304,305,306,
325,331,334,298,304,307,
331,335,334,304,308,307,
331,333,335,304,306,308,
334,335,336,307,308,309,
325,334,337,298,307,310,
334,338,337,307,311,310,
334,336,338,307,309,311,
337,338,339,310,311,312,
325,337,340,298,310,313,
337,341,340,310,314,313,
337,339,341,310,312,314,
340,341,342,313,314,315,
325,340,343,298,313,316,
340,344,343,313,317,316,
340,342,344,313,315,317,
343,344,345,316,317,318,
325,343,346,298,316,319,
343,347,346,316,320,319,
343,345,347,316,318,320,
346,347,348,319,320,321,
325,346,349,298,319,322,
346,350,349,319,323,322,
346,348,350,319,321,323,
349,350,351,322,323,324,
352,356,353,325,329,326,
356,354,353,329,327,326,
356,357,354,329,330,327,
353,354,355,326,327,328,
352,353,358,325,326,331,
353,359,358,326,332,331,
353,355,359,326,328,332,
358,359,360,331,332,333,
352,358,361,325,331,334,
358,362,361,331,335,334,
358,360,362,331,333,335,
361,362,363,334,335,336,
352,361,364,325,334,337,
361,365,364,334,338,337,
361,363,365,334,336,338,
364,365,366,337,338,339,
352,364,367,325,337,340,
364,368,367,337,341,340,
364,366,368,337,339,341,
367,368,369,340,341,342,
352,367,370,325,340,343,
367,371,370,340,344,343,
367,369,371,340,342,344,
370,371,372,343,344,345,
352,370,373,325,343,346,
370,374,373,343,347,346,
370,372,374,343,345,347,
373,374,375,346,347,348,
352,373,376,325,346,349,
373,377,376,346,350,349,
373,375,377,346,348,350,
376,377,378,349,350,351,
379,383,380,352,356,353,
383,381,380,356,354,353,
383,384,381,356,357,354,
380,381,382,353,354,355,
379,380,385,352,353,358,
380,386,385,353,359,358,
380,382,386,353,355,359,
385,386,387,358,359,360,
379,385,388,352,358,361,
385,389,388,358,362,361,
385,387,389,358,360,362,
388,389,390,361,362,363,
379,388,391,352,361,364,
388,392,391,361,365,364,
388,390,392,361,363,365,
391,392,393,364,365,366,
379,391,394,352,364,367,
391,395,394,364,368,367,
391,393,395,364,366,368,
394,395,396,367,368,369,
379,394,397,352,367,370,
394,398,397,367,371,370,
394,396,398,367,369,371,
397,398,399,370,371,372,
379,397,400,352,370,373,
397,401,400,370,374,373,
397,399,401,370,372,374,
400,401,402,373,374,375,
379,400,403,352,373,376,
400,404,403,373,377,376,
400,402,404,373,375,377,
403,404,405,376,377,378,
406,410,407,379,383,380,
410,408,407,383,381,380,
410,411,408,383,384,381,
407,408,409,380,381,382,
406,407,412,379,380,385,
407,413,412,380,386,385,
407,409,413,380,382,386,
412,413,414,385,386,387,
406,412,415,379,385,388,
412,416,415,385,389,388,
412,414,416,385,387,389,
415,416,417,388,389,390,
406,415,418,379,388,391,
415,419,418,388,392,391,
415,417,419,388,390,392,
418,419,420,391,392,393,
406,418,421,379,391,394,
418,422,421,391,395,394,
418,420,422,391,393,395,
421,422,423,394,395,396,
406,421,424,379,394,397,
421,425,424,394,398,397,
421,423,425,394,396,398,
424,425,426,397,398,399,
406,424,427,379,397,400,
424,428,427,397,401,400,
424,426,428,397,399,401,
427,428,429,400,401,402,
406,427,430,379,400,403,
427,431,430,400,404,403,
427,429,431,400,402,404,
430,431,432,403,404,405,
433,437,434,406,410,407,
437,435,434,410,408,407,
437,438,435,410,411,408,
434,435,436,407,408,409,
433,434,439,406,407,412,
434,440,439,407,413,412,
434,436,440,407,409,413,
439,440,441,412,413,414,
433,439,442,406,412,415,
439,443,442,412,416,415,
439,441,443,412,414,416,
442,443,444,415,416,417,
433,442,445,406,415,418,
442,446,445,415,419,418,
442,444,446,415,417,419,
445,446,447,418,419,420,
433,445,448,406,418,421,
445,449,448,418,422,421,
445,447,449,418,420,422,
448,449,450,421,422,423,
433,448,451,406,421,424,
448,452,451,421,425,424,
448,450,452,421,423,425,
451,452,453,424,425,426,
433,451,454,406,424,427,
451,455,454,424,428,427,
451,453,455,424,426,428,
454,455,456,427,428,429,
433,454,457,406,427,430,
454,458,457,427,431,430,
454,456,458,427,429,431,
457,458,459,430,431,432,
460,464,461,433,437,434,
464,462,461,437,435,434,
464,465,462,437,438,435,
461,462,463,434,435,436,
460,461,466,433,434,439,
461,467,466,434,440,439,
461,463,467,434,436,440,
466,467,468,439,440,441,
460,466,469,433,439,442,
466,470,469,439,443,442,
466,468,470,439,441,443,
469,470,471,442,443,444,
460,469,472,433,442,445,
469,473,472,442,446,445,
469,471,473,442,444,446,
472,473,474,445,446,447,
460,472,475,433,445,448,
472,476,475,445,449,448,
472,474,476,445,447,449,
475,476,477,448,449,450,
460,475,478,433,448,451,
475,479,478,448,452,451,
475,477,479,448,450,452,
478,479,480,451,452,453,
460,478,481,433,451,454,
478,482,481,451,455,454,
478,480,482,451,453,455,
481,482,483,454,455,456,
460,481,484,433,454,457,
481,485,484,454,458,457,
481,483,485,454,456,458,
484,485,486,457,458,459,
487,491,488,460,464,461,
491,489,488,464,462,461,
491,492,489,464,465,462,
488,489,490,461,462,463,
487,488,493,460,461,466,
488,494,493,461,467,466,
488,490,494,461,463,467,
493,494,495,466,467,468,
487,493,496,460,466,469,
493,497,496,466,470,469,
493,495,497,466,468,470,
496,497,498,469,470,471,
487,496,499,460,469,472,
496,500,499,469,473,472,
496,498,500,469,471,473,
499,500,501,472,473,474,
487,499,502,460,472,475,
499,503,502,472,476,475,
499,501,503,472,474,476,
502,503,504,475,476,477,
487,502,505,460,475,478,
502,506,505,475,479,478,
502,504,506,475,477,479,
505,506,507,478,479,480,
487,505,508,460,478,481,
505,509,508,478,482,481,
505,507,509,478,480,482,
508,509,510,481,482,483,
487,508,511,460,481,484,
508,512,511,481,485,484,
508,510,512,481,483,485,
511,512,513,484,485,486,
514,518,515,487,491,488,
518,516,515,491,489,488,
518,519,516,491,492,489,
515,516,517,488,489,490,
514,515,520,487,488,493,
515,521,520,488,494,493,
515,517,521,488,490,494,
520,521,522,493,494,495,
514,520,523,487,493,496,
520,524,523,493,497,496,
520,522,524,493,495,497,
523,524,525,496,497,498,
514,523,526,487,496,499,
523,527,526,496,500,499,
523,525,527,496,498,500,
526,527,528,499,500,501,
514,526,529,487,499,502,
526,530,529,499,503,502,
526,528,530,499,501,503,
529,530,531,502,503,504,
514,529,532,487,502,505,
529,533,532,502,506,505,
529,531,533,502,504,506,
532,533,534,505,506,507,
514,532,535,487,505,508,
532,536,535,505,509,508,
532,534,536,505,507,509,
535,536,537,508,509,510,
514,535,538,487,508,511,
535,539,538,508,512,511,
535,537,539,508,510,512,
538,539,540,511,512,513,
541,545,542,514,518,515,
545,543,542,518,516,515,
545,546,543,518,519,516,
542,543,544,515,516,517,
541,542,547,514,515,520,
542,548,547,515,521,520,
542,544,548,515,517,521,
547,548,549,520,521,522,
541,547,550,514,520,523,
547,551,550,520,524,523,
547,549,551,520,522,524,
550,551,552,523,524,525,
541,550,553,514,523,526,
550,554,553,523,527,526,
550,552,554,523,525,527,
553,554,555,526,527,528,
541,553,556,514,526,529,
553,557,556,526,530,529,
553,555,557,526,528,530,
556,557,558,529,530,531,
541,556,559,514,529,532,
556,560,559,529,533,532,
556,558,560,529,531,533,
559,560,561,532,533,534,
541,559,562,514,532,535,
559,563,562,532,536,535,
559,561,563,532,534,536,
562,563,564,535,536,537,
541,562,565,514,535,538,
562,566,565,535,539,538,
562,564,566,535,537,539,
565,566,567,538,539,540,
568,572,569,541,545,542,
572,570,569,545,543,542,
572,573,570,545,546,543,
569,570,571,542,543,544,
568,569,574,541,542,547,
569,575,574,542,548,547,
569,571,575,542,544,548,
574,575,576,547,548,549,
568,574,577,541,547,550,
574,578,577,547,551,550,
574,576,578,547,549,551,
577,578,579,550,551,552,
568,577,580,541,550,553,
577,581,580,550,554,553,
577,579,581,550,552,554,
580,581,582,553,554,555,
568,580,583,541,553,556,
580,584,583,553,557,556,
580,582,584,553,555,557,
583,584,585,556,557,558,
568,583,586,541,556,559,
583,587,586,556,560,559,
583,585,587,556,558,560,
586,587,588,559,560,561,
568,586,589,541,559,562,
586,590,589,559,563,562,
586,588,590,559,561,563,
589,590,591,562,563,564,
568,589,592,541,562,565,
589,593,592,562,566,565,
589,591,593,562,564,566,
592,593,594,565,566,567,
0.0000000 ,0.0000000 ,-0.1500000 ,
0.0053032 ,0.0053033 ,-0.1500000 ,
0.0138582 ,0.0057402 ,-0.1500000 ,
0.0106066 ,0.0106066 ,-0.1500000 ,
0.0075000 ,0.0000000 ,-0.1500000 ,
0.0150000 ,0.0000000 ,-0.1500000 ,
-0.0000001 ,0.0075000 ,-0.1500000 ,
0.0057401 ,0.0138582 ,-0.1500000 ,
-0.0000001 ,0.0150000 ,-0.1500000 ,
-0.0053034 ,0.0053032 ,-0.1500000 ,
-0.0057405 ,0.0138581 ,-0.1500000 ,
-0.0106068 ,0.0106064 ,-0.1500000 ,
-0.0075000 ,-0.0000003 ,-0.1500000 ,
-0.0138583 ,0.0057399 ,-0.1500000 ,
-0.0150000 ,-0.0000004 ,-0.1500000 ,
-0.0053031 ,-0.0053035 ,-0.1500000 ,
-0.0138580 ,-0.0057407 ,-0.1500000 ,
-0.0106062 ,-0.0106070 ,-0.1500000 ,
0.0000004 ,-0.0075000 ,-0.1500000 ,
-0.0057397 ,-0.0138584 ,-0.1500000 ,
0.0000007 ,-0.0150000 ,-0.1500000 ,
0.0053036 ,-0.0053030 ,-0.1500000 ,
0.0057410 ,-0.0138579 ,-0.1500000 ,
0.0106072 ,-0.0106060 ,-0.1500000 ,
0.0075000 ,0.0000006 ,-0.1500000 ,
0.0138585 ,-0.0057395 ,-0.1500000 ,
0.0150000 ,0.0000009 ,-0.1500000 ,
0.0000000 ,0.0000000 ,-0.1350000 ,
0.0053032 ,0.0053033 ,-0.1350000 ,
0.0138582 ,0.0057402 ,-0.1350000 ,
0.0106066 ,0.0106066 ,-0.1350000 ,
0.0075000 ,0.0000000 ,-0.1350000 ,
0.0150000 ,0.0000000 ,-0.1350000 ,
-0.0000001 ,0.0075000 ,-0.1350000 ,
0.0057401 ,0.0138582 ,-0.1350000 ,
-0.0000001 ,0.0150000 ,-0.1350000 ,
-0.0053034 ,0.0053032 ,-0.1350000 ,
-0.0057405 ,0.0138581 ,-0.1350000 ,
-0.0106068 ,0.0106064 ,-0.1350000 ,
-0.0075000 ,-0.0000003 ,-0.1350000 ,
-0.0138583 ,0.0057399 ,-0.1350000 ,
-0.0150000 ,-0.0000004 ,-0.1350000 ,
-0.0053031 ,-0.0053035 ,-0.1350000 ,
-0.0138580 ,-0.0057407 ,-0.1350000 ,
-0.0106062 ,-0.0106070 ,-0.1350000 ,
0.0000004 ,-0.0075000 ,-0.1350000 ,
-0.0057397 ,-0.0138584 ,-0.1350000 ,
0.0000007 ,-0.0150000 ,-0.1350000 ,
0.0053036 ,-0.0053030 ,-0.1350000 ,
0.0057410 ,-0.0138579 ,-0.1350000 ,
0.0106072 ,-0.0106060 ,-0.1350000 ,
0.0075000 ,0.0000006 ,-0.1350000 ,
0.0138585 ,-0.0057395 ,-0.1350000 ,
0.0150000 ,0.0000009 ,-0.1350000 ,
0.0000000 ,0.0000000 ,-0.1285000 ,
0.0053032 ,0.0053033 ,-0.1285000 ,
0.0138582 ,0.0057402 ,-0.1285000 ,
0.0106066 ,0.0106066 ,-0.1285000 ,
0.0075000 ,0.0000000 ,-0.1285000 ,
0.0150000 ,0.0000000 ,-0.1285000 ,
-0.0000001 ,0.0075000 ,-0.1285000 ,
0.0057401 ,0.0138582 ,-0.1285000 ,
-0.0000001 ,0.0150000 ,-0.1285000 ,
-0.0053034 ,0.0053032 ,-0.1285000 ,
-0.0057405 ,0.0138581 ,-0.1285000 ,
-0.0106068 ,0.0106064 ,-0.1285000 ,
-0.0075000 ,-0.0000003 ,-0.1285000 ,
-0.0138583 ,0.0057399 ,-0.1285000 ,
-0.0150000 ,-0.0000004 ,-0.1285000 ,
-0.0053031 ,-0.0053035 ,-0.1285000 ,
-0.0138580 ,-0.0057407 ,-0.1285000 ,
-0.0106062 ,-0.0106070 ,-0.1285000 ,
0.0000004 ,-0.0075000 ,-0.1285000 ,
-0.0057397 ,-0.0138584 ,-0.1285000 ,
0.0000007 ,-0.0150000 ,-0.1285000 ,
0.0053036 ,-0.0053030 ,-0.1285000 ,
0.0057410 ,-0.0138579 ,-0.1285000 ,
0.0106072 ,-0.0106060 ,-0.1285000 ,
0.0075000 ,0.0000006 ,-0.1285000 ,
0.0138585 ,-0.0057395 ,-0.1285000 ,
0.0150000 ,0.0000009 ,-0.1285000 ,
0.0000000 ,0.0000000 ,-0.1265000 ,
0.0053032 ,0.0053033 ,-0.1265000 ,
0.0138582 ,0.0057402 ,-0.1265000 ,
0.0106066 ,0.0106066 ,-0.1265000 ,
0.0075000 ,0.0000000 ,-0.1265000 ,
0.0150000 ,0.0000000 ,-0.1265000 ,
-0.0000001 ,0.0075000 ,-0.1265000 ,
0.0057401 ,0.0138582 ,-0.1265000 ,
-0.0000001 ,0.0150000 ,-0.1265000 ,
-0.0053034 ,0.0053032 ,-0.1265000 ,
-0.0057405 ,0.0138581 ,-0.1265000 ,
-0.0106068 ,0.0106064 ,-0.1265000 ,
-0.0075000 ,-0.0000003 ,-0.1265000 ,
-0.0138583 ,0.0057399 ,-0.1265000 ,
-0.0150000 ,-0.0000004 ,-0.1265000 ,
-0.0053031 ,-0.0053035 ,-0.1265000 ,
-0.0138580 ,-0.0057407 ,-0.1265000 ,
-0.0106062 ,-0.0106070 ,-0.1265000 ,
0.0000004 ,-0.0075000 ,-0.1265000 ,
-0.0057397 ,-0.0138584 ,-0.1265000 ,
0.0000007 ,-0.0150000 ,-0.1265000 ,
0.0053036 ,-0.0053030 ,-0.1265000 ,
0.0057410 ,-0.0138579 ,-0.1265000 ,
0.0106072 ,-0.0106060 ,-0.1265000 ,
0.0075000 ,0.0000006 ,-0.1265000 ,
0.0138585 ,-0.0057395 ,-0.1265000 ,
0.0150000 ,0.0000009 ,-0.1265000 ,
0.0000000 ,0.0000000 ,-0.1160000 ,
0.0053032 ,0.0053033 ,-0.1160000 ,
0.0138582 ,0.0057402 ,-0.1160000 ,
0.0106066 ,0.0106066 ,-0.1160000 ,
0.0075000 ,0.0000000 ,-0.1160000 ,
0.0150000 ,0.0000000 ,-0.1160000 ,
-0.0000001 ,0.0075000 ,-0.1160000 ,
0.0057401 ,0.0138582 ,-0.1160000 ,
-0.0000001 ,0.0150000 ,-0.1160000 ,
-0.0053034 ,0.0053032 ,-0.1160000 ,
-0.0057405 ,0.0138581 ,-0.1160000 ,
-0.0106068 ,0.0106064 ,-0.1160000 ,
-0.0075000 ,-0.0000003 ,-0.1160000 ,
-0.0138583 ,0.0057399 ,-0.1160000 ,
-0.0150000 ,-0.0000004 ,-0.1160000 ,
-0.0053031 ,-0.0053035 ,-0.1160000 ,
-0.0138580 ,-0.0057407 ,-0.1160000 ,
-0.0106062 ,-0.0106070 ,-0.1160000 ,
0.0000004 ,-0.0075000 ,-0.1160000 ,
-0.0057397 ,-0.0138584 ,-0.1160000 ,
0.0000007 ,-0.0150000 ,-0.1160000 ,
0.0053036 ,-0.0053030 ,-0.1160000 ,
0.0057410 ,-0.0138579 ,-0.1160000 ,
0.0106072 ,-0.0106060 ,-0.1160000 ,
0.0075000 ,0.0000006 ,-0.1160000 ,
0.0138585 ,-0.0057395 ,-0.1160000 ,
0.0150000 ,0.0000009 ,-0.1160000 ,
0.0000000 ,0.0000000 ,-0.1085000 ,
0.0053032 ,0.0053033 ,-0.1085000 ,
0.0138582 ,0.0057402 ,-0.1085000 ,
0.0106066 ,0.0106066 ,-0.1085000 ,
0.0075000 ,0.0000000 ,-0.1085000 ,
0.0150000 ,0.0000000 ,-0.1085000 ,
-0.0000001 ,0.0075000 ,-0.1085000 ,
0.0057401 ,0.0138582 ,-0.1085000 ,
-0.0000001 ,0.0150000 ,-0.1085000 ,
-0.0053034 ,0.0053032 ,-0.1085000 ,
-0.0057405 ,0.0138581 ,-0.1085000 ,
-0.0106068 ,0.0106064 ,-0.1085000 ,
-0.0075000 ,-0.0000003 ,-0.1085000 ,
-0.0138583 ,0.0057399 ,-0.1085000 ,
-0.0150000 ,-0.0000004 ,-0.1085000 ,
-0.0053031 ,-0.0053035 ,-0.1085000 ,
-0.0138580 ,-0.0057407 ,-0.1085000 ,
-0.0106062 ,-0.0106070 ,-0.1085000 ,
0.0000004 ,-0.0075000 ,-0.1085000 ,
-0.0057397 ,-0.0138584 ,-0.1085000 ,
0.0000007 ,-0.0150000 ,-0.1085000 ,
0.0053036 ,-0.0053030 ,-0.1085000 ,
0.0057410 ,-0.0138579 ,-0.1085000 ,
0.0106072 ,-0.0106060 ,-0.1085000 ,
0.0075000 ,0.0000006 ,-0.1085000 ,
0.0138585 ,-0.0057395 ,-0.1085000 ,
0.0150000 ,0.0000009 ,-0.1085000 ,
0.0000000 ,0.0000000 ,-0.1045000 ,
0.0053032 ,0.0053033 ,-0.1045000 ,
0.0138582 ,0.0057402 ,-0.1045000 ,
0.0106066 ,0.0106066 ,-0.1045000 ,
0.0075000 ,0.0000000 ,-0.1045000 ,
0.0150000 ,0.0000000 ,-0.1045000 ,
-0.0000001 ,0.0075000 ,-0.1045000 ,
0.0057401 ,0.0138582 ,-0.1045000 ,
-0.0000001 ,0.0150000 ,-0.1045000 ,
-0.0053034 ,0.0053032 ,-0.1045000 ,
-0.0057405 ,0.0138581 ,-0.1045000 ,
-0.0106068 ,0.0106064 ,-0.1045000 ,
-0.0075000 ,-0.0000003 ,-0.1045000 ,
-0.0138583 ,0.0057399 ,-0.1045000 ,
-0.0150000 ,-0.0000004 ,-0.1045000 ,
-0.0053031 ,-0.0053035 ,-0.1045000 ,
-0.0138580 ,-0.0057407 ,-0.1045000 ,
-0.0106062 ,-0.0106070 ,-0.1045000 ,
0.0000004 ,-0.0075000 ,-0.1045000 ,
-0.0057397 ,-0.0138584 ,-0.1045000 ,
0.0000007 ,-0.0150000 ,-0.1045000 ,
0.0053036 ,-0.0053030 ,-0.1045000 ,
0.0057410 ,-0.0138579 ,-0.1045000 ,
0.0106072 ,-0.0106060 ,-0.1045000 ,
0.0075000 ,0.0000006 ,-0.1045000 ,
0.0138585 ,-0.0057395 ,-0.1045000 ,
0.0150000 ,0.0000009 ,-0.1045000 ,
0.0000000 ,0.0000000 ,-0.0812778 ,
0.0053032 ,0.0053033 ,-0.0812778 ,
0.0138582 ,0.0057402 ,-0.0812778 ,
0.0106066 ,0.0106066 ,-0.0812778 ,
0.0075000 ,0.0000000 ,-0.0812778 ,
0.0150000 ,0.0000000 ,-0.0812778 ,
-0.0000001 ,0.0075000 ,-0.0812778 ,
0.0057401 ,0.0138582 ,-0.0812778 ,
-0.0000001 ,0.0150000 ,-0.0812778 ,
-0.0053034 ,0.0053032 ,-0.0812778 ,
-0.0057405 ,0.0138581 ,-0.0812778 ,
-0.0106068 ,0.0106064 ,-0.0812778 ,
-0.0075000 ,-0.0000003 ,-0.0812778 ,
-0.0138583 ,0.0057399 ,-0.0812778 ,
-0.0150000 ,-0.0000004 ,-0.0812778 ,
-0.0053031 ,-0.0053035 ,-0.0812778 ,
-0.0138580 ,-0.0057407 ,-0.0812778 ,
-0.0106062 ,-0.0106070 ,-0.0812778 ,
0.0000004 ,-0.0075000 ,-0.0812778 ,
-0.0057397 ,-0.0138584 ,-0.0812778 ,
0.0000007 ,-0.0150000 ,-0.0812778 ,
0.0053036 ,-0.0053030 ,-0.0812778 ,
0.0057410 ,-0.0138579 ,-0.0812778 ,
0.0106072 ,-0.0106060 ,-0.0812778 ,
0.0075000 ,0.0000006 ,-0.0812778 ,
0.0138585 ,-0.0057395 ,-0.0812778 ,
0.0150000 ,0.0000009 ,-0.0812778 ,
0.0000000 ,0.0000000 ,-0.0580556 ,
0.0053032 ,0.0053033 ,-0.0580556 ,
0.0138582 ,0.0057402 ,-0.0580556 ,
0.0106066 ,0.0106066 ,-0.0580556 ,
0.0075000 ,0.0000000 ,-0.0580556 ,
0.0150000 ,0.0000000 ,-0.0580556 ,
-0.0000001 ,0.0075000 ,-0.0580556 ,
0.0057401 ,0.0138582 ,-0.0580556 ,
-0.0000001 ,0.0150000 ,-0.0580556 ,
-0.0053034 ,0.0053032 ,-0.0580556 ,
-0.0057405 ,0.0138581 ,-0.0580556 ,
-0.0106068 ,0.0106064 ,-0.0580556 ,
-0.0075000 ,-0.0000003 ,-0.0580556 ,
-0.0138583 ,0.0057399 ,-0.0580556 ,
-0.0150000 ,-0.0000004 ,-0.0580556 ,
-0.0053031 ,-0.0053035 ,-0.0580556 ,
-0.0138580 ,-0.0057407 ,-0.0580556 ,
-0.0106062 ,-0.0106070 ,-0.0580556 ,
0.0000004 ,-0.0075000 ,-0.0580556 ,
-0.0057397 ,-0.0138584 ,-0.0580556 ,
0.0000007 ,-0.0150000 ,-0.0580556 ,
0.0053036 ,-0.0053030 ,-0.0580556 ,
0.0057410 ,-0.0138579 ,-0.0580556 ,
0.0106072 ,-0.0106060 ,-0.0580556 ,
0.0075000 ,0.0000006 ,-0.0580556 ,
0.0138585 ,-0.0057395 ,-0.0580556 ,
0.0150000 ,0.0000009 ,-0.0580556 ,
0.0000000 ,0.0000000 ,-0.0348333 ,
0.0053032 ,0.0053033 ,-0.0348333 ,
0.0138582 ,0.0057402 ,-0.0348333 ,
0.0106066 ,0.0106066 ,-0.0348333 ,
0.0075000 ,0.0000000 ,-0.0348333 ,
0.0150000 ,0.0000000 ,-0.0348333 ,
-0.0000001 ,0.0075000 ,-0.0348333 ,
0.0057401 ,0.0138582 ,-0.0348333 ,
-0.0000001 ,0.0150000 ,-0.0348333 ,
-0.0053034 ,0.0053032 ,-0.0348333 ,
-0.0057405 ,0.0138581 ,-0.0348333 ,
-0.0106068 ,0.0106064 ,-0.0348333 ,
-0.0075000 ,-0.0000003 ,-0.0348333 ,
-0.0138583 ,0.0057399 ,-0.0348333 ,
-0.0150000 ,-0.0000004 ,-0.0348333 ,
-0.0053031 ,-0.0053035 ,-0.0348333 ,
-0.0138580 ,-0.0057407 ,-0.0348333 ,
-0.0106062 ,-0.0106070 ,-0.0348333 ,
0.0000004 ,-0.0075000 ,-0.0348333 ,
-0.0057397 ,-0.0138584 ,-0.0348333 ,
0.0000007 ,-0.0150000 ,-0.0348333 ,
0.0053036 ,-0.0053030 ,-0.0348333 ,
0.0057410 ,-0.0138579 ,-0.0348333 ,
0.0106072 ,-0.0106060 ,-0.0348333 ,
0.0075000 ,0.0000006 ,-0.0348333 ,
0.0138585 ,-0.0057395 ,-0.0348333 ,
0.0150000 ,0.0000009 ,-0.0348333 ,
0.0000000 ,0.0000000 ,-0.0116111 ,
0.0053032 ,0.0053033 ,-0.0116111 ,
0.0138582 ,0.0057402 ,-0.0116111 ,
0.0106066 ,0.0106066 ,-0.0116111 ,
0.0075000 ,0.0000000 ,-0.0116111 ,
0.0150000 ,0.0000000 ,-0.0116111 ,
-0.0000001 ,0.0075000 ,-0.0116111 ,
0.0057401 ,0.0138582 ,-0.0116111 ,
-0.0000001 ,0.0150000 ,-0.0116111 ,
-0.0053034 ,0.0053032 ,-0.0116111 ,
-0.0057405 ,0.0138581 ,-0.0116111 ,
-0.0106068 ,0.0106064 ,-0.0116111 ,
-0.0075000 ,-0.0000003 ,-0.0116111 ,
-0.0138583 ,0.0057399 ,-0.0116111 ,
-0.0150000 ,-0.0000004 ,-0.0116111 ,
-0.0053031 ,-0.0053035 ,-0.0116111 ,
-0.0138580 ,-0.0057407 ,-0.0116111 ,
-0.0106062 ,-0.0106070 ,-0.0116111 ,
0.0000004 ,-0.0075000 ,-0.0116111 ,
-0.0057397 ,-0.0138584 ,-0.0116111 ,
0.0000007 ,-0.0150000 ,-0.0116111 ,
0.0053036 ,-0.0053030 ,-0.0116111 ,
0.0057410 ,-0.0138579 ,-0.0116111 ,
0.0106072 ,-0.0106060 ,-0.0116111 ,
0.0075000 ,0.0000006 ,-0.0116111 ,
0.0138585 ,-0.0057395 ,-0.0116111 ,
0.0150000 ,0.0000009 ,-0.0116111 ,
0.0000000 ,0.0000000 ,0.0116111 ,
0.0053032 ,0.0053033 ,0.0116111 ,
0.0138582 ,0.0057402 ,0.0116111 ,
0.0106066 ,0.0106066 ,0.0116111 ,
0.0075000 ,0.0000000 ,0.0116111 ,
0.0150000 ,0.0000000 ,0.0116111 ,
-0.0000001 ,0.0075000 ,0.0116111 ,
0.0057401 ,0.0138582 ,0.0116111 ,
-0.0000001 ,0.0150000 ,0.0116111 ,
-0.0053034 ,0.0053032 ,0.0116111 ,
-0.0057405 ,0.0138581 ,0.0116111 ,
-0.0106068 ,0.0106064 ,0.0116111 ,
-0.0075000 ,-0.0000003 ,0.0116111 ,
-0.0138583 ,0.0057399 ,0.0116111 ,
-0.0150000 ,-0.0000004 ,0.0116111 ,
-0.0053031 ,-0.0053035 ,0.0116111 ,
-0.0138580 ,-0.0057407 ,0.0116111 ,
-0.0106062 ,-0.0106070 ,0.0116111 ,
0.0000004 ,-0.0075000 ,0.0116111 ,
-0.0057397 ,-0.0138584 ,0.0116111 ,
0.0000007 ,-0.0150000 ,0.0116111 ,
0.0053036 ,-0.0053030 ,0.0116111 ,
0.0057410 ,-0.0138579 ,0.0116111 ,
0.0106072 ,-0.0106060 ,0.0116111 ,
0.0075000 ,0.0000006 ,0.0116111 ,
0.0138585 ,-0.0057395 ,0.0116111 ,
0.0150000 ,0.0000009 ,0.0116111 ,
0.0000000 ,0.0000000 ,0.0348333 ,
0.0053032 ,0.0053033 ,0.0348333 ,
0.0138582 ,0.0057402 ,0.0348333 ,
0.0106066 ,0.0106066 ,0.0348333 ,
0.0075000 ,0.0000000 ,0.0348333 ,
0.0150000 ,0.0000000 ,0.0348333 ,
-0.0000001 ,0.0075000 ,0.0348333 ,
0.0057401 ,0.0138582 ,0.0348333 ,
-0.0000001 ,0.0150000 ,0.0348333 ,
-0.0053034 ,0.0053032 ,0.0348333 ,
-0.0057405 ,0.0138581 ,0.0348333 ,
-0.0106068 ,0.0106064 ,0.0348333 ,
-0.0075000 ,-0.0000003 ,0.0348333 ,
-0.0138583 ,0.0057399 ,0.0348333 ,
-0.0150000 ,-0.0000004 ,0.0348333 ,
-0.0053031 ,-0.0053035 ,0.0348333 ,
-0.0138580 ,-0.0057407 ,0.0348333 ,
-0.0106062 ,-0.0106070 ,0.0348333 ,
0.0000004 ,-0.0075000 ,0.0348333 ,
-0.0057397 ,-0.0138584 ,0.0348333 ,
0.0000007 ,-0.0150000 ,0.0348333 ,
0.0053036 ,-0.0053030 ,0.0348333 ,
0.0057410 ,-0.0138579 ,0.0348333 ,
0.0106072 ,-0.0106060 ,0.0348333 ,
0.0075000 ,0.0000006 ,0.0348333 ,
0.0138585 ,-0.0057395 ,0.0348333 ,
0.0150000 ,0.0000009 ,0.0348333 ,
0.0000000 ,0.0000000 ,0.0580556 ,
0.0053032 ,0.0053033 ,0.0580556 ,
0.0138582 ,0.0057402 ,0.0580556 ,
0.0106066 ,0.0106066 ,0.0580556 ,
0.0075000 ,0.0000000 ,0.0580556 ,
0.0150000 ,0.0000000 ,0.0580556 ,
-0.0000001 ,0.0075000 ,0.0580556 ,
0.0057401 ,0.0138582 ,0.0580556 ,
-0.0000001 ,0.0150000 ,0.0580556 ,
-0.0053034 ,0.0053032 ,0.0580556 ,
-0.0057405 ,0.0138581 ,0.0580556 ,
-0.0106068 ,0.0106064 ,0.0580556 ,
-0.0075000 ,-0.0000003 ,0.0580556 ,
-0.0138583 ,0.0057399 ,0.0580556 ,
-0.0150000 ,-0.0000004 ,0.0580556 ,
-0.0053031 ,-0.0053035 ,0.0580556 ,
-0.0138580 ,-0.0057407 ,0.0580556 ,
-0.0106062 ,-0.0106070 ,0.0580556 ,
0.0000004 ,-0.0075000 ,0.0580556 ,
-0.0057397 ,-0.0138584 ,0.0580556 ,
0.0000007 ,-0.0150000 ,0.0580556 ,
0.0053036 ,-0.0053030 ,0.0580556 ,
0.0057410 ,-0.0138579 ,0.0580556 ,
0.0106072 ,-0.0106060 ,0.0580556 ,
0.0075000 ,0.0000006 ,0.0580556 ,
0.0138585 ,-0.0057395 ,0.0580556 ,
0.0150000 ,0.0000009 ,0.0580556 ,
0.0000000 ,0.0000000 ,0.0812778 ,
0.0053032 ,0.0053033 ,0.0812778 ,
0.0138582 ,0.0057402 ,0.0812778 ,
0.0106066 ,0.0106066 ,0.0812778 ,
0.0075000 ,0.0000000 ,0.0812778 ,
0.0150000 ,0.0000000 ,0.0812778 ,
-0.0000001 ,0.0075000 ,0.0812778 ,
0.0057401 ,0.0138582 ,0.0812778 ,
-0.0000001 ,0.0150000 ,0.0812778 ,
-0.0053034 ,0.0053032 ,0.0812778 ,
-0.0057405 ,0.0138581 ,0.0812778 ,
-0.0106068 ,0.0106064 ,0.0812778 ,
-0.0075000 ,-0.0000003 ,0.0812778 ,
-0.0138583 ,0.0057399 ,0.0812778 ,
-0.0150000 ,-0.0000004 ,0.0812778 ,
-0.0053031 ,-0.0053035 ,0.0812778 ,
-0.0138580 ,-0.0057407 ,0.0812778 ,
-0.0106062 ,-0.0106070 ,0.0812778 ,
0.0000004 ,-0.0075000 ,0.0812778 ,
-0.0057397 ,-0.0138584 ,0.0812778 ,
0.0000007 ,-0.0150000 ,0.0812778 ,
0.0053036 ,-0.0053030 ,0.0812778 ,
0.0057410 ,-0.0138579 ,0.0812778 ,
0.0106072 ,-0.0106060 ,0.0812778 ,
0.0075000 ,0.0000006 ,0.0812778 ,
0.0138585 ,-0.0057395 ,0.0812778 ,
0.0150000 ,0.0000009 ,0.0812778 ,
0.0000000 ,0.0000000 ,0.1045000 ,
0.0053032 ,0.0053033 ,0.1045000 ,
0.0138582 ,0.0057402 ,0.1045000 ,
0.0106066 ,0.0106066 ,0.1045000 ,
0.0075000 ,0.0000000 ,0.1045000 ,
0.0150000 ,0.0000000 ,0.1045000 ,
-0.0000001 ,0.0075000 ,0.1045000 ,
0.0057401 ,0.0138582 ,0.1045000 ,
-0.0000001 ,0.0150000 ,0.1045000 ,
-0.0053034 ,0.0053032 ,0.1045000 ,
-0.0057405 ,0.0138581 ,0.1045000 ,
-0.0106068 ,0.0106064 ,0.1045000 ,
-0.0075000 ,-0.0000003 ,0.1045000 ,
-0.0138583 ,0.0057399 ,0.1045000 ,
-0.0150000 ,-0.0000004 ,0.1045000 ,
-0.0053031 ,-0.0053035 ,0.1045000 ,
-0.0138580 ,-0.0057407 ,0.1045000 ,
-0.0106062 ,-0.0106070 ,0.1045000 ,
0.0000004 ,-0.0075000 ,0.1045000 ,
-0.0057397 ,-0.0138584 ,0.1045000 ,
0.0000007 ,-0.0150000 ,0.1045000 ,
0.0053036 ,-0.0053030 ,0.1045000 ,
0.0057410 ,-0.0138579 ,0.1045000 ,
0.0106072 ,-0.0106060 ,0.1045000 ,
0.0075000 ,0.0000006 ,0.1045000 ,
0.0138585 ,-0.0057395 ,0.1045000 ,
0.0150000 ,0.0000009 ,0.1045000 ,
0.0000000 ,0.0000000 ,0.1085000 ,
0.0053032 ,0.0053033 ,0.1085000 ,
0.0138582 ,0.0057402 ,0.1085000 ,
0.0106066 ,0.0106066 ,0.1085000 ,
0.0075000 ,0.0000000 ,0.1085000 ,
0.0150000 ,0.0000000 ,0.1085000 ,
-0.0000001 ,0.0075000 ,0.1085000 ,
0.0057401 ,0.0138582 ,0.1085000 ,
-0.0000001 ,0.0150000 ,0.1085000 ,
-0.0053034 ,0.0053032 ,0.1085000 ,
-0.0057405 ,0.0138581 ,0.1085000 ,
-0.0106068 ,0.0106064 ,0.1085000 ,
-0.0075000 ,-0.0000003 ,0.1085000 ,
-0.0138583 ,0.0057399 ,0.1085000 ,
-0.0150000 ,-0.0000004 ,0.1085000 ,
-0.0053031 ,-0.0053035 ,0.1085000 ,
-0.0138580 ,-0.0057407 ,0.1085000 ,
-0.0106062 ,-0.0106070 ,0.1085000 ,
0.0000004 ,-0.0075000 ,0.1085000 ,
-0.0057397 ,-0.0138584 ,0.1085000 ,
0.0000007 ,-0.0150000 ,0.1085000 ,
0.0053036 ,-0.0053030 ,0.1085000 ,
0.0057410 ,-0.0138579 ,0.1085000 ,
0.0106072 ,-0.0106060 ,0.1085000 ,
0.0075000 ,0.0000006 ,0.1085000 ,
0.0138585 ,-0.0057395 ,0.1085000 ,
0.0150000 ,0.0000009 ,0.1085000 ,
0.0000000 ,0.0000000 ,0.1160000 ,
0.0053032 ,0.0053033 ,0.1160000 ,
0.0138582 ,0.0057402 ,0.1160000 ,
0.0106066 ,0.0106066 ,0.1160000 ,
0.0075000 ,0.0000000 ,0.1160000 ,
0.0150000 ,0.0000000 ,0.1160000 ,
-0.0000001 ,0.0075000 ,0.1160000 ,
0.0057401 ,0.0138582 ,0.1160000 ,
-0.0000001 ,0.0150000 ,0.1160000 ,
-0.0053034 ,0.0053032 ,0.1160000 ,
-0.0057405 ,0.0138581 ,0.1160000 ,
-0.0106068 ,0.0106064 ,0.1160000 ,
-0.0075000 ,-0.0000003 ,0.1160000 ,
-0.0138583 ,0.0057399 ,0.1160000 ,
-0.0150000 ,-0.0000004 ,0.1160000 ,
-0.0053031 ,-0.0053035 ,0.1160000 ,
-0.0138580 ,-0.0057407 ,0.1160000 ,
-0.0106062 ,-0.0106070 ,0.1160000 ,
0.0000004 ,-0.0075000 ,0.1160000 ,
-0.0057397 ,-0.0138584 ,0.1160000 ,
0.0000007 ,-0.0150000 ,0.1160000 ,
0.0053036 ,-0.0053030 ,0.1160000 ,
0.0057410 ,-0.0138579 ,0.1160000 ,
0.0106072 ,-0.0106060 ,0.1160000 ,
0.0075000 ,0.0000006 ,0.1160000 ,
0.0138585 ,-0.0057395 ,0.1160000 ,
0.0150000 ,0.0000009 ,0.1160000 ,
0.0000000 ,0.0000000 ,0.1265000 ,
0.0053032 ,0.0053033 ,0.1265000 ,
0.0138582 ,0.0057402 ,0.1265000 ,
0.0106066 ,0.0106066 ,0.1265000 ,
0.0075000 ,0.0000000 ,0.1265000 ,
0.0150000 ,0.0000000 ,0.1265000 ,
-0.0000001 ,0.0075000 ,0.1265000 ,
0.0057401 ,0.0138582 ,0.1265000 ,
-0.0000001 ,0.0150000 ,0.1265000 ,
-0.0053034 ,0.0053032 ,0.1265000 ,
-0.0057405 ,0.0138581 ,0.1265000 ,
-0.0106068 ,0.0106064 ,0.1265000 ,
-0.0075000 ,-0.0000003 ,0.1265000 ,
-0.0138583 ,0.0057399 ,0.1265000 ,
-0.0150000 ,-0.0000004 ,0.1265000 ,
-0.0053031 ,-0.0053035 ,0.1265000 ,
-0.0138580 ,-0.0057407 ,0.1265000 ,
-0.0106062 ,-0.0106070 ,0.1265000 ,
0.0000004 ,-0.0075000 ,0.1265000 ,
-0.0057397 ,-0.0138584 ,0.1265000 ,
0.0000007 ,-0.0150000 ,0.1265000 ,
0.0053036 ,-0.0053030 ,0.1265000 ,
0.0057410 ,-0.0138579 ,0.1265000 ,
0.0106072 ,-0.0106060 ,0.1265000 ,
0.0075000 ,0.0000006 ,0.1265000 ,
0.0138585 ,-0.0057395 ,0.1265000 ,
0.0150000 ,0.0000009 ,0.1265000 ,
0.0000000 ,0.0000000 ,0.1285000 ,
0.0053032 ,0.0053033 ,0.1285000 ,
0.0138582 ,0.0057402 ,0.1285000 ,
0.0106066 ,0.0106066 ,0.1285000 ,
0.0075000 ,0.0000000 ,0.1285000 ,
0.0150000 ,0.0000000 ,0.1285000 ,
-0.0000001 ,0.0075000 ,0.1285000 ,
0.0057401 ,0.0138582 ,0.1285000 ,
-0.0000001 ,0.0150000 ,0.1285000 ,
-0.0053034 ,0.0053032 ,0.1285000 ,
-0.0057405 ,0.0138581 ,0.1285000 ,
-0.0106068 ,0.0106064 ,0.1285000 ,
-0.0075000 ,-0.0000003 ,0.1285000 ,
-0.0138583 ,0.0057399 ,0.1285000 ,
-0.0150000 ,-0.0000004 ,0.1285000 ,
-0.0053031 ,-0.0053035 ,0.1285000 ,
-0.0138580 ,-0.0057407 ,0.1285000 ,
-0.0106062 ,-0.0106070 ,0.1285000 ,
0.0000004 ,-0.0075000 ,0.1285000 ,
-0.0057397 ,-0.0138584 ,0.1285000 ,
0.0000007 ,-0.0150000 ,0.1285000 ,
0.0053036 ,-0.0053030 ,0.1285000 ,
0.0057410 ,-0.0138579 ,0.1285000 ,
0.0106072 ,-0.0106060 ,0.1285000 ,
0.0075000 ,0.0000006 ,0.1285000 ,
0.0138585 ,-0.0057395 ,0.1285000 ,
0.0150000 ,0.0000009 ,0.1285000 ,
0.0000000 ,0.0000000 ,0.1350000 ,
0.0053032 ,0.0053033 ,0.1350000 ,
0.0138582 ,0.0057402 ,0.1350000 ,
0.0106066 ,0.0106066 ,0.1350000 ,
0.0075000 ,0.0000000 ,0.1350000 ,
0.0150000 ,0.0000000 ,0.1350000 ,
-0.0000001 ,0.0075000 ,0.1350000 ,
0.0057401 ,0.0138582 ,0.1350000 ,
-0.0000001 ,0.0150000 ,0.1350000 ,
-0.0053034 ,0.0053032 ,0.1350000 ,
-0.0057405 ,0.0138581 ,0.1350000 ,
-0.0106068 ,0.0106064 ,0.1350000 ,
-0.0075000 ,-0.0000003 ,0.1350000 ,
-0.0138583 ,0.0057399 ,0.1350000 ,
-0.0150000 ,-0.0000004 ,0.1350000 ,
-0.0053031 ,-0.0053035 ,0.1350000 ,
-0.0138580 ,-0.0057407 ,0.1350000 ,
-0.0106062 ,-0.0106070 ,0.1350000 ,
0.0000004 ,-0.0075000 ,0.1350000 ,
-0.0057397 ,-0.0138584 ,0.1350000 ,
0.0000007 ,-0.0150000 ,0.1350000 ,
0.0053036 ,-0.0053030 ,0.1350000 ,
0.0057410 ,-0.0138579 ,0.1350000 ,
0.0106072 ,-0.0106060 ,0.1350000 ,
0.0075000 ,0.0000006 ,0.1350000 ,
0.0138585 ,-0.0057395 ,0.1350000 ,
0.0150000 ,0.0000009 ,0.1350000 ,
0.0000000 ,0.0000000 ,0.1500000 ,
0.0053032 ,0.0053033 ,0.1500000 ,
0.0138582 ,0.0057402 ,0.1500000 ,
0.0106066 ,0.0106066 ,0.1500000 ,
0.0075000 ,0.0000000 ,0.1500000 ,
0.0150000 ,0.0000000 ,0.1500000 ,
-0.0000001 ,0.0075000 ,0.1500000 ,
0.0057401 ,0.0138582 ,0.1500000 ,
-0.0000001 ,0.0150000 ,0.1500000 ,
-0.0053034 ,0.0053032 ,0.1500000 ,
-0.0057405 ,0.0138581 ,0.1500000 ,
-0.0106068 ,0.0106064 ,0.1500000 ,
-0.0075000 ,-0.0000003 ,0.1500000 ,
-0.0138583 ,0.0057399 ,0.1500000 ,
-0.0150000 ,-0.0000004 ,0.1500000 ,
-0.0053031 ,-0.0053035 ,0.1500000 ,
-0.0138580 ,-0.0057407 ,0.1500000 ,
-0.0106062 ,-0.0106070 ,0.1500000 ,
0.0000004 ,-0.0075000 ,0.1500000 ,
-0.0057397 ,-0.0138584 ,0.1500000 ,
0.0000007 ,-0.0150000 ,0.1500000 ,
0.0053036 ,-0.0053030 ,0.1500000 ,
0.0057410 ,-0.0138579 ,0.1500000 ,
0.0106072 ,-0.0106060 ,0.1500000 ,
0.0075000 ,0.0000006 ,0.1500000 ,
0.0138585 ,-0.0057395 ,0.1500000 ,
0.0150000 ,0.0000009 ,0.1500000 ,
1,672,shaft
