nodal
3
177738
2787	0.000000E+00	-3.000000E+02	0.000000E+00	
2788	0.000000E+00	-3.000000E+02	0.000000E+00	
2789	0.000000E+00	-3.000000E+02	0.000000E+00	
2790	0.000000E+00	-3.000000E+02	0.000000E+00	
2791	0.000000E+00	-3.000000E+02	0.000000E+00	
2792	0.000000E+00	-3.000000E+02	0.000000E+00	
2793	0.000000E+00	-3.000000E+02	0.000000E+00	
2794	0.000000E+00	-3.000000E+02	0.000000E+00	
2795	0.000000E+00	-3.000000E+02	0.000000E+00	
2796	0.000000E+00	-3.000000E+02	0.000000E+00	
2797	0.000000E+00	-3.000000E+02	0.000000E+00	
2798	0.000000E+00	-3.000000E+02	0.000000E+00	
2799	0.000000E+00	-3.000000E+02	0.000000E+00	
2800	0.000000E+00	-3.000000E+02	0.000000E+00	
2801	0.000000E+00	-3.000000E+02	0.000000E+00	
2802	0.000000E+00	-3.000000E+02	0.000000E+00	
10518	0.000000E+00	-3.000000E+02	0.000000E+00	
10522	0.000000E+00	-3.000000E+02	0.000000E+00	
10525	0.000000E+00	-3.000000E+02	0.000000E+00	
10528	0.000000E+00	-3.000000E+02	0.000000E+00	
10531	0.000000E+00	-3.000000E+02	0.000000E+00	
10534	0.000000E+00	-3.000000E+02	0.000000E+00	
10537	0.000000E+00	-3.000000E+02	0.000000E+00	
10540	0.000000E+00	-3.000000E+02	0.000000E+00	
10543	0.000000E+00	-3.000000E+02	0.000000E+00	
10546	0.000000E+00	-3.000000E+02	0.000000E+00	
10809	0.000000E+00	-3.000000E+02	0.000000E+00	
10812	0.000000E+00	-3.000000E+02	0.000000E+00	
10815	0.000000E+00	-3.000000E+02	0.000000E+00	
10818	0.000000E+00	-3.000000E+02	0.000000E+00	
10821	0.000000E+00	-3.000000E+02	0.000000E+00	
18945	0.000000E+00	-3.000000E+02	0.000000E+00	
18946	0.000000E+00	-3.000000E+02	0.000000E+00	
18947	0.000000E+00	-3.000000E+02	0.000000E+00	
18948	0.000000E+00	-3.000000E+02	0.000000E+00	
18949	0.000000E+00	-3.000000E+02	0.000000E+00	
18950	0.000000E+00	-3.000000E+02	0.000000E+00	
18951	0.000000E+00	-3.000000E+02	0.000000E+00	
18952	0.000000E+00	-3.000000E+02	0.000000E+00	
18953	0.000000E+00	-3.000000E+02	0.000000E+00	
18954	0.000000E+00	-3.000000E+02	0.000000E+00	
18955	0.000000E+00	-3.000000E+02	0.000000E+00	
18956	0.000000E+00	-3.000000E+02	0.000000E+00	
18957	0.000000E+00	-3.000000E+02	0.000000E+00	
18958	0.000000E+00	-3.000000E+02	0.000000E+00	
18959	0.000000E+00	-3.000000E+02	0.000000E+00	
18960	0.000000E+00	-3.000000E+02	0.000000E+00	
26676	0.000000E+00	-3.000000E+02	0.000000E+00	
26680	0.000000E+00	-3.000000E+02	0.000000E+00	
26683	0.000000E+00	-3.000000E+02	0.000000E+00	
26686	0.000000E+00	-3.000000E+02	0.000000E+00	
26689	0.000000E+00	-3.000000E+02	0.000000E+00	
26692	0.000000E+00	-3.000000E+02	0.000000E+00	
26695	0.000000E+00	-3.000000E+02	0.000000E+00	
26698	0.000000E+00	-3.000000E+02	0.000000E+00	
26701	0.000000E+00	-3.000000E+02	0.000000E+00	
26704	0.000000E+00	-3.000000E+02	0.000000E+00	
26967	0.000000E+00	-3.000000E+02	0.000000E+00	
26970	0.000000E+00	-3.000000E+02	0.000000E+00	
26973	0.000000E+00	-3.000000E+02	0.000000E+00	
26976	0.000000E+00	-3.000000E+02	0.000000E+00	
26979	0.000000E+00	-3.000000E+02	0.000000E+00	
35103	0.000000E+00	-3.000000E+02	0.000000E+00	
35104	0.000000E+00	-3.000000E+02	0.000000E+00	
35105	0.000000E+00	-3.000000E+02	0.000000E+00	
35106	0.000000E+00	-3.000000E+02	0.000000E+00	
35107	0.000000E+00	-3.000000E+02	0.000000E+00	
35108	0.000000E+00	-3.000000E+02	0.000000E+00	
35109	0.000000E+00	-3.000000E+02	0.000000E+00	
35110	0.000000E+00	-3.000000E+02	0.000000E+00	
35111	0.000000E+00	-3.000000E+02	0.000000E+00	
35112	0.000000E+00	-3.000000E+02	0.000000E+00	
35113	0.000000E+00	-3.000000E+02	0.000000E+00	
35114	0.000000E+00	-3.000000E+02	0.000000E+00	
35115	0.000000E+00	-3.000000E+02	0.000000E+00	
35116	0.000000E+00	-3.000000E+02	0.000000E+00	
35117	0.000000E+00	-3.000000E+02	0.000000E+00	
35118	0.000000E+00	-3.000000E+02	0.000000E+00	
42834	0.000000E+00	-3.000000E+02	0.000000E+00	
42838	0.000000E+00	-3.000000E+02	0.000000E+00	
42841	0.000000E+00	-3.000000E+02	0.000000E+00	
42844	0.000000E+00	-3.000000E+02	0.000000E+00	
42847	0.000000E+00	-3.000000E+02	0.000000E+00	
42850	0.000000E+00	-3.000000E+02	0.000000E+00	
42853	0.000000E+00	-3.000000E+02	0.000000E+00	
42856	0.000000E+00	-3.000000E+02	0.000000E+00	
42859	0.000000E+00	-3.000000E+02	0.000000E+00	
42862	0.000000E+00	-3.000000E+02	0.000000E+00	
43125	0.000000E+00	-3.000000E+02	0.000000E+00	
43128	0.000000E+00	-3.000000E+02	0.000000E+00	
43131	0.000000E+00	-3.000000E+02	0.000000E+00	
43134	0.000000E+00	-3.000000E+02	0.000000E+00	
43137	0.000000E+00	-3.000000E+02	0.000000E+00	
51261	0.000000E+00	-3.000000E+02	0.000000E+00	
51262	0.000000E+00	-3.000000E+02	0.000000E+00	
51263	0.000000E+00	-3.000000E+02	0.000000E+00	
51264	0.000000E+00	-3.000000E+02	0.000000E+00	
51265	0.000000E+00	-3.000000E+02	0.000000E+00	
51266	0.000000E+00	-3.000000E+02	0.000000E+00	
51267	0.000000E+00	-3.000000E+02	0.000000E+00	
51268	0.000000E+00	-3.000000E+02	0.000000E+00	
51269	0.000000E+00	-3.000000E+02	0.000000E+00	
51270	0.000000E+00	-3.000000E+02	0.000000E+00	
51271	0.000000E+00	-3.000000E+02	0.000000E+00	
51272	0.000000E+00	-3.000000E+02	0.000000E+00	
51273	0.000000E+00	-3.000000E+02	0.000000E+00	
51274	0.000000E+00	-3.000000E+02	0.000000E+00	
51275	0.000000E+00	-3.000000E+02	0.000000E+00	
51276	0.000000E+00	-3.000000E+02	0.000000E+00	
58992	0.000000E+00	-3.000000E+02	0.000000E+00	
58996	0.000000E+00	-3.000000E+02	0.000000E+00	
58999	0.000000E+00	-3.000000E+02	0.000000E+00	
59002	0.000000E+00	-3.000000E+02	0.000000E+00	
59005	0.000000E+00	-3.000000E+02	0.000000E+00	
59008	0.000000E+00	-3.000000E+02	0.000000E+00	
59011	0.000000E+00	-3.000000E+02	0.000000E+00	
59014	0.000000E+00	-3.000000E+02	0.000000E+00	
59017	0.000000E+00	-3.000000E+02	0.000000E+00	
59020	0.000000E+00	-3.000000E+02	0.000000E+00	
59283	0.000000E+00	-3.000000E+02	0.000000E+00	
59286	0.000000E+00	-3.000000E+02	0.000000E+00	
59289	0.000000E+00	-3.000000E+02	0.000000E+00	
59292	0.000000E+00	-3.000000E+02	0.000000E+00	
59295	0.000000E+00	-3.000000E+02	0.000000E+00	
67419	0.000000E+00	-3.000000E+02	0.000000E+00	
67420	0.000000E+00	-3.000000E+02	0.000000E+00	
67421	0.000000E+00	-3.000000E+02	0.000000E+00	
67422	0.000000E+00	-3.000000E+02	0.000000E+00	
67423	0.000000E+00	-3.000000E+02	0.000000E+00	
67424	0.000000E+00	-3.000000E+02	0.000000E+00	
67425	0.000000E+00	-3.000000E+02	0.000000E+00	
67426	0.000000E+00	-3.000000E+02	0.000000E+00	
67427	0.000000E+00	-3.000000E+02	0.000000E+00	
67428	0.000000E+00	-3.000000E+02	0.000000E+00	
67429	0.000000E+00	-3.000000E+02	0.000000E+00	
67430	0.000000E+00	-3.000000E+02	0.000000E+00	
67431	0.000000E+00	-3.000000E+02	0.000000E+00	
67432	0.000000E+00	-3.000000E+02	0.000000E+00	
67433	0.000000E+00	-3.000000E+02	0.000000E+00	
67434	0.000000E+00	-3.000000E+02	0.000000E+00	
75150	0.000000E+00	-3.000000E+02	0.000000E+00	
75154	0.000000E+00	-3.000000E+02	0.000000E+00	
75157	0.000000E+00	-3.000000E+02	0.000000E+00	
75160	0.000000E+00	-3.000000E+02	0.000000E+00	
75163	0.000000E+00	-3.000000E+02	0.000000E+00	
75166	0.000000E+00	-3.000000E+02	0.000000E+00	
75169	0.000000E+00	-3.000000E+02	0.000000E+00	
75172	0.000000E+00	-3.000000E+02	0.000000E+00	
75175	0.000000E+00	-3.000000E+02	0.000000E+00	
75178	0.000000E+00	-3.000000E+02	0.000000E+00	
75441	0.000000E+00	-3.000000E+02	0.000000E+00	
75444	0.000000E+00	-3.000000E+02	0.000000E+00	
75447	0.000000E+00	-3.000000E+02	0.000000E+00	
75450	0.000000E+00	-3.000000E+02	0.000000E+00	
75453	0.000000E+00	-3.000000E+02	0.000000E+00	
83577	0.000000E+00	-3.000000E+02	0.000000E+00	
83578	0.000000E+00	-3.000000E+02	0.000000E+00	
83579	0.000000E+00	-3.000000E+02	0.000000E+00	
83580	0.000000E+00	-3.000000E+02	0.000000E+00	
83581	0.000000E+00	-3.000000E+02	0.000000E+00	
83582	0.000000E+00	-3.000000E+02	0.000000E+00	
83583	0.000000E+00	-3.000000E+02	0.000000E+00	
83584	0.000000E+00	-3.000000E+02	0.000000E+00	
83585	0.000000E+00	-3.000000E+02	0.000000E+00	
83586	0.000000E+00	-3.000000E+02	0.000000E+00	
83587	0.000000E+00	-3.000000E+02	0.000000E+00	
83588	0.000000E+00	-3.000000E+02	0.000000E+00	
83589	0.000000E+00	-3.000000E+02	0.000000E+00	
83590	0.000000E+00	-3.000000E+02	0.000000E+00	
83591	0.000000E+00	-3.000000E+02	0.000000E+00	
83592	0.000000E+00	-3.000000E+02	0.000000E+00	
91308	0.000000E+00	-3.000000E+02	0.000000E+00	
91312	0.000000E+00	-3.000000E+02	0.000000E+00	
91315	0.000000E+00	-3.000000E+02	0.000000E+00	
91318	0.000000E+00	-3.000000E+02	0.000000E+00	
91321	0.000000E+00	-3.000000E+02	0.000000E+00	
91324	0.000000E+00	-3.000000E+02	0.000000E+00	
91327	0.000000E+00	-3.000000E+02	0.000000E+00	
91330	0.000000E+00	-3.000000E+02	0.000000E+00	
91333	0.000000E+00	-3.000000E+02	0.000000E+00	
91336	0.000000E+00	-3.000000E+02	0.000000E+00	
91599	0.000000E+00	-3.000000E+02	0.000000E+00	
91602	0.000000E+00	-3.000000E+02	0.000000E+00	
91605	0.000000E+00	-3.000000E+02	0.000000E+00	
91608	0.000000E+00	-3.000000E+02	0.000000E+00	
91611	0.000000E+00	-3.000000E+02	0.000000E+00	
99735	0.000000E+00	-3.000000E+02	0.000000E+00	
99736	0.000000E+00	-3.000000E+02	0.000000E+00	
99737	0.000000E+00	-3.000000E+02	0.000000E+00	
99738	0.000000E+00	-3.000000E+02	0.000000E+00	
99739	0.000000E+00	-3.000000E+02	0.000000E+00	
99740	0.000000E+00	-3.000000E+02	0.000000E+00	
99741	0.000000E+00	-3.000000E+02	0.000000E+00	
99742	0.000000E+00	-3.000000E+02	0.000000E+00	
99743	0.000000E+00	-3.000000E+02	0.000000E+00	
99744	0.000000E+00	-3.000000E+02	0.000000E+00	
99745	0.000000E+00	-3.000000E+02	0.000000E+00	
99746	0.000000E+00	-3.000000E+02	0.000000E+00	
99747	0.000000E+00	-3.000000E+02	0.000000E+00	
99748	0.000000E+00	-3.000000E+02	0.000000E+00	
99749	0.000000E+00	-3.000000E+02	0.000000E+00	
99750	0.000000E+00	-3.000000E+02	0.000000E+00	
107466	0.000000E+00	-3.000000E+02	0.000000E+00	
107470	0.000000E+00	-3.000000E+02	0.000000E+00	
107473	0.000000E+00	-3.000000E+02	0.000000E+00	
107476	0.000000E+00	-3.000000E+02	0.000000E+00	
107479	0.000000E+00	-3.000000E+02	0.000000E+00	
107482	0.000000E+00	-3.000000E+02	0.000000E+00	
107485	0.000000E+00	-3.000000E+02	0.000000E+00	
107488	0.000000E+00	-3.000000E+02	0.000000E+00	
107491	0.000000E+00	-3.000000E+02	0.000000E+00	
107494	0.000000E+00	-3.000000E+02	0.000000E+00	
107757	0.000000E+00	-3.000000E+02	0.000000E+00	
107760	0.000000E+00	-3.000000E+02	0.000000E+00	
107763	0.000000E+00	-3.000000E+02	0.000000E+00	
107766	0.000000E+00	-3.000000E+02	0.000000E+00	
107769	0.000000E+00	-3.000000E+02	0.000000E+00	
115893	0.000000E+00	-3.000000E+02	0.000000E+00	
115894	0.000000E+00	-3.000000E+02	0.000000E+00	
115895	0.000000E+00	-3.000000E+02	0.000000E+00	
115896	0.000000E+00	-3.000000E+02	0.000000E+00	
115897	0.000000E+00	-3.000000E+02	0.000000E+00	
115898	0.000000E+00	-3.000000E+02	0.000000E+00	
115899	0.000000E+00	-3.000000E+02	0.000000E+00	
115900	0.000000E+00	-3.000000E+02	0.000000E+00	
115901	0.000000E+00	-3.000000E+02	0.000000E+00	
115902	0.000000E+00	-3.000000E+02	0.000000E+00	
115903	0.000000E+00	-3.000000E+02	0.000000E+00	
115904	0.000000E+00	-3.000000E+02	0.000000E+00	
115905	0.000000E+00	-3.000000E+02	0.000000E+00	
115906	0.000000E+00	-3.000000E+02	0.000000E+00	
115907	0.000000E+00	-3.000000E+02	0.000000E+00	
115908	0.000000E+00	-3.000000E+02	0.000000E+00	
123624	0.000000E+00	-3.000000E+02	0.000000E+00	
123628	0.000000E+00	-3.000000E+02	0.000000E+00	
123631	0.000000E+00	-3.000000E+02	0.000000E+00	
123634	0.000000E+00	-3.000000E+02	0.000000E+00	
123637	0.000000E+00	-3.000000E+02	0.000000E+00	
123640	0.000000E+00	-3.000000E+02	0.000000E+00	
123643	0.000000E+00	-3.000000E+02	0.000000E+00	
123646	0.000000E+00	-3.000000E+02	0.000000E+00	
123649	0.000000E+00	-3.000000E+02	0.000000E+00	
123652	0.000000E+00	-3.000000E+02	0.000000E+00	
123915	0.000000E+00	-3.000000E+02	0.000000E+00	
123918	0.000000E+00	-3.000000E+02	0.000000E+00	
123921	0.000000E+00	-3.000000E+02	0.000000E+00	
123924	0.000000E+00	-3.000000E+02	0.000000E+00	
123927	0.000000E+00	-3.000000E+02	0.000000E+00	
132051	0.000000E+00	-3.000000E+02	0.000000E+00	
132052	0.000000E+00	-3.000000E+02	0.000000E+00	
132053	0.000000E+00	-3.000000E+02	0.000000E+00	
132054	0.000000E+00	-3.000000E+02	0.000000E+00	
132055	0.000000E+00	-3.000000E+02	0.000000E+00	
132056	0.000000E+00	-3.000000E+02	0.000000E+00	
132057	0.000000E+00	-3.000000E+02	0.000000E+00	
132058	0.000000E+00	-3.000000E+02	0.000000E+00	
132059	0.000000E+00	-3.000000E+02	0.000000E+00	
132060	0.000000E+00	-3.000000E+02	0.000000E+00	
132061	0.000000E+00	-3.000000E+02	0.000000E+00	
132062	0.000000E+00	-3.000000E+02	0.000000E+00	
132063	0.000000E+00	-3.000000E+02	0.000000E+00	
132064	0.000000E+00	-3.000000E+02	0.000000E+00	
132065	0.000000E+00	-3.000000E+02	0.000000E+00	
132066	0.000000E+00	-3.000000E+02	0.000000E+00	
139782	0.000000E+00	-3.000000E+02	0.000000E+00	
139786	0.000000E+00	-3.000000E+02	0.000000E+00	
139789	0.000000E+00	-3.000000E+02	0.000000E+00	
139792	0.000000E+00	-3.000000E+02	0.000000E+00	
139795	0.000000E+00	-3.000000E+02	0.000000E+00	
139798	0.000000E+00	-3.000000E+02	0.000000E+00	
139801	0.000000E+00	-3.000000E+02	0.000000E+00	
139804	0.000000E+00	-3.000000E+02	0.000000E+00	
139807	0.000000E+00	-3.000000E+02	0.000000E+00	
139810	0.000000E+00	-3.000000E+02	0.000000E+00	
140073	0.000000E+00	-3.000000E+02	0.000000E+00	
140076	0.000000E+00	-3.000000E+02	0.000000E+00	
140079	0.000000E+00	-3.000000E+02	0.000000E+00	
140082	0.000000E+00	-3.000000E+02	0.000000E+00	
140085	0.000000E+00	-3.000000E+02	0.000000E+00	
148209	0.000000E+00	-3.000000E+02	0.000000E+00	
148210	0.000000E+00	-3.000000E+02	0.000000E+00	
148211	0.000000E+00	-3.000000E+02	0.000000E+00	
148212	0.000000E+00	-3.000000E+02	0.000000E+00	
148213	0.000000E+00	-3.000000E+02	0.000000E+00	
148214	0.000000E+00	-3.000000E+02	0.000000E+00	
148215	0.000000E+00	-3.000000E+02	0.000000E+00	
148216	0.000000E+00	-3.000000E+02	0.000000E+00	
148217	0.000000E+00	-3.000000E+02	0.000000E+00	
148218	0.000000E+00	-3.000000E+02	0.000000E+00	
148219	0.000000E+00	-3.000000E+02	0.000000E+00	
148220	0.000000E+00	-3.000000E+02	0.000000E+00	
148221	0.000000E+00	-3.000000E+02	0.000000E+00	
148222	0.000000E+00	-3.000000E+02	0.000000E+00	
148223	0.000000E+00	-3.000000E+02	0.000000E+00	
148224	0.000000E+00	-3.000000E+02	0.000000E+00	
155940	0.000000E+00	-3.000000E+02	0.000000E+00	
155944	0.000000E+00	-3.000000E+02	0.000000E+00	
155947	0.000000E+00	-3.000000E+02	0.000000E+00	
155950	0.000000E+00	-3.000000E+02	0.000000E+00	
155953	0.000000E+00	-3.000000E+02	0.000000E+00	
155956	0.000000E+00	-3.000000E+02	0.000000E+00	
155959	0.000000E+00	-3.000000E+02	0.000000E+00	
155962	0.000000E+00	-3.000000E+02	0.000000E+00	
155965	0.000000E+00	-3.000000E+02	0.000000E+00	
155968	0.000000E+00	-3.000000E+02	0.000000E+00	
156231	0.000000E+00	-3.000000E+02	0.000000E+00	
156234	0.000000E+00	-3.000000E+02	0.000000E+00	
156237	0.000000E+00	-3.000000E+02	0.000000E+00	
156240	0.000000E+00	-3.000000E+02	0.000000E+00	
156243	0.000000E+00	-3.000000E+02	0.000000E+00	
164367	0.000000E+00	-3.000000E+02	0.000000E+00	
164368	0.000000E+00	-3.000000E+02	0.000000E+00	
164369	0.000000E+00	-3.000000E+02	0.000000E+00	
164370	0.000000E+00	-3.000000E+02	0.000000E+00	
164371	0.000000E+00	-3.000000E+02	0.000000E+00	
164372	0.000000E+00	-3.000000E+02	0.000000E+00	
164373	0.000000E+00	-3.000000E+02	0.000000E+00	
164374	0.000000E+00	-3.000000E+02	0.000000E+00	
164375	0.000000E+00	-3.000000E+02	0.000000E+00	
164376	0.000000E+00	-3.000000E+02	0.000000E+00	
164377	0.000000E+00	-3.000000E+02	0.000000E+00	
164378	0.000000E+00	-3.000000E+02	0.000000E+00	
164379	0.000000E+00	-3.000000E+02	0.000000E+00	
164380	0.000000E+00	-3.000000E+02	0.000000E+00	
164381	0.000000E+00	-3.000000E+02	0.000000E+00	
164382	0.000000E+00	-3.000000E+02	0.000000E+00	
172098	0.000000E+00	-3.000000E+02	0.000000E+00	
172102	0.000000E+00	-3.000000E+02	0.000000E+00	
172105	0.000000E+00	-3.000000E+02	0.000000E+00	
172108	0.000000E+00	-3.000000E+02	0.000000E+00	
172111	0.000000E+00	-3.000000E+02	0.000000E+00	
172114	0.000000E+00	-3.000000E+02	0.000000E+00	
172117	0.000000E+00	-3.000000E+02	0.000000E+00	
172120	0.000000E+00	-3.000000E+02	0.000000E+00	
172123	0.000000E+00	-3.000000E+02	0.000000E+00	
172126	0.000000E+00	-3.000000E+02	0.000000E+00	
172389	0.000000E+00	-3.000000E+02	0.000000E+00	
172392	0.000000E+00	-3.000000E+02	0.000000E+00	
172395	0.000000E+00	-3.000000E+02	0.000000E+00	
172398	0.000000E+00	-3.000000E+02	0.000000E+00	
172401	0.000000E+00	-3.000000E+02	0.000000E+00	
