quadrangle
//Number_of_Node
690
//Number_of_Element
520
//Number_of_Region
3
//Factor
1000.0
11,10,1,2,
12,11,2,3,
13,12,3,4,
14,13,4,5,
15,14,5,6,
16,15,6,7,
17,16,7,8,
18,17,8,9,
20,19,10,11,
21,20,11,12,
22,21,12,13,
23,22,13,14,
24,23,14,15,
25,24,15,16,
26,25,16,17,
27,26,17,18,
29,28,19,20,
30,29,20,21,
31,30,21,22,
32,31,22,23,
33,32,23,24,
34,33,24,25,
35,34,25,26,
36,35,26,27,
38,37,28,29,
39,38,29,30,
40,39,30,31,
41,40,31,32,
42,41,32,33,
43,42,33,34,
44,43,34,35,
45,44,35,36,
47,46,37,38,
48,47,38,39,
49,48,39,40,
50,49,40,41,
51,50,41,42,
52,51,42,43,
53,52,43,44,
54,53,44,45,
56,55,46,47,
57,56,47,48,
58,57,48,49,
59,58,49,50,
60,59,50,51,
61,60,51,52,
62,61,52,53,
63,62,53,54,
65,64,55,56,
66,65,56,57,
67,66,57,58,
68,67,58,59,
69,68,59,60,
70,69,60,61,
71,70,61,62,
72,71,62,63,
74,73,64,65,
75,74,65,66,
76,75,66,67,
77,76,67,68,
78,77,68,69,
79,78,69,70,
80,79,70,71,
81,80,71,72,
151,150,82,83,
152,151,83,84,
153,152,84,85,
154,153,85,86,
155,154,86,87,
156,155,87,88,
157,156,88,89,
158,157,89,90,
159,158,90,91,
160,159,91,92,
161,160,92,93,
162,161,93,94,
163,162,94,95,
164,163,95,96,
165,164,96,97,
166,165,97,98,
167,166,98,99,
168,167,99,100,
169,168,100,101,
170,169,101,102,
171,170,102,103,
172,171,103,104,
173,172,104,105,
174,173,105,106,
175,174,106,107,
176,175,107,108,
177,176,108,109,
178,177,109,110,
179,178,110,111,
180,179,111,112,
181,180,112,113,
182,181,113,114,
183,182,114,115,
37,183,115,28,
184,45,36,116,
185,184,116,117,
186,185,117,118,
187,186,118,119,
188,187,119,120,
189,188,120,121,
190,189,121,122,
191,190,122,123,
192,191,123,124,
193,192,124,125,
194,193,125,126,
195,194,126,127,
196,195,127,128,
197,196,128,129,
198,197,129,130,
199,198,130,131,
200,199,131,132,
201,200,132,133,
202,201,133,134,
203,202,134,135,
204,203,135,136,
205,204,136,137,
206,205,137,138,
207,206,138,139,
208,207,139,140,
209,208,140,141,
210,209,141,142,
211,210,142,143,
212,211,143,144,
213,212,144,145,
214,213,145,146,
215,214,146,147,
216,215,147,148,
217,216,148,149,
219,218,150,151,
220,219,151,152,
221,220,152,153,
222,221,153,154,
223,222,154,155,
224,223,155,156,
225,224,156,157,
226,225,157,158,
227,226,158,159,
228,227,159,160,
229,228,160,161,
230,229,161,162,
231,230,162,163,
232,231,163,164,
233,232,164,165,
234,233,165,166,
235,234,166,167,
236,235,167,168,
237,236,168,169,
238,237,169,170,
239,238,170,171,
240,239,171,172,
241,240,172,173,
242,241,173,174,
243,242,174,175,
244,243,175,176,
245,244,176,177,
246,245,177,178,
247,246,178,179,
248,247,179,180,
249,248,180,181,
250,249,181,182,
251,250,182,183,
46,251,183,37,
252,54,45,184,
253,252,184,185,
254,253,185,186,
255,254,186,187,
256,255,187,188,
257,256,188,189,
258,257,189,190,
259,258,190,191,
260,259,191,192,
261,260,192,193,
262,261,193,194,
263,262,194,195,
264,263,195,196,
265,264,196,197,
266,265,197,198,
267,266,198,199,
268,267,199,200,
269,268,200,201,
270,269,201,202,
271,270,202,203,
272,271,203,204,
273,272,204,205,
274,273,205,206,
275,274,206,207,
276,275,207,208,
277,276,208,209,
278,277,209,210,
279,278,210,211,
280,279,211,212,
281,280,212,213,
282,281,213,214,
283,282,214,215,
284,283,215,216,
285,284,216,217,
368,367,286,287,
369,368,287,288,
370,369,288,289,
371,370,289,290,
372,371,290,291,
373,372,291,292,
374,373,292,293,
375,374,293,294,
376,375,294,295,
377,376,295,296,
378,377,296,297,
379,378,297,298,
380,379,298,299,
381,380,299,300,
382,381,300,301,
383,382,301,302,
384,383,302,303,
385,384,303,304,
386,385,304,305,
387,386,305,306,
388,387,306,307,
389,388,307,308,
390,389,308,309,
391,390,309,310,
392,391,310,311,
393,392,311,312,
394,393,312,313,
395,394,313,314,
396,395,314,315,
397,396,315,316,
398,397,316,317,
399,398,317,318,
400,399,318,319,
401,400,319,320,
402,401,320,321,
403,402,321,322,
404,403,322,323,
405,404,323,324,
406,405,324,325,
407,406,325,326,
408,407,326,327,
409,408,327,328,
410,409,328,329,
411,410,329,330,
412,411,330,331,
413,412,331,332,
414,413,332,333,
415,414,333,334,
416,415,334,335,
417,416,335,336,
418,417,336,337,
419,418,337,338,
420,419,338,339,
421,420,339,340,
422,421,340,341,
423,422,341,342,
424,423,342,343,
425,424,343,344,
426,425,344,345,
427,426,345,346,
428,427,346,347,
429,428,347,348,
430,429,348,349,
431,430,349,350,
432,431,350,351,
433,432,351,352,
434,433,352,353,
435,434,353,354,
436,435,354,355,
437,436,355,356,
438,437,356,357,
439,438,357,358,
440,439,358,359,
441,440,359,360,
442,441,360,361,
443,442,361,362,
444,443,362,363,
445,444,363,364,
446,445,364,365,
447,446,365,366,
449,448,367,368,
450,449,368,369,
451,450,369,370,
452,451,370,371,
453,452,371,372,
454,453,372,373,
455,454,373,374,
456,455,374,375,
457,456,375,376,
458,457,376,377,
459,458,377,378,
460,459,378,379,
461,460,379,380,
462,461,380,381,
463,462,381,382,
464,463,382,383,
465,464,383,384,
466,465,384,385,
467,466,385,386,
468,467,386,387,
469,468,387,388,
470,469,388,389,
471,470,389,390,
472,471,390,391,
473,472,391,392,
474,473,392,393,
475,474,393,394,
476,475,394,395,
477,476,395,396,
478,477,396,397,
479,478,397,398,
480,479,398,399,
481,480,399,400,
482,481,400,401,
483,482,401,402,
484,483,402,403,
485,484,403,404,
486,485,404,405,
487,486,405,406,
488,487,406,407,
489,488,407,408,
490,489,408,409,
491,490,409,410,
492,491,410,411,
493,492,411,412,
494,493,412,413,
495,494,413,414,
496,495,414,415,
497,496,415,416,
498,497,416,417,
499,498,417,418,
500,499,418,419,
501,500,419,420,
502,501,420,421,
503,502,421,422,
504,503,422,423,
505,504,423,424,
506,505,424,425,
507,506,425,426,
508,507,426,427,
509,508,427,428,
510,509,428,429,
511,510,429,430,
512,511,430,431,
513,512,431,432,
514,513,432,433,
515,514,433,434,
516,515,434,435,
517,516,435,436,
518,517,436,437,
519,518,437,438,
520,519,438,439,
521,520,439,440,
522,521,440,441,
523,522,441,442,
524,523,442,443,
525,524,443,444,
526,525,444,445,
527,526,445,446,
528,527,446,447,
530,529,448,449,
531,530,449,450,
532,531,450,451,
533,532,451,452,
534,533,452,453,
535,534,453,454,
536,535,454,455,
537,536,455,456,
538,537,456,457,
539,538,457,458,
540,539,458,459,
541,540,459,460,
542,541,460,461,
543,542,461,462,
544,543,462,463,
545,544,463,464,
546,545,464,465,
547,546,465,466,
548,547,466,467,
549,548,467,468,
550,549,468,469,
551,550,469,470,
552,551,470,471,
553,552,471,472,
554,553,472,473,
555,554,473,474,
556,555,474,475,
557,556,475,476,
558,557,476,477,
559,558,477,478,
560,559,478,479,
561,560,479,480,
562,561,480,481,
563,562,481,482,
564,563,482,483,
565,564,483,484,
566,565,484,485,
567,566,485,486,
568,567,486,487,
569,568,487,488,
570,569,488,489,
571,570,489,490,
572,571,490,491,
573,572,491,492,
574,573,492,493,
575,574,493,494,
576,575,494,495,
577,576,495,496,
578,577,496,497,
579,578,497,498,
580,579,498,499,
581,580,499,500,
582,581,500,501,
583,582,501,502,
584,583,502,503,
585,584,503,504,
586,585,504,505,
587,586,505,506,
588,587,506,507,
589,588,507,508,
590,589,508,509,
591,590,509,510,
592,591,510,511,
593,592,511,512,
594,593,512,513,
595,594,513,514,
596,595,514,515,
597,596,515,516,
598,597,516,517,
599,598,517,518,
600,599,518,519,
601,600,519,520,
602,601,520,521,
603,602,521,522,
604,603,522,523,
605,604,523,524,
606,605,524,525,
607,606,525,526,
608,607,526,527,
609,608,527,528,
611,610,529,530,
612,611,530,531,
613,612,531,532,
614,613,532,533,
615,614,533,534,
616,615,534,535,
617,616,535,536,
618,617,536,537,
619,618,537,538,
620,619,538,539,
621,620,539,540,
622,621,540,541,
623,622,541,542,
624,623,542,543,
625,624,543,544,
626,625,544,545,
627,626,545,546,
628,627,546,547,
629,628,547,548,
630,629,548,549,
631,630,549,550,
632,631,550,551,
633,632,551,552,
634,633,552,553,
635,634,553,554,
636,635,554,555,
637,636,555,556,
638,637,556,557,
639,638,557,558,
640,639,558,559,
641,640,559,560,
642,641,560,561,
643,642,561,562,
644,643,562,563,
645,644,563,564,
646,645,564,565,
647,646,565,566,
648,647,566,567,
649,648,567,568,
650,649,568,569,
651,650,569,570,
652,651,570,571,
653,652,571,572,
654,653,572,573,
655,654,573,574,
656,655,574,575,
657,656,575,576,
658,657,576,577,
659,658,577,578,
660,659,578,579,
661,660,579,580,
662,661,580,581,
663,662,581,582,
664,663,582,583,
665,664,583,584,
666,665,584,585,
667,666,585,586,
668,667,586,587,
669,668,587,588,
670,669,588,589,
671,670,589,590,
672,671,590,591,
673,672,591,592,
674,673,592,593,
675,674,593,594,
676,675,594,595,
677,676,595,596,
678,677,596,597,
679,678,597,598,
680,679,598,599,
681,680,599,600,
682,681,600,601,
683,682,601,602,
684,683,602,603,
685,684,603,604,
686,685,604,605,
687,686,605,606,
688,687,606,607,
689,688,607,608,
690,689,608,609,
-30.00000 ,20.00000 ,
-22.50000 ,20.00000 ,
-15.00000 ,20.00000 ,
-7.50000 ,20.00000 ,
0.00000 ,20.00000 ,
7.50000 ,20.00000 ,
15.00000 ,20.00000 ,
22.50000 ,20.00000 ,
30.00000 ,20.00000 ,
-30.00000 ,25.00000 ,
-22.50000 ,25.00000 ,
-15.00000 ,25.00000 ,
-7.50000 ,25.00000 ,
0.00000 ,25.00000 ,
7.50000 ,25.00000 ,
15.00000 ,25.00000 ,
22.50000 ,25.00000 ,
30.00000 ,25.00000 ,
-30.00000 ,30.00000 ,
-22.50000 ,30.00000 ,
-15.00000 ,30.00000 ,
-7.50000 ,30.00000 ,
0.00000 ,30.00000 ,
7.50000 ,30.00000 ,
15.00000 ,30.00000 ,
22.50000 ,30.00000 ,
30.00000 ,30.00000 ,
-30.00000 ,35.00000 ,
-22.50000 ,35.00000 ,
-15.00000 ,35.00000 ,
-7.50000 ,35.00000 ,
0.00000 ,35.00000 ,
7.50000 ,35.00000 ,
15.00000 ,35.00000 ,
22.50000 ,35.00000 ,
30.00000 ,35.00000 ,
-30.00000 ,40.00000 ,
-22.50000 ,40.00000 ,
-15.00000 ,40.00000 ,
-7.50000 ,40.00000 ,
0.00000 ,40.00000 ,
7.50000 ,40.00000 ,
15.00000 ,40.00000 ,
22.50000 ,40.00000 ,
30.00000 ,40.00000 ,
-30.00000 ,45.00000 ,
-22.50000 ,45.00000 ,
-15.00000 ,45.00000 ,
-7.50000 ,45.00000 ,
0.00000 ,45.00000 ,
7.50000 ,45.00000 ,
15.00000 ,45.00000 ,
22.50000 ,45.00000 ,
30.00000 ,45.00000 ,
-30.00000 ,50.00000 ,
-22.50000 ,50.00000 ,
-15.00000 ,50.00000 ,
-7.50000 ,50.00000 ,
0.00000 ,50.00000 ,
7.50000 ,50.00000 ,
15.00000 ,50.00000 ,
22.50000 ,50.00000 ,
30.00000 ,50.00000 ,
-30.00000 ,55.00000 ,
-22.50000 ,55.00000 ,
-15.00000 ,55.00000 ,
-7.50000 ,55.00000 ,
0.00000 ,55.00000 ,
7.50000 ,55.00000 ,
15.00000 ,55.00000 ,
22.50000 ,55.00000 ,
30.00000 ,55.00000 ,
-30.00000 ,60.00000 ,
-22.50000 ,60.00000 ,
-15.00000 ,60.00000 ,
-7.50000 ,60.00000 ,
0.00000 ,60.00000 ,
7.50000 ,60.00000 ,
15.00000 ,60.00000 ,
22.50000 ,60.00000 ,
30.00000 ,60.00000 ,
-200.00000 ,35.00000 ,
-195.00000 ,35.00000 ,
-190.00000 ,35.00000 ,
-185.00000 ,35.00000 ,
-180.00000 ,35.00000 ,
-175.00000 ,35.00000 ,
-170.00000 ,35.00000 ,
-165.00000 ,35.00000 ,
-160.00000 ,35.00000 ,
-155.00000 ,35.00000 ,
-150.00000 ,35.00000 ,
-145.00000 ,35.00000 ,
-140.00000 ,35.00000 ,
-135.00000 ,35.00000 ,
-130.00000 ,35.00000 ,
-125.00000 ,35.00000 ,
-120.00000 ,35.00000 ,
-115.00000 ,35.00000 ,
-110.00000 ,35.00000 ,
-105.00000 ,35.00000 ,
-100.00000 ,35.00000 ,
-95.00000 ,35.00000 ,
-90.00000 ,35.00000 ,
-85.00000 ,35.00000 ,
-80.00000 ,35.00000 ,
-75.00000 ,35.00000 ,
-70.00000 ,35.00000 ,
-65.00000 ,35.00000 ,
-60.00000 ,35.00000 ,
-55.00000 ,35.00000 ,
-50.00000 ,35.00000 ,
-45.00000 ,35.00000 ,
-40.00000 ,35.00000 ,
-35.00000 ,35.00000 ,
35.00000 ,35.00000 ,
40.00000 ,35.00000 ,
45.00000 ,35.00000 ,
50.00000 ,35.00000 ,
55.00000 ,35.00000 ,
60.00000 ,35.00000 ,
65.00000 ,35.00000 ,
70.00000 ,35.00000 ,
75.00000 ,35.00000 ,
80.00000 ,35.00000 ,
85.00000 ,35.00000 ,
90.00000 ,35.00000 ,
95.00000 ,35.00000 ,
100.00000 ,35.00000 ,
105.00000 ,35.00000 ,
110.00000 ,35.00000 ,
115.00000 ,35.00000 ,
120.00000 ,35.00000 ,
125.00000 ,35.00000 ,
130.00000 ,35.00000 ,
135.00000 ,35.00000 ,
140.00000 ,35.00000 ,
145.00000 ,35.00000 ,
150.00000 ,35.00000 ,
155.00000 ,35.00000 ,
160.00000 ,35.00000 ,
165.00000 ,35.00000 ,
170.00000 ,35.00000 ,
175.00000 ,35.00000 ,
180.00000 ,35.00000 ,
185.00000 ,35.00000 ,
190.00000 ,35.00000 ,
195.00000 ,35.00000 ,
200.00000 ,35.00000 ,
-200.00000 ,40.00000 ,
-195.00000 ,40.00000 ,
-190.00000 ,40.00000 ,
-185.00000 ,40.00000 ,
-180.00000 ,40.00000 ,
-175.00000 ,40.00000 ,
-170.00000 ,40.00000 ,
-165.00000 ,40.00000 ,
-160.00000 ,40.00000 ,
-155.00000 ,40.00000 ,
-150.00000 ,40.00000 ,
-145.00000 ,40.00000 ,
-140.00000 ,40.00000 ,
-135.00000 ,40.00000 ,
-130.00000 ,40.00000 ,
-125.00000 ,40.00000 ,
-120.00000 ,40.00000 ,
-115.00000 ,40.00000 ,
-110.00000 ,40.00000 ,
-105.00000 ,40.00000 ,
-100.00000 ,40.00000 ,
-95.00000 ,40.00000 ,
-90.00000 ,40.00000 ,
-85.00000 ,40.00000 ,
-80.00000 ,40.00000 ,
-75.00000 ,40.00000 ,
-70.00000 ,40.00000 ,
-65.00000 ,40.00000 ,
-60.00000 ,40.00000 ,
-55.00000 ,40.00000 ,
-50.00000 ,40.00000 ,
-45.00000 ,40.00000 ,
-40.00000 ,40.00000 ,
-35.00000 ,40.00000 ,
35.00000 ,40.00000 ,
40.00000 ,40.00000 ,
45.00000 ,40.00000 ,
50.00000 ,40.00000 ,
55.00000 ,40.00000 ,
60.00000 ,40.00000 ,
65.00000 ,40.00000 ,
70.00000 ,40.00000 ,
75.00000 ,40.00000 ,
80.00000 ,40.00000 ,
85.00000 ,40.00000 ,
90.00000 ,40.00000 ,
95.00000 ,40.00000 ,
100.00000 ,40.00000 ,
105.00000 ,40.00000 ,
110.00000 ,40.00000 ,
115.00000 ,40.00000 ,
120.00000 ,40.00000 ,
125.00000 ,40.00000 ,
130.00000 ,40.00000 ,
135.00000 ,40.00000 ,
140.00000 ,40.00000 ,
145.00000 ,40.00000 ,
150.00000 ,40.00000 ,
155.00000 ,40.00000 ,
160.00000 ,40.00000 ,
165.00000 ,40.00000 ,
170.00000 ,40.00000 ,
175.00000 ,40.00000 ,
180.00000 ,40.00000 ,
185.00000 ,40.00000 ,
190.00000 ,40.00000 ,
195.00000 ,40.00000 ,
200.00000 ,40.00000 ,
-200.00000 ,45.00000 ,
-195.00000 ,45.00000 ,
-190.00000 ,45.00000 ,
-185.00000 ,45.00000 ,
-180.00000 ,45.00000 ,
-175.00000 ,45.00000 ,
-170.00000 ,45.00000 ,
-165.00000 ,45.00000 ,
-160.00000 ,45.00000 ,
-155.00000 ,45.00000 ,
-150.00000 ,45.00000 ,
-145.00000 ,45.00000 ,
-140.00000 ,45.00000 ,
-135.00000 ,45.00000 ,
-130.00000 ,45.00000 ,
-125.00000 ,45.00000 ,
-120.00000 ,45.00000 ,
-115.00000 ,45.00000 ,
-110.00000 ,45.00000 ,
-105.00000 ,45.00000 ,
-100.00000 ,45.00000 ,
-95.00000 ,45.00000 ,
-90.00000 ,45.00000 ,
-85.00000 ,45.00000 ,
-80.00000 ,45.00000 ,
-75.00000 ,45.00000 ,
-70.00000 ,45.00000 ,
-65.00000 ,45.00000 ,
-60.00000 ,45.00000 ,
-55.00000 ,45.00000 ,
-50.00000 ,45.00000 ,
-45.00000 ,45.00000 ,
-40.00000 ,45.00000 ,
-35.00000 ,45.00000 ,
35.00000 ,45.00000 ,
40.00000 ,45.00000 ,
45.00000 ,45.00000 ,
50.00000 ,45.00000 ,
55.00000 ,45.00000 ,
60.00000 ,45.00000 ,
65.00000 ,45.00000 ,
70.00000 ,45.00000 ,
75.00000 ,45.00000 ,
80.00000 ,45.00000 ,
85.00000 ,45.00000 ,
90.00000 ,45.00000 ,
95.00000 ,45.00000 ,
100.00000 ,45.00000 ,
105.00000 ,45.00000 ,
110.00000 ,45.00000 ,
115.00000 ,45.00000 ,
120.00000 ,45.00000 ,
125.00000 ,45.00000 ,
130.00000 ,45.00000 ,
135.00000 ,45.00000 ,
140.00000 ,45.00000 ,
145.00000 ,45.00000 ,
150.00000 ,45.00000 ,
155.00000 ,45.00000 ,
160.00000 ,45.00000 ,
165.00000 ,45.00000 ,
170.00000 ,45.00000 ,
175.00000 ,45.00000 ,
180.00000 ,45.00000 ,
185.00000 ,45.00000 ,
190.00000 ,45.00000 ,
195.00000 ,45.00000 ,
200.00000 ,45.00000 ,
-200.00000 ,0.00000 ,
-195.00000 ,0.00000 ,
-190.00000 ,0.00000 ,
-185.00000 ,0.00000 ,
-180.00000 ,0.00000 ,
-175.00000 ,0.00000 ,
-170.00000 ,0.00000 ,
-165.00000 ,0.00000 ,
-160.00000 ,0.00000 ,
-155.00000 ,0.00000 ,
-150.00000 ,0.00000 ,
-145.00000 ,0.00000 ,
-140.00000 ,0.00000 ,
-135.00000 ,0.00000 ,
-130.00000 ,0.00000 ,
-125.00000 ,0.00000 ,
-120.00000 ,0.00000 ,
-115.00000 ,0.00000 ,
-110.00000 ,0.00000 ,
-105.00000 ,0.00000 ,
-100.00000 ,0.00000 ,
-95.00000 ,0.00000 ,
-90.00000 ,0.00000 ,
-85.00000 ,0.00000 ,
-80.00000 ,0.00000 ,
-75.00000 ,0.00000 ,
-70.00000 ,0.00000 ,
-65.00000 ,0.00000 ,
-60.00000 ,0.00000 ,
-55.00000 ,0.00000 ,
-50.00000 ,0.00000 ,
-45.00000 ,0.00000 ,
-40.00000 ,0.00000 ,
-35.00000 ,0.00000 ,
-30.00000 ,0.00000 ,
-25.00000 ,0.00000 ,
-20.00000 ,0.00000 ,
-15.00000 ,0.00000 ,
-10.00000 ,0.00000 ,
-5.00000 ,0.00000 ,
0.00000 ,0.00000 ,
5.00000 ,0.00000 ,
10.00000 ,0.00000 ,
15.00000 ,0.00000 ,
20.00000 ,0.00000 ,
25.00000 ,0.00000 ,
30.00000 ,0.00000 ,
35.00000 ,0.00000 ,
40.00000 ,0.00000 ,
45.00000 ,0.00000 ,
50.00000 ,0.00000 ,
55.00000 ,0.00000 ,
60.00000 ,0.00000 ,
65.00000 ,0.00000 ,
70.00000 ,0.00000 ,
75.00000 ,0.00000 ,
80.00000 ,0.00000 ,
85.00000 ,0.00000 ,
90.00000 ,0.00000 ,
95.00000 ,0.00000 ,
100.00000 ,0.00000 ,
105.00000 ,0.00000 ,
110.00000 ,0.00000 ,
115.00000 ,0.00000 ,
120.00000 ,0.00000 ,
125.00000 ,0.00000 ,
130.00000 ,0.00000 ,
135.00000 ,0.00000 ,
140.00000 ,0.00000 ,
145.00000 ,0.00000 ,
150.00000 ,0.00000 ,
155.00000 ,0.00000 ,
160.00000 ,0.00000 ,
165.00000 ,0.00000 ,
170.00000 ,0.00000 ,
175.00000 ,0.00000 ,
180.00000 ,0.00000 ,
185.00000 ,0.00000 ,
190.00000 ,0.00000 ,
195.00000 ,0.00000 ,
200.00000 ,0.00000 ,
-200.00000 ,5.00000 ,
-195.00000 ,5.00000 ,
-190.00000 ,5.00000 ,
-185.00000 ,5.00000 ,
-180.00000 ,5.00000 ,
-175.00000 ,5.00000 ,
-170.00000 ,5.00000 ,
-165.00000 ,5.00000 ,
-160.00000 ,5.00000 ,
-155.00000 ,5.00000 ,
-150.00000 ,5.00000 ,
-145.00000 ,5.00000 ,
-140.00000 ,5.00000 ,
-135.00000 ,5.00000 ,
-130.00000 ,5.00000 ,
-125.00000 ,5.00000 ,
-120.00000 ,5.00000 ,
-115.00000 ,5.00000 ,
-110.00000 ,5.00000 ,
-105.00000 ,5.00000 ,
-100.00000 ,5.00000 ,
-95.00000 ,5.00000 ,
-90.00000 ,5.00000 ,
-85.00000 ,5.00000 ,
-80.00000 ,5.00000 ,
-75.00000 ,5.00000 ,
-70.00000 ,5.00000 ,
-65.00000 ,5.00000 ,
-60.00000 ,5.00000 ,
-55.00000 ,5.00000 ,
-50.00000 ,5.00000 ,
-45.00000 ,5.00000 ,
-40.00000 ,5.00000 ,
-35.00000 ,5.00000 ,
-30.00000 ,5.00000 ,
-25.00000 ,5.00000 ,
-20.00000 ,5.00000 ,
-15.00000 ,5.00000 ,
-10.00000 ,5.00000 ,
-5.00000 ,5.00000 ,
0.00000 ,5.00000 ,
5.00000 ,5.00000 ,
10.00000 ,5.00000 ,
15.00000 ,5.00000 ,
20.00000 ,5.00000 ,
25.00000 ,5.00000 ,
30.00000 ,5.00000 ,
35.00000 ,5.00000 ,
40.00000 ,5.00000 ,
45.00000 ,5.00000 ,
50.00000 ,5.00000 ,
55.00000 ,5.00000 ,
60.00000 ,5.00000 ,
65.00000 ,5.00000 ,
70.00000 ,5.00000 ,
75.00000 ,5.00000 ,
80.00000 ,5.00000 ,
85.00000 ,5.00000 ,
90.00000 ,5.00000 ,
95.00000 ,5.00000 ,
100.00000 ,5.00000 ,
105.00000 ,5.00000 ,
110.00000 ,5.00000 ,
115.00000 ,5.00000 ,
120.00000 ,5.00000 ,
125.00000 ,5.00000 ,
130.00000 ,5.00000 ,
135.00000 ,5.00000 ,
140.00000 ,5.00000 ,
145.00000 ,5.00000 ,
150.00000 ,5.00000 ,
155.00000 ,5.00000 ,
160.00000 ,5.00000 ,
165.00000 ,5.00000 ,
170.00000 ,5.00000 ,
175.00000 ,5.00000 ,
180.00000 ,5.00000 ,
185.00000 ,5.00000 ,
190.00000 ,5.00000 ,
195.00000 ,5.00000 ,
200.00000 ,5.00000 ,
-200.00000 ,10.00000 ,
-195.00000 ,10.00000 ,
-190.00000 ,10.00000 ,
-185.00000 ,10.00000 ,
-180.00000 ,10.00000 ,
-175.00000 ,10.00000 ,
-170.00000 ,10.00000 ,
-165.00000 ,10.00000 ,
-160.00000 ,10.00000 ,
-155.00000 ,10.00000 ,
-150.00000 ,10.00000 ,
-145.00000 ,10.00000 ,
-140.00000 ,10.00000 ,
-135.00000 ,10.00000 ,
-130.00000 ,10.00000 ,
-125.00000 ,10.00000 ,
-120.00000 ,10.00000 ,
-115.00000 ,10.00000 ,
-110.00000 ,10.00000 ,
-105.00000 ,10.00000 ,
-100.00000 ,10.00000 ,
-95.00000 ,10.00000 ,
-90.00000 ,10.00000 ,
-85.00000 ,10.00000 ,
-80.00000 ,10.00000 ,
-75.00000 ,10.00000 ,
-70.00000 ,10.00000 ,
-65.00000 ,10.00000 ,
-60.00000 ,10.00000 ,
-55.00000 ,10.00000 ,
-50.00000 ,10.00000 ,
-45.00000 ,10.00000 ,
-40.00000 ,10.00000 ,
-35.00000 ,10.00000 ,
-30.00000 ,10.00000 ,
-25.00000 ,10.00000 ,
-20.00000 ,10.00000 ,
-15.00000 ,10.00000 ,
-10.00000 ,10.00000 ,
-5.00000 ,10.00000 ,
0.00000 ,10.00000 ,
5.00000 ,10.00000 ,
10.00000 ,10.00000 ,
15.00000 ,10.00000 ,
20.00000 ,10.00000 ,
25.00000 ,10.00000 ,
30.00000 ,10.00000 ,
35.00000 ,10.00000 ,
40.00000 ,10.00000 ,
45.00000 ,10.00000 ,
50.00000 ,10.00000 ,
55.00000 ,10.00000 ,
60.00000 ,10.00000 ,
65.00000 ,10.00000 ,
70.00000 ,10.00000 ,
75.00000 ,10.00000 ,
80.00000 ,10.00000 ,
85.00000 ,10.00000 ,
90.00000 ,10.00000 ,
95.00000 ,10.00000 ,
100.00000 ,10.00000 ,
105.00000 ,10.00000 ,
110.00000 ,10.00000 ,
115.00000 ,10.00000 ,
120.00000 ,10.00000 ,
125.00000 ,10.00000 ,
130.00000 ,10.00000 ,
135.00000 ,10.00000 ,
140.00000 ,10.00000 ,
145.00000 ,10.00000 ,
150.00000 ,10.00000 ,
155.00000 ,10.00000 ,
160.00000 ,10.00000 ,
165.00000 ,10.00000 ,
170.00000 ,10.00000 ,
175.00000 ,10.00000 ,
180.00000 ,10.00000 ,
185.00000 ,10.00000 ,
190.00000 ,10.00000 ,
195.00000 ,10.00000 ,
200.00000 ,10.00000 ,
-200.00000 ,15.00000 ,
-195.00000 ,15.00000 ,
-190.00000 ,15.00000 ,
-185.00000 ,15.00000 ,
-180.00000 ,15.00000 ,
-175.00000 ,15.00000 ,
-170.00000 ,15.00000 ,
-165.00000 ,15.00000 ,
-160.00000 ,15.00000 ,
-155.00000 ,15.00000 ,
-150.00000 ,15.00000 ,
-145.00000 ,15.00000 ,
-140.00000 ,15.00000 ,
-135.00000 ,15.00000 ,
-130.00000 ,15.00000 ,
-125.00000 ,15.00000 ,
-120.00000 ,15.00000 ,
-115.00000 ,15.00000 ,
-110.00000 ,15.00000 ,
-105.00000 ,15.00000 ,
-100.00000 ,15.00000 ,
-95.00000 ,15.00000 ,
-90.00000 ,15.00000 ,
-85.00000 ,15.00000 ,
-80.00000 ,15.00000 ,
-75.00000 ,15.00000 ,
-70.00000 ,15.00000 ,
-65.00000 ,15.00000 ,
-60.00000 ,15.00000 ,
-55.00000 ,15.00000 ,
-50.00000 ,15.00000 ,
-45.00000 ,15.00000 ,
-40.00000 ,15.00000 ,
-35.00000 ,15.00000 ,
-30.00000 ,15.00000 ,
-25.00000 ,15.00000 ,
-20.00000 ,15.00000 ,
-15.00000 ,15.00000 ,
-10.00000 ,15.00000 ,
-5.00000 ,15.00000 ,
0.00000 ,15.00000 ,
5.00000 ,15.00000 ,
10.00000 ,15.00000 ,
15.00000 ,15.00000 ,
20.00000 ,15.00000 ,
25.00000 ,15.00000 ,
30.00000 ,15.00000 ,
35.00000 ,15.00000 ,
40.00000 ,15.00000 ,
45.00000 ,15.00000 ,
50.00000 ,15.00000 ,
55.00000 ,15.00000 ,
60.00000 ,15.00000 ,
65.00000 ,15.00000 ,
70.00000 ,15.00000 ,
75.00000 ,15.00000 ,
80.00000 ,15.00000 ,
85.00000 ,15.00000 ,
90.00000 ,15.00000 ,
95.00000 ,15.00000 ,
100.00000 ,15.00000 ,
105.00000 ,15.00000 ,
110.00000 ,15.00000 ,
115.00000 ,15.00000 ,
120.00000 ,15.00000 ,
125.00000 ,15.00000 ,
130.00000 ,15.00000 ,
135.00000 ,15.00000 ,
140.00000 ,15.00000 ,
145.00000 ,15.00000 ,
150.00000 ,15.00000 ,
155.00000 ,15.00000 ,
160.00000 ,15.00000 ,
165.00000 ,15.00000 ,
170.00000 ,15.00000 ,
175.00000 ,15.00000 ,
180.00000 ,15.00000 ,
185.00000 ,15.00000 ,
190.00000 ,15.00000 ,
195.00000 ,15.00000 ,
200.00000 ,15.00000 ,
-200.00000 ,20.00000 ,
-195.00000 ,20.00000 ,
-190.00000 ,20.00000 ,
-185.00000 ,20.00000 ,
-180.00000 ,20.00000 ,
-175.00000 ,20.00000 ,
-170.00000 ,20.00000 ,
-165.00000 ,20.00000 ,
-160.00000 ,20.00000 ,
-155.00000 ,20.00000 ,
-150.00000 ,20.00000 ,
-145.00000 ,20.00000 ,
-140.00000 ,20.00000 ,
-135.00000 ,20.00000 ,
-130.00000 ,20.00000 ,
-125.00000 ,20.00000 ,
-120.00000 ,20.00000 ,
-115.00000 ,20.00000 ,
-110.00000 ,20.00000 ,
-105.00000 ,20.00000 ,
-100.00000 ,20.00000 ,
-95.00000 ,20.00000 ,
-90.00000 ,20.00000 ,
-85.00000 ,20.00000 ,
-80.00000 ,20.00000 ,
-75.00000 ,20.00000 ,
-70.00000 ,20.00000 ,
-65.00000 ,20.00000 ,
-60.00000 ,20.00000 ,
-55.00000 ,20.00000 ,
-50.00000 ,20.00000 ,
-45.00000 ,20.00000 ,
-40.00000 ,20.00000 ,
-35.00000 ,20.00000 ,
-30.00000 ,20.00000 ,
-25.00000 ,20.00000 ,
-20.00000 ,20.00000 ,
-15.00000 ,20.00000 ,
-10.00000 ,20.00000 ,
-5.00000 ,20.00000 ,
0.00000 ,20.00000 ,
5.00000 ,20.00000 ,
10.00000 ,20.00000 ,
15.00000 ,20.00000 ,
20.00000 ,20.00000 ,
25.00000 ,20.00000 ,
30.00000 ,20.00000 ,
35.00000 ,20.00000 ,
40.00000 ,20.00000 ,
45.00000 ,20.00000 ,
50.00000 ,20.00000 ,
55.00000 ,20.00000 ,
60.00000 ,20.00000 ,
65.00000 ,20.00000 ,
70.00000 ,20.00000 ,
75.00000 ,20.00000 ,
80.00000 ,20.00000 ,
85.00000 ,20.00000 ,
90.00000 ,20.00000 ,
95.00000 ,20.00000 ,
100.00000 ,20.00000 ,
105.00000 ,20.00000 ,
110.00000 ,20.00000 ,
115.00000 ,20.00000 ,
120.00000 ,20.00000 ,
125.00000 ,20.00000 ,
130.00000 ,20.00000 ,
135.00000 ,20.00000 ,
140.00000 ,20.00000 ,
145.00000 ,20.00000 ,
150.00000 ,20.00000 ,
155.00000 ,20.00000 ,
160.00000 ,20.00000 ,
165.00000 ,20.00000 ,
170.00000 ,20.00000 ,
175.00000 ,20.00000 ,
180.00000 ,20.00000 ,
185.00000 ,20.00000 ,
190.00000 ,20.00000 ,
195.00000 ,20.00000 ,
200.00000 ,20.00000 ,
1,64,block2
65,200,xxx
201,520,block1
