hexahedron
//Number_of_Node
2299
//Number_of_Element
144
//Number_of_Region
1
//Factor
1000.0
1223,1222,1211,1212,1102,1101,1090,1091,
1224,1223,1212,1213,1103,1102,1091,1092,
1225,1224,1213,1214,1104,1103,1092,1093,
1226,1225,1214,1215,1105,1104,1093,1094,
1234,1233,1222,1223,1113,1112,1101,1102,
1235,1234,1223,1224,1114,1113,1102,1103,
1236,1235,1224,1225,1115,1114,1103,1104,
1237,1236,1225,1226,1116,1115,1104,1105,
1245,1244,1233,1234,1124,1123,1112,1113,
1246,1245,1234,1235,1125,1124,1113,1114,
1247,1246,1235,1236,1126,1125,1114,1115,
1248,1247,1236,1237,1127,1126,1115,1116,
1256,1255,1244,1245,1135,1134,1123,1124,
1257,1256,1245,1246,1136,1135,1124,1125,
1258,1257,1246,1247,1137,1136,1125,1126,
1259,1258,1247,1248,1138,1137,1126,1127,
1344,1343,1332,1333,1223,1222,1211,1212,
1345,1344,1333,1334,1224,1223,1212,1213,
1346,1345,1334,1335,1225,1224,1213,1214,
1347,1346,1335,1336,1226,1225,1214,1215,
1355,1354,1343,1344,1234,1233,1222,1223,
1356,1355,1344,1345,1235,1234,1223,1224,
1357,1356,1345,1346,1236,1235,1224,1225,
1358,1357,1346,1347,1237,1236,1225,1226,
1366,1365,1354,1355,1245,1244,1233,1234,
1367,1366,1355,1356,1246,1245,1234,1235,
1368,1367,1356,1357,1247,1246,1235,1236,
1369,1368,1357,1358,1248,1247,1236,1237,
1377,1376,1365,1366,1256,1255,1244,1245,
1378,1377,1366,1367,1257,1256,1245,1246,
1379,1378,1367,1368,1258,1257,1246,1247,
1380,1379,1368,1369,1259,1258,1247,1248,
1465,1464,1453,1454,1344,1343,1332,1333,
1466,1465,1454,1455,1345,1344,1333,1334,
1467,1466,1455,1456,1346,1345,1334,1335,
1468,1467,1456,1457,1347,1346,1335,1336,
1476,1475,1464,1465,1355,1354,1343,1344,
1477,1476,1465,1466,1356,1355,1344,1345,
1478,1477,1466,1467,1357,1356,1345,1346,
1479,1478,1467,1468,1358,1357,1346,1347,
1487,1486,1475,1476,1366,1365,1354,1355,
1488,1487,1476,1477,1367,1366,1355,1356,
1489,1488,1477,1478,1368,1367,1356,1357,
1490,1489,1478,1479,1369,1368,1357,1358,
1498,1497,1486,1487,1377,1376,1365,1366,
1499,1498,1487,1488,1378,1377,1366,1367,
1500,1499,1488,1489,1379,1378,1367,1368,
1501,1500,1489,1490,1380,1379,1368,1369,
1586,1585,1574,1575,1465,1464,1453,1454,
1587,1586,1575,1576,1466,1465,1454,1455,
1588,1587,1576,1577,1467,1466,1455,1456,
1589,1588,1577,1578,1468,1467,1456,1457,
1597,1596,1585,1586,1476,1475,1464,1465,
1598,1597,1586,1587,1477,1476,1465,1466,
1599,1598,1587,1588,1478,1477,1466,1467,
1600,1599,1588,1589,1479,1478,1467,1468,
1608,1607,1596,1597,1487,1486,1475,1476,
1609,1608,1597,1598,1488,1487,1476,1477,
1610,1609,1598,1599,1489,1488,1477,1478,
1611,1610,1599,1600,1490,1489,1478,1479,
1619,1618,1607,1608,1498,1497,1486,1487,
1620,1619,1608,1609,1499,1498,1487,1488,
1621,1620,1609,1610,1500,1499,1488,1489,
1622,1621,1610,1611,1501,1500,1489,1490,
1707,1706,1695,1696,1586,1585,1574,1575,
1708,1707,1696,1697,1587,1586,1575,1576,
1709,1708,1697,1698,1588,1587,1576,1577,
1710,1709,1698,1699,1589,1588,1577,1578,
1718,1717,1706,1707,1597,1596,1585,1586,
1719,1718,1707,1708,1598,1597,1586,1587,
1720,1719,1708,1709,1599,1598,1587,1588,
1721,1720,1709,1710,1600,1599,1588,1589,
1729,1728,1717,1718,1608,1607,1596,1597,
1730,1729,1718,1719,1609,1608,1597,1598,
1731,1730,1719,1720,1610,1609,1598,1599,
1732,1731,1720,1721,1611,1610,1599,1600,
1740,1739,1728,1729,1619,1618,1607,1608,
1741,1740,1729,1730,1620,1619,1608,1609,
1742,1741,1730,1731,1621,1620,1609,1610,
1743,1742,1731,1732,1622,1621,1610,1611,
1828,1827,1816,1817,1707,1706,1695,1696,
1829,1828,1817,1818,1708,1707,1696,1697,
1830,1829,1818,1819,1709,1708,1697,1698,
1831,1830,1819,1820,1710,1709,1698,1699,
1839,1838,1827,1828,1718,1717,1706,1707,
1840,1839,1828,1829,1719,1718,1707,1708,
1841,1840,1829,1830,1720,1719,1708,1709,
1842,1841,1830,1831,1721,1720,1709,1710,
1850,1849,1838,1839,1729,1728,1717,1718,
1851,1850,1839,1840,1730,1729,1718,1719,
1852,1851,1840,1841,1731,1730,1719,1720,
1853,1852,1841,1842,1732,1731,1720,1721,
1861,1860,1849,1850,1740,1739,1728,1729,
1862,1861,1850,1851,1741,1740,1729,1730,
1863,1862,1851,1852,1742,1741,1730,1731,
1864,1863,1852,1853,1743,1742,1731,1732,
1949,1948,1937,1938,1828,1827,1816,1817,
1950,1949,1938,1939,1829,1828,1817,1818,
1951,1950,1939,1940,1830,1829,1818,1819,
1952,1951,1940,1941,1831,1830,1819,1820,
1960,1959,1948,1949,1839,1838,1827,1828,
1961,1960,1949,1950,1840,1839,1828,1829,
1962,1961,1950,1951,1841,1840,1829,1830,
1963,1962,1951,1952,1842,1841,1830,1831,
1971,1970,1959,1960,1850,1849,1838,1839,
1972,1971,1960,1961,1851,1850,1839,1840,
1973,1972,1961,1962,1852,1851,1840,1841,
1974,1973,1962,1963,1853,1852,1841,1842,
1982,1981,1970,1971,1861,1860,1849,1850,
1983,1982,1971,1972,1862,1861,1850,1851,
1984,1983,1972,1973,1863,1862,1851,1852,
1985,1984,1973,1974,1864,1863,1852,1853,
2070,2069,2058,2059,1949,1948,1937,1938,
2071,2070,2059,2060,1950,1949,1938,1939,
2072,2071,2060,2061,1951,1950,1939,1940,
2073,2072,2061,2062,1952,1951,1940,1941,
2081,2080,2069,2070,1960,1959,1948,1949,
2082,2081,2070,2071,1961,1960,1949,1950,
2083,2082,2071,2072,1962,1961,1950,1951,
2084,2083,2072,2073,1963,1962,1951,1952,
2092,2091,2080,2081,1971,1970,1959,1960,
2093,2092,2081,2082,1972,1971,1960,1961,
2094,2093,2082,2083,1973,1972,1961,1962,
2095,2094,2083,2084,1974,1973,1962,1963,
2103,2102,2091,2092,1982,1981,1970,1971,
2104,2103,2092,2093,1983,1982,1971,1972,
2105,2104,2093,2094,1984,1983,1972,1973,
2106,2105,2094,2095,1985,1984,1973,1974,
2191,2190,2179,2180,2070,2069,2058,2059,
2192,2191,2180,2181,2071,2070,2059,2060,
2193,2192,2181,2182,2072,2071,2060,2061,
2194,2193,2182,2183,2073,2072,2061,2062,
2202,2201,2190,2191,2081,2080,2069,2070,
2203,2202,2191,2192,2082,2081,2070,2071,
2204,2203,2192,2193,2083,2082,2071,2072,
2205,2204,2193,2194,2084,2083,2072,2073,
2213,2212,2201,2202,2092,2091,2080,2081,
2214,2213,2202,2203,2093,2092,2081,2082,
2215,2214,2203,2204,2094,2093,2082,2083,
2216,2215,2204,2205,2095,2094,2083,2084,
2224,2223,2212,2213,2103,2102,2091,2092,
2225,2224,2213,2214,2104,2103,2092,2093,
2226,2225,2214,2215,2105,2104,2093,2094,
2227,2226,2215,2216,2106,2105,2094,2095,
0.00000 ,0.00000 ,0.00000 ,
10.00000 ,0.00000 ,0.00000 ,
20.00000 ,0.00000 ,0.00000 ,
30.00000 ,0.00000 ,0.00000 ,
40.00000 ,0.00000 ,0.00000 ,
50.00000 ,0.00000 ,0.00000 ,
61.00000 ,0.00000 ,0.00000 ,
70.66667 ,0.00000 ,0.00000 ,
80.33333 ,0.00000 ,0.00000 ,
90.00000 ,0.00000 ,0.00000 ,
100.00000 ,0.00000 ,0.00000 ,
0.00000 ,10.00000 ,0.00000 ,
10.00000 ,10.00000 ,0.00000 ,
20.00000 ,10.00000 ,0.00000 ,
30.00000 ,10.00000 ,0.00000 ,
40.00000 ,10.00000 ,0.00000 ,
50.00000 ,10.00000 ,0.00000 ,
61.00000 ,10.00000 ,0.00000 ,
70.66667 ,10.00000 ,0.00000 ,
80.33333 ,10.00000 ,0.00000 ,
90.00000 ,10.00000 ,0.00000 ,
100.00000 ,10.00000 ,0.00000 ,
0.00000 ,20.00000 ,0.00000 ,
10.00000 ,20.00000 ,0.00000 ,
20.00000 ,20.00000 ,0.00000 ,
30.00000 ,20.00000 ,0.00000 ,
40.00000 ,20.00000 ,0.00000 ,
50.00000 ,20.00000 ,0.00000 ,
61.00000 ,20.00000 ,0.00000 ,
70.66667 ,20.00000 ,0.00000 ,
80.33333 ,20.00000 ,0.00000 ,
90.00000 ,20.00000 ,0.00000 ,
100.00000 ,20.00000 ,0.00000 ,
0.00000 ,30.00000 ,0.00000 ,
10.00000 ,30.00000 ,0.00000 ,
20.00000 ,30.00000 ,0.00000 ,
30.00000 ,30.00000 ,0.00000 ,
40.00000 ,30.00000 ,0.00000 ,
50.00000 ,30.00000 ,0.00000 ,
61.00000 ,30.00000 ,0.00000 ,
70.66667 ,30.00000 ,0.00000 ,
80.33333 ,30.00000 ,0.00000 ,
90.00000 ,30.00000 ,0.00000 ,
100.00000 ,30.00000 ,0.00000 ,
0.00000 ,40.00000 ,0.00000 ,
10.00000 ,40.00000 ,0.00000 ,
20.00000 ,40.00000 ,0.00000 ,
30.00000 ,40.00000 ,0.00000 ,
40.00000 ,40.00000 ,0.00000 ,
50.00000 ,40.00000 ,0.00000 ,
61.00000 ,40.00000 ,0.00000 ,
70.66667 ,40.00000 ,0.00000 ,
80.33333 ,40.00000 ,0.00000 ,
90.00000 ,40.00000 ,0.00000 ,
100.00000 ,40.00000 ,0.00000 ,
0.00000 ,50.00000 ,0.00000 ,
10.00000 ,50.00000 ,0.00000 ,
20.00000 ,50.00000 ,0.00000 ,
30.00000 ,50.00000 ,0.00000 ,
40.00000 ,50.00000 ,0.00000 ,
50.00000 ,50.00000 ,0.00000 ,
61.00000 ,50.00000 ,0.00000 ,
70.66667 ,50.00000 ,0.00000 ,
80.33333 ,50.00000 ,0.00000 ,
90.00000 ,50.00000 ,0.00000 ,
100.00000 ,50.00000 ,0.00000 ,
0.00000 ,61.00000 ,0.00000 ,
10.00000 ,61.00000 ,0.00000 ,
20.00000 ,61.00000 ,0.00000 ,
30.00000 ,61.00000 ,0.00000 ,
40.00000 ,61.00000 ,0.00000 ,
50.00000 ,61.00000 ,0.00000 ,
61.00000 ,61.00000 ,0.00000 ,
70.66667 ,61.00000 ,0.00000 ,
80.33333 ,61.00000 ,0.00000 ,
90.00000 ,61.00000 ,0.00000 ,
100.00000 ,61.00000 ,0.00000 ,
0.00000 ,70.66667 ,0.00000 ,
10.00000 ,70.66667 ,0.00000 ,
20.00000 ,70.66667 ,0.00000 ,
30.00000 ,70.66667 ,0.00000 ,
40.00000 ,70.66667 ,0.00000 ,
50.00000 ,70.66667 ,0.00000 ,
61.00000 ,70.66667 ,0.00000 ,
70.66667 ,70.66667 ,0.00000 ,
80.33333 ,70.66667 ,0.00000 ,
90.00000 ,70.66667 ,0.00000 ,
100.00000 ,70.66667 ,0.00000 ,
0.00000 ,80.33333 ,0.00000 ,
10.00000 ,80.33333 ,0.00000 ,
20.00000 ,80.33333 ,0.00000 ,
30.00000 ,80.33333 ,0.00000 ,
40.00000 ,80.33333 ,0.00000 ,
50.00000 ,80.33333 ,0.00000 ,
61.00000 ,80.33333 ,0.00000 ,
70.66667 ,80.33333 ,0.00000 ,
80.33333 ,80.33333 ,0.00000 ,
90.00000 ,80.33333 ,0.00000 ,
100.00000 ,80.33333 ,0.00000 ,
0.00000 ,90.00000 ,0.00000 ,
10.00000 ,90.00000 ,0.00000 ,
20.00000 ,90.00000 ,0.00000 ,
30.00000 ,90.00000 ,0.00000 ,
40.00000 ,90.00000 ,0.00000 ,
50.00000 ,90.00000 ,0.00000 ,
61.00000 ,90.00000 ,0.00000 ,
70.66667 ,90.00000 ,0.00000 ,
80.33333 ,90.00000 ,0.00000 ,
90.00000 ,90.00000 ,0.00000 ,
100.00000 ,90.00000 ,0.00000 ,
0.00000 ,100.00000 ,0.00000 ,
10.00000 ,100.00000 ,0.00000 ,
20.00000 ,100.00000 ,0.00000 ,
30.00000 ,100.00000 ,0.00000 ,
40.00000 ,100.00000 ,0.00000 ,
50.00000 ,100.00000 ,0.00000 ,
61.00000 ,100.00000 ,0.00000 ,
70.66667 ,100.00000 ,0.00000 ,
80.33333 ,100.00000 ,0.00000 ,
90.00000 ,100.00000 ,0.00000 ,
100.00000 ,100.00000 ,0.00000 ,
0.00000 ,0.00000 ,10.00000 ,
10.00000 ,0.00000 ,10.00000 ,
20.00000 ,0.00000 ,10.00000 ,
30.00000 ,0.00000 ,10.00000 ,
40.00000 ,0.00000 ,10.00000 ,
50.00000 ,0.00000 ,10.00000 ,
61.00000 ,0.00000 ,10.00000 ,
70.66667 ,0.00000 ,10.00000 ,
80.33333 ,0.00000 ,10.00000 ,
90.00000 ,0.00000 ,10.00000 ,
100.00000 ,0.00000 ,10.00000 ,
0.00000 ,10.00000 ,10.00000 ,
10.00000 ,10.00000 ,10.00000 ,
20.00000 ,10.00000 ,10.00000 ,
30.00000 ,10.00000 ,10.00000 ,
40.00000 ,10.00000 ,10.00000 ,
50.00000 ,10.00000 ,10.00000 ,
61.00000 ,10.00000 ,10.00000 ,
70.66667 ,10.00000 ,10.00000 ,
80.33333 ,10.00000 ,10.00000 ,
90.00000 ,10.00000 ,10.00000 ,
100.00000 ,10.00000 ,10.00000 ,
0.00000 ,20.00000 ,10.00000 ,
10.00000 ,20.00000 ,10.00000 ,
20.00000 ,20.00000 ,10.00000 ,
30.00000 ,20.00000 ,10.00000 ,
40.00000 ,20.00000 ,10.00000 ,
50.00000 ,20.00000 ,10.00000 ,
61.00000 ,20.00000 ,10.00000 ,
70.66667 ,20.00000 ,10.00000 ,
80.33333 ,20.00000 ,10.00000 ,
90.00000 ,20.00000 ,10.00000 ,
100.00000 ,20.00000 ,10.00000 ,
0.00000 ,30.00000 ,10.00000 ,
10.00000 ,30.00000 ,10.00000 ,
20.00000 ,30.00000 ,10.00000 ,
30.00000 ,30.00000 ,10.00000 ,
40.00000 ,30.00000 ,10.00000 ,
50.00000 ,30.00000 ,10.00000 ,
61.00000 ,30.00000 ,10.00000 ,
70.66667 ,30.00000 ,10.00000 ,
80.33333 ,30.00000 ,10.00000 ,
90.00000 ,30.00000 ,10.00000 ,
100.00000 ,30.00000 ,10.00000 ,
0.00000 ,40.00000 ,10.00000 ,
10.00000 ,40.00000 ,10.00000 ,
20.00000 ,40.00000 ,10.00000 ,
30.00000 ,40.00000 ,10.00000 ,
40.00000 ,40.00000 ,10.00000 ,
50.00000 ,40.00000 ,10.00000 ,
61.00000 ,40.00000 ,10.00000 ,
70.66667 ,40.00000 ,10.00000 ,
80.33333 ,40.00000 ,10.00000 ,
90.00000 ,40.00000 ,10.00000 ,
100.00000 ,40.00000 ,10.00000 ,
0.00000 ,50.00000 ,10.00000 ,
10.00000 ,50.00000 ,10.00000 ,
20.00000 ,50.00000 ,10.00000 ,
30.00000 ,50.00000 ,10.00000 ,
40.00000 ,50.00000 ,10.00000 ,
50.00000 ,50.00000 ,10.00000 ,
61.00000 ,50.00000 ,10.00000 ,
70.66667 ,50.00000 ,10.00000 ,
80.33333 ,50.00000 ,10.00000 ,
90.00000 ,50.00000 ,10.00000 ,
100.00000 ,50.00000 ,10.00000 ,
0.00000 ,61.00000 ,10.00000 ,
10.00000 ,61.00000 ,10.00000 ,
20.00000 ,61.00000 ,10.00000 ,
30.00000 ,61.00000 ,10.00000 ,
40.00000 ,61.00000 ,10.00000 ,
50.00000 ,61.00000 ,10.00000 ,
61.00000 ,61.00000 ,10.00000 ,
70.66667 ,61.00000 ,10.00000 ,
80.33333 ,61.00000 ,10.00000 ,
90.00000 ,61.00000 ,10.00000 ,
100.00000 ,61.00000 ,10.00000 ,
0.00000 ,70.66667 ,10.00000 ,
10.00000 ,70.66667 ,10.00000 ,
20.00000 ,70.66667 ,10.00000 ,
30.00000 ,70.66667 ,10.00000 ,
40.00000 ,70.66667 ,10.00000 ,
50.00000 ,70.66667 ,10.00000 ,
61.00000 ,70.66667 ,10.00000 ,
70.66667 ,70.66667 ,10.00000 ,
80.33333 ,70.66667 ,10.00000 ,
90.00000 ,70.66667 ,10.00000 ,
100.00000 ,70.66667 ,10.00000 ,
0.00000 ,80.33333 ,10.00000 ,
10.00000 ,80.33333 ,10.00000 ,
20.00000 ,80.33333 ,10.00000 ,
30.00000 ,80.33333 ,10.00000 ,
40.00000 ,80.33333 ,10.00000 ,
50.00000 ,80.33333 ,10.00000 ,
61.00000 ,80.33333 ,10.00000 ,
70.66667 ,80.33333 ,10.00000 ,
80.33333 ,80.33333 ,10.00000 ,
90.00000 ,80.33333 ,10.00000 ,
100.00000 ,80.33333 ,10.00000 ,
0.00000 ,90.00000 ,10.00000 ,
10.00000 ,90.00000 ,10.00000 ,
20.00000 ,90.00000 ,10.00000 ,
30.00000 ,90.00000 ,10.00000 ,
40.00000 ,90.00000 ,10.00000 ,
50.00000 ,90.00000 ,10.00000 ,
61.00000 ,90.00000 ,10.00000 ,
70.66667 ,90.00000 ,10.00000 ,
80.33333 ,90.00000 ,10.00000 ,
90.00000 ,90.00000 ,10.00000 ,
100.00000 ,90.00000 ,10.00000 ,
0.00000 ,100.00000 ,10.00000 ,
10.00000 ,100.00000 ,10.00000 ,
20.00000 ,100.00000 ,10.00000 ,
30.00000 ,100.00000 ,10.00000 ,
40.00000 ,100.00000 ,10.00000 ,
50.00000 ,100.00000 ,10.00000 ,
61.00000 ,100.00000 ,10.00000 ,
70.66667 ,100.00000 ,10.00000 ,
80.33333 ,100.00000 ,10.00000 ,
90.00000 ,100.00000 ,10.00000 ,
100.00000 ,100.00000 ,10.00000 ,
0.00000 ,0.00000 ,21.00000 ,
10.00000 ,0.00000 ,21.00000 ,
20.00000 ,0.00000 ,21.00000 ,
30.00000 ,0.00000 ,21.00000 ,
40.00000 ,0.00000 ,21.00000 ,
50.00000 ,0.00000 ,21.00000 ,
61.00000 ,0.00000 ,21.00000 ,
70.66667 ,0.00000 ,21.00000 ,
80.33333 ,0.00000 ,21.00000 ,
90.00000 ,0.00000 ,21.00000 ,
100.00000 ,0.00000 ,21.00000 ,
0.00000 ,10.00000 ,21.00000 ,
10.00000 ,10.00000 ,21.00000 ,
20.00000 ,10.00000 ,21.00000 ,
30.00000 ,10.00000 ,21.00000 ,
40.00000 ,10.00000 ,21.00000 ,
50.00000 ,10.00000 ,21.00000 ,
61.00000 ,10.00000 ,21.00000 ,
70.66667 ,10.00000 ,21.00000 ,
80.33333 ,10.00000 ,21.00000 ,
90.00000 ,10.00000 ,21.00000 ,
100.00000 ,10.00000 ,21.00000 ,
0.00000 ,20.00000 ,21.00000 ,
10.00000 ,20.00000 ,21.00000 ,
20.00000 ,20.00000 ,21.00000 ,
30.00000 ,20.00000 ,21.00000 ,
40.00000 ,20.00000 ,21.00000 ,
50.00000 ,20.00000 ,21.00000 ,
61.00000 ,20.00000 ,21.00000 ,
70.66667 ,20.00000 ,21.00000 ,
80.33333 ,20.00000 ,21.00000 ,
90.00000 ,20.00000 ,21.00000 ,
100.00000 ,20.00000 ,21.00000 ,
0.00000 ,30.00000 ,21.00000 ,
10.00000 ,30.00000 ,21.00000 ,
20.00000 ,30.00000 ,21.00000 ,
30.00000 ,30.00000 ,21.00000 ,
40.00000 ,30.00000 ,21.00000 ,
50.00000 ,30.00000 ,21.00000 ,
61.00000 ,30.00000 ,21.00000 ,
70.66667 ,30.00000 ,21.00000 ,
80.33333 ,30.00000 ,21.00000 ,
90.00000 ,30.00000 ,21.00000 ,
100.00000 ,30.00000 ,21.00000 ,
0.00000 ,40.00000 ,21.00000 ,
10.00000 ,40.00000 ,21.00000 ,
20.00000 ,40.00000 ,21.00000 ,
30.00000 ,40.00000 ,21.00000 ,
40.00000 ,40.00000 ,21.00000 ,
50.00000 ,40.00000 ,21.00000 ,
61.00000 ,40.00000 ,21.00000 ,
70.66667 ,40.00000 ,21.00000 ,
80.33333 ,40.00000 ,21.00000 ,
90.00000 ,40.00000 ,21.00000 ,
100.00000 ,40.00000 ,21.00000 ,
0.00000 ,50.00000 ,21.00000 ,
10.00000 ,50.00000 ,21.00000 ,
20.00000 ,50.00000 ,21.00000 ,
30.00000 ,50.00000 ,21.00000 ,
40.00000 ,50.00000 ,21.00000 ,
50.00000 ,50.00000 ,21.00000 ,
61.00000 ,50.00000 ,21.00000 ,
70.66667 ,50.00000 ,21.00000 ,
80.33333 ,50.00000 ,21.00000 ,
90.00000 ,50.00000 ,21.00000 ,
100.00000 ,50.00000 ,21.00000 ,
0.00000 ,61.00000 ,21.00000 ,
10.00000 ,61.00000 ,21.00000 ,
20.00000 ,61.00000 ,21.00000 ,
30.00000 ,61.00000 ,21.00000 ,
40.00000 ,61.00000 ,21.00000 ,
50.00000 ,61.00000 ,21.00000 ,
61.00000 ,61.00000 ,21.00000 ,
70.66667 ,61.00000 ,21.00000 ,
80.33333 ,61.00000 ,21.00000 ,
90.00000 ,61.00000 ,21.00000 ,
100.00000 ,61.00000 ,21.00000 ,
0.00000 ,70.66667 ,21.00000 ,
10.00000 ,70.66667 ,21.00000 ,
20.00000 ,70.66667 ,21.00000 ,
30.00000 ,70.66667 ,21.00000 ,
40.00000 ,70.66667 ,21.00000 ,
50.00000 ,70.66667 ,21.00000 ,
61.00000 ,70.66667 ,21.00000 ,
70.66667 ,70.66667 ,21.00000 ,
80.33333 ,70.66667 ,21.00000 ,
90.00000 ,70.66667 ,21.00000 ,
100.00000 ,70.66667 ,21.00000 ,
0.00000 ,80.33333 ,21.00000 ,
10.00000 ,80.33333 ,21.00000 ,
20.00000 ,80.33333 ,21.00000 ,
30.00000 ,80.33333 ,21.00000 ,
40.00000 ,80.33333 ,21.00000 ,
50.00000 ,80.33333 ,21.00000 ,
61.00000 ,80.33333 ,21.00000 ,
70.66667 ,80.33333 ,21.00000 ,
80.33333 ,80.33333 ,21.00000 ,
90.00000 ,80.33333 ,21.00000 ,
100.00000 ,80.33333 ,21.00000 ,
0.00000 ,90.00000 ,21.00000 ,
10.00000 ,90.00000 ,21.00000 ,
20.00000 ,90.00000 ,21.00000 ,
30.00000 ,90.00000 ,21.00000 ,
40.00000 ,90.00000 ,21.00000 ,
50.00000 ,90.00000 ,21.00000 ,
61.00000 ,90.00000 ,21.00000 ,
70.66667 ,90.00000 ,21.00000 ,
80.33333 ,90.00000 ,21.00000 ,
90.00000 ,90.00000 ,21.00000 ,
100.00000 ,90.00000 ,21.00000 ,
0.00000 ,100.00000 ,21.00000 ,
10.00000 ,100.00000 ,21.00000 ,
20.00000 ,100.00000 ,21.00000 ,
30.00000 ,100.00000 ,21.00000 ,
40.00000 ,100.00000 ,21.00000 ,
50.00000 ,100.00000 ,21.00000 ,
61.00000 ,100.00000 ,21.00000 ,
70.66667 ,100.00000 ,21.00000 ,
80.33333 ,100.00000 ,21.00000 ,
90.00000 ,100.00000 ,21.00000 ,
100.00000 ,100.00000 ,21.00000 ,
0.00000 ,0.00000 ,33.10000 ,
10.00000 ,0.00000 ,33.10000 ,
20.00000 ,0.00000 ,33.10000 ,
30.00000 ,0.00000 ,33.10000 ,
40.00000 ,0.00000 ,33.10000 ,
50.00000 ,0.00000 ,33.10000 ,
61.00000 ,0.00000 ,33.10000 ,
70.66667 ,0.00000 ,33.10000 ,
80.33333 ,0.00000 ,33.10000 ,
90.00000 ,0.00000 ,33.10000 ,
100.00000 ,0.00000 ,33.10000 ,
0.00000 ,10.00000 ,33.10000 ,
10.00000 ,10.00000 ,33.10000 ,
20.00000 ,10.00000 ,33.10000 ,
30.00000 ,10.00000 ,33.10000 ,
40.00000 ,10.00000 ,33.10000 ,
50.00000 ,10.00000 ,33.10000 ,
61.00000 ,10.00000 ,33.10000 ,
70.66667 ,10.00000 ,33.10000 ,
80.33333 ,10.00000 ,33.10000 ,
90.00000 ,10.00000 ,33.10000 ,
100.00000 ,10.00000 ,33.10000 ,
0.00000 ,20.00000 ,33.10000 ,
10.00000 ,20.00000 ,33.10000 ,
20.00000 ,20.00000 ,33.10000 ,
30.00000 ,20.00000 ,33.10000 ,
40.00000 ,20.00000 ,33.10000 ,
50.00000 ,20.00000 ,33.10000 ,
61.00000 ,20.00000 ,33.10000 ,
70.66667 ,20.00000 ,33.10000 ,
80.33333 ,20.00000 ,33.10000 ,
90.00000 ,20.00000 ,33.10000 ,
100.00000 ,20.00000 ,33.10000 ,
0.00000 ,30.00000 ,33.10000 ,
10.00000 ,30.00000 ,33.10000 ,
20.00000 ,30.00000 ,33.10000 ,
30.00000 ,30.00000 ,33.10000 ,
40.00000 ,30.00000 ,33.10000 ,
50.00000 ,30.00000 ,33.10000 ,
61.00000 ,30.00000 ,33.10000 ,
70.66667 ,30.00000 ,33.10000 ,
80.33333 ,30.00000 ,33.10000 ,
90.00000 ,30.00000 ,33.10000 ,
100.00000 ,30.00000 ,33.10000 ,
0.00000 ,40.00000 ,33.10000 ,
10.00000 ,40.00000 ,33.10000 ,
20.00000 ,40.00000 ,33.10000 ,
30.00000 ,40.00000 ,33.10000 ,
40.00000 ,40.00000 ,33.10000 ,
50.00000 ,40.00000 ,33.10000 ,
61.00000 ,40.00000 ,33.10000 ,
70.66667 ,40.00000 ,33.10000 ,
80.33333 ,40.00000 ,33.10000 ,
90.00000 ,40.00000 ,33.10000 ,
100.00000 ,40.00000 ,33.10000 ,
0.00000 ,50.00000 ,33.10000 ,
10.00000 ,50.00000 ,33.10000 ,
20.00000 ,50.00000 ,33.10000 ,
30.00000 ,50.00000 ,33.10000 ,
40.00000 ,50.00000 ,33.10000 ,
50.00000 ,50.00000 ,33.10000 ,
61.00000 ,50.00000 ,33.10000 ,
70.66667 ,50.00000 ,33.10000 ,
80.33333 ,50.00000 ,33.10000 ,
90.00000 ,50.00000 ,33.10000 ,
100.00000 ,50.00000 ,33.10000 ,
0.00000 ,61.00000 ,33.10000 ,
10.00000 ,61.00000 ,33.10000 ,
20.00000 ,61.00000 ,33.10000 ,
30.00000 ,61.00000 ,33.10000 ,
40.00000 ,61.00000 ,33.10000 ,
50.00000 ,61.00000 ,33.10000 ,
61.00000 ,61.00000 ,33.10000 ,
70.66667 ,61.00000 ,33.10000 ,
80.33333 ,61.00000 ,33.10000 ,
90.00000 ,61.00000 ,33.10000 ,
100.00000 ,61.00000 ,33.10000 ,
0.00000 ,70.66667 ,33.10000 ,
10.00000 ,70.66667 ,33.10000 ,
20.00000 ,70.66667 ,33.10000 ,
30.00000 ,70.66667 ,33.10000 ,
40.00000 ,70.66667 ,33.10000 ,
50.00000 ,70.66667 ,33.10000 ,
61.00000 ,70.66667 ,33.10000 ,
70.66667 ,70.66667 ,33.10000 ,
80.33333 ,70.66667 ,33.10000 ,
90.00000 ,70.66667 ,33.10000 ,
100.00000 ,70.66667 ,33.10000 ,
0.00000 ,80.33333 ,33.10000 ,
10.00000 ,80.33333 ,33.10000 ,
20.00000 ,80.33333 ,33.10000 ,
30.00000 ,80.33333 ,33.10000 ,
40.00000 ,80.33333 ,33.10000 ,
50.00000 ,80.33333 ,33.10000 ,
61.00000 ,80.33333 ,33.10000 ,
70.66667 ,80.33333 ,33.10000 ,
80.33333 ,80.33333 ,33.10000 ,
90.00000 ,80.33333 ,33.10000 ,
100.00000 ,80.33333 ,33.10000 ,
0.00000 ,90.00000 ,33.10000 ,
10.00000 ,90.00000 ,33.10000 ,
20.00000 ,90.00000 ,33.10000 ,
30.00000 ,90.00000 ,33.10000 ,
40.00000 ,90.00000 ,33.10000 ,
50.00000 ,90.00000 ,33.10000 ,
61.00000 ,90.00000 ,33.10000 ,
70.66667 ,90.00000 ,33.10000 ,
80.33333 ,90.00000 ,33.10000 ,
90.00000 ,90.00000 ,33.10000 ,
100.00000 ,90.00000 ,33.10000 ,
0.00000 ,100.00000 ,33.10000 ,
10.00000 ,100.00000 ,33.10000 ,
20.00000 ,100.00000 ,33.10000 ,
30.00000 ,100.00000 ,33.10000 ,
40.00000 ,100.00000 ,33.10000 ,
50.00000 ,100.00000 ,33.10000 ,
61.00000 ,100.00000 ,33.10000 ,
70.66667 ,100.00000 ,33.10000 ,
80.33333 ,100.00000 ,33.10000 ,
90.00000 ,100.00000 ,33.10000 ,
100.00000 ,100.00000 ,33.10000 ,
0.00000 ,0.00000 ,44.36667 ,
10.00000 ,0.00000 ,44.36667 ,
20.00000 ,0.00000 ,44.36667 ,
30.00000 ,0.00000 ,44.36667 ,
40.00000 ,0.00000 ,44.36667 ,
50.00000 ,0.00000 ,44.36667 ,
61.00000 ,0.00000 ,44.36667 ,
70.66667 ,0.00000 ,44.36667 ,
80.33333 ,0.00000 ,44.36667 ,
90.00000 ,0.00000 ,44.36667 ,
100.00000 ,0.00000 ,44.36667 ,
0.00000 ,10.00000 ,44.36667 ,
10.00000 ,10.00000 ,44.36667 ,
20.00000 ,10.00000 ,44.36667 ,
30.00000 ,10.00000 ,44.36667 ,
40.00000 ,10.00000 ,44.36667 ,
50.00000 ,10.00000 ,44.36667 ,
61.00000 ,10.00000 ,44.36667 ,
70.66667 ,10.00000 ,44.36667 ,
80.33333 ,10.00000 ,44.36667 ,
90.00000 ,10.00000 ,44.36667 ,
100.00000 ,10.00000 ,44.36667 ,
0.00000 ,20.00000 ,44.36667 ,
10.00000 ,20.00000 ,44.36667 ,
20.00000 ,20.00000 ,44.36667 ,
30.00000 ,20.00000 ,44.36667 ,
40.00000 ,20.00000 ,44.36667 ,
50.00000 ,20.00000 ,44.36667 ,
61.00000 ,20.00000 ,44.36667 ,
70.66667 ,20.00000 ,44.36667 ,
80.33333 ,20.00000 ,44.36667 ,
90.00000 ,20.00000 ,44.36667 ,
100.00000 ,20.00000 ,44.36667 ,
0.00000 ,30.00000 ,44.36667 ,
10.00000 ,30.00000 ,44.36667 ,
20.00000 ,30.00000 ,44.36667 ,
30.00000 ,30.00000 ,44.36667 ,
40.00000 ,30.00000 ,44.36667 ,
50.00000 ,30.00000 ,44.36667 ,
61.00000 ,30.00000 ,44.36667 ,
70.66667 ,30.00000 ,44.36667 ,
80.33333 ,30.00000 ,44.36667 ,
90.00000 ,30.00000 ,44.36667 ,
100.00000 ,30.00000 ,44.36667 ,
0.00000 ,40.00000 ,44.36667 ,
10.00000 ,40.00000 ,44.36667 ,
20.00000 ,40.00000 ,44.36667 ,
30.00000 ,40.00000 ,44.36667 ,
40.00000 ,40.00000 ,44.36667 ,
50.00000 ,40.00000 ,44.36667 ,
61.00000 ,40.00000 ,44.36667 ,
70.66667 ,40.00000 ,44.36667 ,
80.33333 ,40.00000 ,44.36667 ,
90.00000 ,40.00000 ,44.36667 ,
100.00000 ,40.00000 ,44.36667 ,
0.00000 ,50.00000 ,44.36667 ,
10.00000 ,50.00000 ,44.36667 ,
20.00000 ,50.00000 ,44.36667 ,
30.00000 ,50.00000 ,44.36667 ,
40.00000 ,50.00000 ,44.36667 ,
50.00000 ,50.00000 ,44.36667 ,
61.00000 ,50.00000 ,44.36667 ,
70.66667 ,50.00000 ,44.36667 ,
80.33333 ,50.00000 ,44.36667 ,
90.00000 ,50.00000 ,44.36667 ,
100.00000 ,50.00000 ,44.36667 ,
0.00000 ,61.00000 ,44.36667 ,
10.00000 ,61.00000 ,44.36667 ,
20.00000 ,61.00000 ,44.36667 ,
30.00000 ,61.00000 ,44.36667 ,
40.00000 ,61.00000 ,44.36667 ,
50.00000 ,61.00000 ,44.36667 ,
61.00000 ,61.00000 ,44.36667 ,
70.66667 ,61.00000 ,44.36667 ,
80.33333 ,61.00000 ,44.36667 ,
90.00000 ,61.00000 ,44.36667 ,
100.00000 ,61.00000 ,44.36667 ,
0.00000 ,70.66667 ,44.36667 ,
10.00000 ,70.66667 ,44.36667 ,
20.00000 ,70.66667 ,44.36667 ,
30.00000 ,70.66667 ,44.36667 ,
40.00000 ,70.66667 ,44.36667 ,
50.00000 ,70.66667 ,44.36667 ,
61.00000 ,70.66667 ,44.36667 ,
70.66667 ,70.66667 ,44.36667 ,
80.33333 ,70.66667 ,44.36667 ,
90.00000 ,70.66667 ,44.36667 ,
100.00000 ,70.66667 ,44.36667 ,
0.00000 ,80.33333 ,44.36667 ,
10.00000 ,80.33333 ,44.36667 ,
20.00000 ,80.33333 ,44.36667 ,
30.00000 ,80.33333 ,44.36667 ,
40.00000 ,80.33333 ,44.36667 ,
50.00000 ,80.33333 ,44.36667 ,
61.00000 ,80.33333 ,44.36667 ,
70.66667 ,80.33333 ,44.36667 ,
80.33333 ,80.33333 ,44.36667 ,
90.00000 ,80.33333 ,44.36667 ,
100.00000 ,80.33333 ,44.36667 ,
0.00000 ,90.00000 ,44.36667 ,
10.00000 ,90.00000 ,44.36667 ,
20.00000 ,90.00000 ,44.36667 ,
30.00000 ,90.00000 ,44.36667 ,
40.00000 ,90.00000 ,44.36667 ,
50.00000 ,90.00000 ,44.36667 ,
61.00000 ,90.00000 ,44.36667 ,
70.66667 ,90.00000 ,44.36667 ,
80.33333 ,90.00000 ,44.36667 ,
90.00000 ,90.00000 ,44.36667 ,
100.00000 ,90.00000 ,44.36667 ,
0.00000 ,100.00000 ,44.36667 ,
10.00000 ,100.00000 ,44.36667 ,
20.00000 ,100.00000 ,44.36667 ,
30.00000 ,100.00000 ,44.36667 ,
40.00000 ,100.00000 ,44.36667 ,
50.00000 ,100.00000 ,44.36667 ,
61.00000 ,100.00000 ,44.36667 ,
70.66667 ,100.00000 ,44.36667 ,
80.33333 ,100.00000 ,44.36667 ,
90.00000 ,100.00000 ,44.36667 ,
100.00000 ,100.00000 ,44.36667 ,
0.00000 ,0.00000 ,55.63333 ,
10.00000 ,0.00000 ,55.63333 ,
20.00000 ,0.00000 ,55.63333 ,
30.00000 ,0.00000 ,55.63333 ,
40.00000 ,0.00000 ,55.63333 ,
50.00000 ,0.00000 ,55.63333 ,
61.00000 ,0.00000 ,55.63333 ,
70.66667 ,0.00000 ,55.63333 ,
80.33333 ,0.00000 ,55.63333 ,
90.00000 ,0.00000 ,55.63333 ,
100.00000 ,0.00000 ,55.63333 ,
0.00000 ,10.00000 ,55.63333 ,
10.00000 ,10.00000 ,55.63333 ,
20.00000 ,10.00000 ,55.63333 ,
30.00000 ,10.00000 ,55.63333 ,
40.00000 ,10.00000 ,55.63333 ,
50.00000 ,10.00000 ,55.63333 ,
61.00000 ,10.00000 ,55.63333 ,
70.66667 ,10.00000 ,55.63333 ,
80.33333 ,10.00000 ,55.63333 ,
90.00000 ,10.00000 ,55.63333 ,
100.00000 ,10.00000 ,55.63333 ,
0.00000 ,20.00000 ,55.63333 ,
10.00000 ,20.00000 ,55.63333 ,
20.00000 ,20.00000 ,55.63333 ,
30.00000 ,20.00000 ,55.63333 ,
40.00000 ,20.00000 ,55.63333 ,
50.00000 ,20.00000 ,55.63333 ,
61.00000 ,20.00000 ,55.63333 ,
70.66667 ,20.00000 ,55.63333 ,
80.33333 ,20.00000 ,55.63333 ,
90.00000 ,20.00000 ,55.63333 ,
100.00000 ,20.00000 ,55.63333 ,
0.00000 ,30.00000 ,55.63333 ,
10.00000 ,30.00000 ,55.63333 ,
20.00000 ,30.00000 ,55.63333 ,
30.00000 ,30.00000 ,55.63333 ,
40.00000 ,30.00000 ,55.63333 ,
50.00000 ,30.00000 ,55.63333 ,
61.00000 ,30.00000 ,55.63333 ,
70.66667 ,30.00000 ,55.63333 ,
80.33333 ,30.00000 ,55.63333 ,
90.00000 ,30.00000 ,55.63333 ,
100.00000 ,30.00000 ,55.63333 ,
0.00000 ,40.00000 ,55.63333 ,
10.00000 ,40.00000 ,55.63333 ,
20.00000 ,40.00000 ,55.63333 ,
30.00000 ,40.00000 ,55.63333 ,
40.00000 ,40.00000 ,55.63333 ,
50.00000 ,40.00000 ,55.63333 ,
61.00000 ,40.00000 ,55.63333 ,
70.66667 ,40.00000 ,55.63333 ,
80.33333 ,40.00000 ,55.63333 ,
90.00000 ,40.00000 ,55.63333 ,
100.00000 ,40.00000 ,55.63333 ,
0.00000 ,50.00000 ,55.63333 ,
10.00000 ,50.00000 ,55.63333 ,
20.00000 ,50.00000 ,55.63333 ,
30.00000 ,50.00000 ,55.63333 ,
40.00000 ,50.00000 ,55.63333 ,
50.00000 ,50.00000 ,55.63333 ,
61.00000 ,50.00000 ,55.63333 ,
70.66667 ,50.00000 ,55.63333 ,
80.33333 ,50.00000 ,55.63333 ,
90.00000 ,50.00000 ,55.63333 ,
100.00000 ,50.00000 ,55.63333 ,
0.00000 ,61.00000 ,55.63333 ,
10.00000 ,61.00000 ,55.63333 ,
20.00000 ,61.00000 ,55.63333 ,
30.00000 ,61.00000 ,55.63333 ,
40.00000 ,61.00000 ,55.63333 ,
50.00000 ,61.00000 ,55.63333 ,
61.00000 ,61.00000 ,55.63333 ,
70.66667 ,61.00000 ,55.63333 ,
80.33333 ,61.00000 ,55.63333 ,
90.00000 ,61.00000 ,55.63333 ,
100.00000 ,61.00000 ,55.63333 ,
0.00000 ,70.66667 ,55.63333 ,
10.00000 ,70.66667 ,55.63333 ,
20.00000 ,70.66667 ,55.63333 ,
30.00000 ,70.66667 ,55.63333 ,
40.00000 ,70.66667 ,55.63333 ,
50.00000 ,70.66667 ,55.63333 ,
61.00000 ,70.66667 ,55.63333 ,
70.66667 ,70.66667 ,55.63333 ,
80.33333 ,70.66667 ,55.63333 ,
90.00000 ,70.66667 ,55.63333 ,
100.00000 ,70.66667 ,55.63333 ,
0.00000 ,80.33333 ,55.63333 ,
10.00000 ,80.33333 ,55.63333 ,
20.00000 ,80.33333 ,55.63333 ,
30.00000 ,80.33333 ,55.63333 ,
40.00000 ,80.33333 ,55.63333 ,
50.00000 ,80.33333 ,55.63333 ,
61.00000 ,80.33333 ,55.63333 ,
70.66667 ,80.33333 ,55.63333 ,
80.33333 ,80.33333 ,55.63333 ,
90.00000 ,80.33333 ,55.63333 ,
100.00000 ,80.33333 ,55.63333 ,
0.00000 ,90.00000 ,55.63333 ,
10.00000 ,90.00000 ,55.63333 ,
20.00000 ,90.00000 ,55.63333 ,
30.00000 ,90.00000 ,55.63333 ,
40.00000 ,90.00000 ,55.63333 ,
50.00000 ,90.00000 ,55.63333 ,
61.00000 ,90.00000 ,55.63333 ,
70.66667 ,90.00000 ,55.63333 ,
80.33333 ,90.00000 ,55.63333 ,
90.00000 ,90.00000 ,55.63333 ,
100.00000 ,90.00000 ,55.63333 ,
0.00000 ,100.00000 ,55.63333 ,
10.00000 ,100.00000 ,55.63333 ,
20.00000 ,100.00000 ,55.63333 ,
30.00000 ,100.00000 ,55.63333 ,
40.00000 ,100.00000 ,55.63333 ,
50.00000 ,100.00000 ,55.63333 ,
61.00000 ,100.00000 ,55.63333 ,
70.66667 ,100.00000 ,55.63333 ,
80.33333 ,100.00000 ,55.63333 ,
90.00000 ,100.00000 ,55.63333 ,
100.00000 ,100.00000 ,55.63333 ,
0.00000 ,0.00000 ,66.90000 ,
10.00000 ,0.00000 ,66.90000 ,
20.00000 ,0.00000 ,66.90000 ,
30.00000 ,0.00000 ,66.90000 ,
40.00000 ,0.00000 ,66.90000 ,
50.00000 ,0.00000 ,66.90000 ,
61.00000 ,0.00000 ,66.90000 ,
70.66667 ,0.00000 ,66.90000 ,
80.33333 ,0.00000 ,66.90000 ,
90.00000 ,0.00000 ,66.90000 ,
100.00000 ,0.00000 ,66.90000 ,
0.00000 ,10.00000 ,66.90000 ,
10.00000 ,10.00000 ,66.90000 ,
20.00000 ,10.00000 ,66.90000 ,
30.00000 ,10.00000 ,66.90000 ,
40.00000 ,10.00000 ,66.90000 ,
50.00000 ,10.00000 ,66.90000 ,
61.00000 ,10.00000 ,66.90000 ,
70.66667 ,10.00000 ,66.90000 ,
80.33333 ,10.00000 ,66.90000 ,
90.00000 ,10.00000 ,66.90000 ,
100.00000 ,10.00000 ,66.90000 ,
0.00000 ,20.00000 ,66.90000 ,
10.00000 ,20.00000 ,66.90000 ,
20.00000 ,20.00000 ,66.90000 ,
30.00000 ,20.00000 ,66.90000 ,
40.00000 ,20.00000 ,66.90000 ,
50.00000 ,20.00000 ,66.90000 ,
61.00000 ,20.00000 ,66.90000 ,
70.66667 ,20.00000 ,66.90000 ,
80.33333 ,20.00000 ,66.90000 ,
90.00000 ,20.00000 ,66.90000 ,
100.00000 ,20.00000 ,66.90000 ,
0.00000 ,30.00000 ,66.90000 ,
10.00000 ,30.00000 ,66.90000 ,
20.00000 ,30.00000 ,66.90000 ,
30.00000 ,30.00000 ,66.90000 ,
40.00000 ,30.00000 ,66.90000 ,
50.00000 ,30.00000 ,66.90000 ,
61.00000 ,30.00000 ,66.90000 ,
70.66667 ,30.00000 ,66.90000 ,
80.33333 ,30.00000 ,66.90000 ,
90.00000 ,30.00000 ,66.90000 ,
100.00000 ,30.00000 ,66.90000 ,
0.00000 ,40.00000 ,66.90000 ,
10.00000 ,40.00000 ,66.90000 ,
20.00000 ,40.00000 ,66.90000 ,
30.00000 ,40.00000 ,66.90000 ,
40.00000 ,40.00000 ,66.90000 ,
50.00000 ,40.00000 ,66.90000 ,
61.00000 ,40.00000 ,66.90000 ,
70.66667 ,40.00000 ,66.90000 ,
80.33333 ,40.00000 ,66.90000 ,
90.00000 ,40.00000 ,66.90000 ,
100.00000 ,40.00000 ,66.90000 ,
0.00000 ,50.00000 ,66.90000 ,
10.00000 ,50.00000 ,66.90000 ,
20.00000 ,50.00000 ,66.90000 ,
30.00000 ,50.00000 ,66.90000 ,
40.00000 ,50.00000 ,66.90000 ,
50.00000 ,50.00000 ,66.90000 ,
61.00000 ,50.00000 ,66.90000 ,
70.66667 ,50.00000 ,66.90000 ,
80.33333 ,50.00000 ,66.90000 ,
90.00000 ,50.00000 ,66.90000 ,
100.00000 ,50.00000 ,66.90000 ,
0.00000 ,61.00000 ,66.90000 ,
10.00000 ,61.00000 ,66.90000 ,
20.00000 ,61.00000 ,66.90000 ,
30.00000 ,61.00000 ,66.90000 ,
40.00000 ,61.00000 ,66.90000 ,
50.00000 ,61.00000 ,66.90000 ,
61.00000 ,61.00000 ,66.90000 ,
70.66667 ,61.00000 ,66.90000 ,
80.33333 ,61.00000 ,66.90000 ,
90.00000 ,61.00000 ,66.90000 ,
100.00000 ,61.00000 ,66.90000 ,
0.00000 ,70.66667 ,66.90000 ,
10.00000 ,70.66667 ,66.90000 ,
20.00000 ,70.66667 ,66.90000 ,
30.00000 ,70.66667 ,66.90000 ,
40.00000 ,70.66667 ,66.90000 ,
50.00000 ,70.66667 ,66.90000 ,
61.00000 ,70.66667 ,66.90000 ,
70.66667 ,70.66667 ,66.90000 ,
80.33333 ,70.66667 ,66.90000 ,
90.00000 ,70.66667 ,66.90000 ,
100.00000 ,70.66667 ,66.90000 ,
0.00000 ,80.33333 ,66.90000 ,
10.00000 ,80.33333 ,66.90000 ,
20.00000 ,80.33333 ,66.90000 ,
30.00000 ,80.33333 ,66.90000 ,
40.00000 ,80.33333 ,66.90000 ,
50.00000 ,80.33333 ,66.90000 ,
61.00000 ,80.33333 ,66.90000 ,
70.66667 ,80.33333 ,66.90000 ,
80.33333 ,80.33333 ,66.90000 ,
90.00000 ,80.33333 ,66.90000 ,
100.00000 ,80.33333 ,66.90000 ,
0.00000 ,90.00000 ,66.90000 ,
10.00000 ,90.00000 ,66.90000 ,
20.00000 ,90.00000 ,66.90000 ,
30.00000 ,90.00000 ,66.90000 ,
40.00000 ,90.00000 ,66.90000 ,
50.00000 ,90.00000 ,66.90000 ,
61.00000 ,90.00000 ,66.90000 ,
70.66667 ,90.00000 ,66.90000 ,
80.33333 ,90.00000 ,66.90000 ,
90.00000 ,90.00000 ,66.90000 ,
100.00000 ,90.00000 ,66.90000 ,
0.00000 ,100.00000 ,66.90000 ,
10.00000 ,100.00000 ,66.90000 ,
20.00000 ,100.00000 ,66.90000 ,
30.00000 ,100.00000 ,66.90000 ,
40.00000 ,100.00000 ,66.90000 ,
50.00000 ,100.00000 ,66.90000 ,
61.00000 ,100.00000 ,66.90000 ,
70.66667 ,100.00000 ,66.90000 ,
80.33333 ,100.00000 ,66.90000 ,
90.00000 ,100.00000 ,66.90000 ,
100.00000 ,100.00000 ,66.90000 ,
0.00000 ,0.00000 ,79.00000 ,
10.00000 ,0.00000 ,79.00000 ,
20.00000 ,0.00000 ,79.00000 ,
30.00000 ,0.00000 ,79.00000 ,
40.00000 ,0.00000 ,79.00000 ,
50.00000 ,0.00000 ,79.00000 ,
61.00000 ,0.00000 ,79.00000 ,
70.66667 ,0.00000 ,79.00000 ,
80.33333 ,0.00000 ,79.00000 ,
90.00000 ,0.00000 ,79.00000 ,
100.00000 ,0.00000 ,79.00000 ,
0.00000 ,10.00000 ,79.00000 ,
10.00000 ,10.00000 ,79.00000 ,
20.00000 ,10.00000 ,79.00000 ,
30.00000 ,10.00000 ,79.00000 ,
40.00000 ,10.00000 ,79.00000 ,
50.00000 ,10.00000 ,79.00000 ,
61.00000 ,10.00000 ,79.00000 ,
70.66667 ,10.00000 ,79.00000 ,
80.33333 ,10.00000 ,79.00000 ,
90.00000 ,10.00000 ,79.00000 ,
100.00000 ,10.00000 ,79.00000 ,
0.00000 ,20.00000 ,79.00000 ,
10.00000 ,20.00000 ,79.00000 ,
20.00000 ,20.00000 ,79.00000 ,
30.00000 ,20.00000 ,79.00000 ,
40.00000 ,20.00000 ,79.00000 ,
50.00000 ,20.00000 ,79.00000 ,
61.00000 ,20.00000 ,79.00000 ,
70.66667 ,20.00000 ,79.00000 ,
80.33333 ,20.00000 ,79.00000 ,
90.00000 ,20.00000 ,79.00000 ,
100.00000 ,20.00000 ,79.00000 ,
0.00000 ,30.00000 ,79.00000 ,
10.00000 ,30.00000 ,79.00000 ,
20.00000 ,30.00000 ,79.00000 ,
30.00000 ,30.00000 ,79.00000 ,
40.00000 ,30.00000 ,79.00000 ,
50.00000 ,30.00000 ,79.00000 ,
61.00000 ,30.00000 ,79.00000 ,
70.66667 ,30.00000 ,79.00000 ,
80.33333 ,30.00000 ,79.00000 ,
90.00000 ,30.00000 ,79.00000 ,
100.00000 ,30.00000 ,79.00000 ,
0.00000 ,40.00000 ,79.00000 ,
10.00000 ,40.00000 ,79.00000 ,
20.00000 ,40.00000 ,79.00000 ,
30.00000 ,40.00000 ,79.00000 ,
40.00000 ,40.00000 ,79.00000 ,
50.00000 ,40.00000 ,79.00000 ,
61.00000 ,40.00000 ,79.00000 ,
70.66667 ,40.00000 ,79.00000 ,
80.33333 ,40.00000 ,79.00000 ,
90.00000 ,40.00000 ,79.00000 ,
100.00000 ,40.00000 ,79.00000 ,
0.00000 ,50.00000 ,79.00000 ,
10.00000 ,50.00000 ,79.00000 ,
20.00000 ,50.00000 ,79.00000 ,
30.00000 ,50.00000 ,79.00000 ,
40.00000 ,50.00000 ,79.00000 ,
50.00000 ,50.00000 ,79.00000 ,
61.00000 ,50.00000 ,79.00000 ,
70.66667 ,50.00000 ,79.00000 ,
80.33333 ,50.00000 ,79.00000 ,
90.00000 ,50.00000 ,79.00000 ,
100.00000 ,50.00000 ,79.00000 ,
0.00000 ,61.00000 ,79.00000 ,
10.00000 ,61.00000 ,79.00000 ,
20.00000 ,61.00000 ,79.00000 ,
30.00000 ,61.00000 ,79.00000 ,
40.00000 ,61.00000 ,79.00000 ,
50.00000 ,61.00000 ,79.00000 ,
61.00000 ,61.00000 ,79.00000 ,
70.66667 ,61.00000 ,79.00000 ,
80.33333 ,61.00000 ,79.00000 ,
90.00000 ,61.00000 ,79.00000 ,
100.00000 ,61.00000 ,79.00000 ,
0.00000 ,70.66667 ,79.00000 ,
10.00000 ,70.66667 ,79.00000 ,
20.00000 ,70.66667 ,79.00000 ,
30.00000 ,70.66667 ,79.00000 ,
40.00000 ,70.66667 ,79.00000 ,
50.00000 ,70.66667 ,79.00000 ,
61.00000 ,70.66667 ,79.00000 ,
70.66667 ,70.66667 ,79.00000 ,
80.33333 ,70.66667 ,79.00000 ,
90.00000 ,70.66667 ,79.00000 ,
100.00000 ,70.66667 ,79.00000 ,
0.00000 ,80.33333 ,79.00000 ,
10.00000 ,80.33333 ,79.00000 ,
20.00000 ,80.33333 ,79.00000 ,
30.00000 ,80.33333 ,79.00000 ,
40.00000 ,80.33333 ,79.00000 ,
50.00000 ,80.33333 ,79.00000 ,
61.00000 ,80.33333 ,79.00000 ,
70.66667 ,80.33333 ,79.00000 ,
80.33333 ,80.33333 ,79.00000 ,
90.00000 ,80.33333 ,79.00000 ,
100.00000 ,80.33333 ,79.00000 ,
0.00000 ,90.00000 ,79.00000 ,
10.00000 ,90.00000 ,79.00000 ,
20.00000 ,90.00000 ,79.00000 ,
30.00000 ,90.00000 ,79.00000 ,
40.00000 ,90.00000 ,79.00000 ,
50.00000 ,90.00000 ,79.00000 ,
61.00000 ,90.00000 ,79.00000 ,
70.66667 ,90.00000 ,79.00000 ,
80.33333 ,90.00000 ,79.00000 ,
90.00000 ,90.00000 ,79.00000 ,
100.00000 ,90.00000 ,79.00000 ,
0.00000 ,100.00000 ,79.00000 ,
10.00000 ,100.00000 ,79.00000 ,
20.00000 ,100.00000 ,79.00000 ,
30.00000 ,100.00000 ,79.00000 ,
40.00000 ,100.00000 ,79.00000 ,
50.00000 ,100.00000 ,79.00000 ,
61.00000 ,100.00000 ,79.00000 ,
70.66667 ,100.00000 ,79.00000 ,
80.33333 ,100.00000 ,79.00000 ,
90.00000 ,100.00000 ,79.00000 ,
100.00000 ,100.00000 ,79.00000 ,
0.00000 ,0.00000 ,90.00000 ,
10.00000 ,0.00000 ,90.00000 ,
20.00000 ,0.00000 ,90.00000 ,
30.00000 ,0.00000 ,90.00000 ,
40.00000 ,0.00000 ,90.00000 ,
50.00000 ,0.00000 ,90.00000 ,
61.00000 ,0.00000 ,90.00000 ,
70.66667 ,0.00000 ,90.00000 ,
80.33333 ,0.00000 ,90.00000 ,
90.00000 ,0.00000 ,90.00000 ,
100.00000 ,0.00000 ,90.00000 ,
0.00000 ,10.00000 ,90.00000 ,
10.00000 ,10.00000 ,90.00000 ,
20.00000 ,10.00000 ,90.00000 ,
30.00000 ,10.00000 ,90.00000 ,
40.00000 ,10.00000 ,90.00000 ,
50.00000 ,10.00000 ,90.00000 ,
61.00000 ,10.00000 ,90.00000 ,
70.66667 ,10.00000 ,90.00000 ,
80.33333 ,10.00000 ,90.00000 ,
90.00000 ,10.00000 ,90.00000 ,
100.00000 ,10.00000 ,90.00000 ,
0.00000 ,20.00000 ,90.00000 ,
10.00000 ,20.00000 ,90.00000 ,
20.00000 ,20.00000 ,90.00000 ,
30.00000 ,20.00000 ,90.00000 ,
40.00000 ,20.00000 ,90.00000 ,
50.00000 ,20.00000 ,90.00000 ,
61.00000 ,20.00000 ,90.00000 ,
70.66667 ,20.00000 ,90.00000 ,
80.33333 ,20.00000 ,90.00000 ,
90.00000 ,20.00000 ,90.00000 ,
100.00000 ,20.00000 ,90.00000 ,
0.00000 ,30.00000 ,90.00000 ,
10.00000 ,30.00000 ,90.00000 ,
20.00000 ,30.00000 ,90.00000 ,
30.00000 ,30.00000 ,90.00000 ,
40.00000 ,30.00000 ,90.00000 ,
50.00000 ,30.00000 ,90.00000 ,
61.00000 ,30.00000 ,90.00000 ,
70.66667 ,30.00000 ,90.00000 ,
80.33333 ,30.00000 ,90.00000 ,
90.00000 ,30.00000 ,90.00000 ,
100.00000 ,30.00000 ,90.00000 ,
0.00000 ,40.00000 ,90.00000 ,
10.00000 ,40.00000 ,90.00000 ,
20.00000 ,40.00000 ,90.00000 ,
30.00000 ,40.00000 ,90.00000 ,
40.00000 ,40.00000 ,90.00000 ,
50.00000 ,40.00000 ,90.00000 ,
61.00000 ,40.00000 ,90.00000 ,
70.66667 ,40.00000 ,90.00000 ,
80.33333 ,40.00000 ,90.00000 ,
90.00000 ,40.00000 ,90.00000 ,
100.00000 ,40.00000 ,90.00000 ,
0.00000 ,50.00000 ,90.00000 ,
10.00000 ,50.00000 ,90.00000 ,
20.00000 ,50.00000 ,90.00000 ,
30.00000 ,50.00000 ,90.00000 ,
40.00000 ,50.00000 ,90.00000 ,
50.00000 ,50.00000 ,90.00000 ,
61.00000 ,50.00000 ,90.00000 ,
70.66667 ,50.00000 ,90.00000 ,
80.33333 ,50.00000 ,90.00000 ,
90.00000 ,50.00000 ,90.00000 ,
100.00000 ,50.00000 ,90.00000 ,
0.00000 ,61.00000 ,90.00000 ,
10.00000 ,61.00000 ,90.00000 ,
20.00000 ,61.00000 ,90.00000 ,
30.00000 ,61.00000 ,90.00000 ,
40.00000 ,61.00000 ,90.00000 ,
50.00000 ,61.00000 ,90.00000 ,
61.00000 ,61.00000 ,90.00000 ,
70.66667 ,61.00000 ,90.00000 ,
80.33333 ,61.00000 ,90.00000 ,
90.00000 ,61.00000 ,90.00000 ,
100.00000 ,61.00000 ,90.00000 ,
0.00000 ,70.66667 ,90.00000 ,
10.00000 ,70.66667 ,90.00000 ,
20.00000 ,70.66667 ,90.00000 ,
30.00000 ,70.66667 ,90.00000 ,
40.00000 ,70.66667 ,90.00000 ,
50.00000 ,70.66667 ,90.00000 ,
61.00000 ,70.66667 ,90.00000 ,
70.66667 ,70.66667 ,90.00000 ,
80.33333 ,70.66667 ,90.00000 ,
90.00000 ,70.66667 ,90.00000 ,
100.00000 ,70.66667 ,90.00000 ,
0.00000 ,80.33333 ,90.00000 ,
10.00000 ,80.33333 ,90.00000 ,
20.00000 ,80.33333 ,90.00000 ,
30.00000 ,80.33333 ,90.00000 ,
40.00000 ,80.33333 ,90.00000 ,
50.00000 ,80.33333 ,90.00000 ,
61.00000 ,80.33333 ,90.00000 ,
70.66667 ,80.33333 ,90.00000 ,
80.33333 ,80.33333 ,90.00000 ,
90.00000 ,80.33333 ,90.00000 ,
100.00000 ,80.33333 ,90.00000 ,
0.00000 ,90.00000 ,90.00000 ,
10.00000 ,90.00000 ,90.00000 ,
20.00000 ,90.00000 ,90.00000 ,
30.00000 ,90.00000 ,90.00000 ,
40.00000 ,90.00000 ,90.00000 ,
50.00000 ,90.00000 ,90.00000 ,
61.00000 ,90.00000 ,90.00000 ,
70.66667 ,90.00000 ,90.00000 ,
80.33333 ,90.00000 ,90.00000 ,
90.00000 ,90.00000 ,90.00000 ,
100.00000 ,90.00000 ,90.00000 ,
0.00000 ,100.00000 ,90.00000 ,
10.00000 ,100.00000 ,90.00000 ,
20.00000 ,100.00000 ,90.00000 ,
30.00000 ,100.00000 ,90.00000 ,
40.00000 ,100.00000 ,90.00000 ,
50.00000 ,100.00000 ,90.00000 ,
61.00000 ,100.00000 ,90.00000 ,
70.66667 ,100.00000 ,90.00000 ,
80.33333 ,100.00000 ,90.00000 ,
90.00000 ,100.00000 ,90.00000 ,
100.00000 ,100.00000 ,90.00000 ,
0.00000 ,0.00000 ,100.00000 ,
10.00000 ,0.00000 ,100.00000 ,
20.00000 ,0.00000 ,100.00000 ,
30.00000 ,0.00000 ,100.00000 ,
40.00000 ,0.00000 ,100.00000 ,
50.00000 ,0.00000 ,100.00000 ,
61.00000 ,0.00000 ,100.00000 ,
70.66667 ,0.00000 ,100.00000 ,
80.33333 ,0.00000 ,100.00000 ,
90.00000 ,0.00000 ,100.00000 ,
100.00000 ,0.00000 ,100.00000 ,
0.00000 ,10.00000 ,100.00000 ,
10.00000 ,10.00000 ,100.00000 ,
20.00000 ,10.00000 ,100.00000 ,
30.00000 ,10.00000 ,100.00000 ,
40.00000 ,10.00000 ,100.00000 ,
50.00000 ,10.00000 ,100.00000 ,
61.00000 ,10.00000 ,100.00000 ,
70.66667 ,10.00000 ,100.00000 ,
80.33333 ,10.00000 ,100.00000 ,
90.00000 ,10.00000 ,100.00000 ,
100.00000 ,10.00000 ,100.00000 ,
0.00000 ,20.00000 ,100.00000 ,
10.00000 ,20.00000 ,100.00000 ,
20.00000 ,20.00000 ,100.00000 ,
30.00000 ,20.00000 ,100.00000 ,
40.00000 ,20.00000 ,100.00000 ,
50.00000 ,20.00000 ,100.00000 ,
61.00000 ,20.00000 ,100.00000 ,
70.66667 ,20.00000 ,100.00000 ,
80.33333 ,20.00000 ,100.00000 ,
90.00000 ,20.00000 ,100.00000 ,
100.00000 ,20.00000 ,100.00000 ,
0.00000 ,30.00000 ,100.00000 ,
10.00000 ,30.00000 ,100.00000 ,
20.00000 ,30.00000 ,100.00000 ,
30.00000 ,30.00000 ,100.00000 ,
40.00000 ,30.00000 ,100.00000 ,
50.00000 ,30.00000 ,100.00000 ,
61.00000 ,30.00000 ,100.00000 ,
70.66667 ,30.00000 ,100.00000 ,
80.33333 ,30.00000 ,100.00000 ,
90.00000 ,30.00000 ,100.00000 ,
100.00000 ,30.00000 ,100.00000 ,
0.00000 ,40.00000 ,100.00000 ,
10.00000 ,40.00000 ,100.00000 ,
20.00000 ,40.00000 ,100.00000 ,
30.00000 ,40.00000 ,100.00000 ,
40.00000 ,40.00000 ,100.00000 ,
50.00000 ,40.00000 ,100.00000 ,
61.00000 ,40.00000 ,100.00000 ,
70.66667 ,40.00000 ,100.00000 ,
80.33333 ,40.00000 ,100.00000 ,
90.00000 ,40.00000 ,100.00000 ,
100.00000 ,40.00000 ,100.00000 ,
0.00000 ,50.00000 ,100.00000 ,
10.00000 ,50.00000 ,100.00000 ,
20.00000 ,50.00000 ,100.00000 ,
30.00000 ,50.00000 ,100.00000 ,
40.00000 ,50.00000 ,100.00000 ,
50.00000 ,50.00000 ,100.00000 ,
61.00000 ,50.00000 ,100.00000 ,
70.66667 ,50.00000 ,100.00000 ,
80.33333 ,50.00000 ,100.00000 ,
90.00000 ,50.00000 ,100.00000 ,
100.00000 ,50.00000 ,100.00000 ,
0.00000 ,61.00000 ,100.00000 ,
10.00000 ,61.00000 ,100.00000 ,
20.00000 ,61.00000 ,100.00000 ,
30.00000 ,61.00000 ,100.00000 ,
40.00000 ,61.00000 ,100.00000 ,
50.00000 ,61.00000 ,100.00000 ,
61.00000 ,61.00000 ,100.00000 ,
70.66667 ,61.00000 ,100.00000 ,
80.33333 ,61.00000 ,100.00000 ,
90.00000 ,61.00000 ,100.00000 ,
100.00000 ,61.00000 ,100.00000 ,
0.00000 ,70.66667 ,100.00000 ,
10.00000 ,70.66667 ,100.00000 ,
20.00000 ,70.66667 ,100.00000 ,
30.00000 ,70.66667 ,100.00000 ,
40.00000 ,70.66667 ,100.00000 ,
50.00000 ,70.66667 ,100.00000 ,
61.00000 ,70.66667 ,100.00000 ,
70.66667 ,70.66667 ,100.00000 ,
80.33333 ,70.66667 ,100.00000 ,
90.00000 ,70.66667 ,100.00000 ,
100.00000 ,70.66667 ,100.00000 ,
0.00000 ,80.33333 ,100.00000 ,
10.00000 ,80.33333 ,100.00000 ,
20.00000 ,80.33333 ,100.00000 ,
30.00000 ,80.33333 ,100.00000 ,
40.00000 ,80.33333 ,100.00000 ,
50.00000 ,80.33333 ,100.00000 ,
61.00000 ,80.33333 ,100.00000 ,
70.66667 ,80.33333 ,100.00000 ,
80.33333 ,80.33333 ,100.00000 ,
90.00000 ,80.33333 ,100.00000 ,
100.00000 ,80.33333 ,100.00000 ,
0.00000 ,90.00000 ,100.00000 ,
10.00000 ,90.00000 ,100.00000 ,
20.00000 ,90.00000 ,100.00000 ,
30.00000 ,90.00000 ,100.00000 ,
40.00000 ,90.00000 ,100.00000 ,
50.00000 ,90.00000 ,100.00000 ,
61.00000 ,90.00000 ,100.00000 ,
70.66667 ,90.00000 ,100.00000 ,
80.33333 ,90.00000 ,100.00000 ,
90.00000 ,90.00000 ,100.00000 ,
100.00000 ,90.00000 ,100.00000 ,
0.00000 ,100.00000 ,100.00000 ,
10.00000 ,100.00000 ,100.00000 ,
20.00000 ,100.00000 ,100.00000 ,
30.00000 ,100.00000 ,100.00000 ,
40.00000 ,100.00000 ,100.00000 ,
50.00000 ,100.00000 ,100.00000 ,
61.00000 ,100.00000 ,100.00000 ,
70.66667 ,100.00000 ,100.00000 ,
80.33333 ,100.00000 ,100.00000 ,
90.00000 ,100.00000 ,100.00000 ,
100.00000 ,100.00000 ,100.00000 ,
0.00000 ,0.00000 ,110.00000 ,
10.00000 ,0.00000 ,110.00000 ,
20.00000 ,0.00000 ,110.00000 ,
30.00000 ,0.00000 ,110.00000 ,
40.00000 ,0.00000 ,110.00000 ,
50.00000 ,0.00000 ,110.00000 ,
61.00000 ,0.00000 ,110.00000 ,
70.66667 ,0.00000 ,110.00000 ,
80.33333 ,0.00000 ,110.00000 ,
90.00000 ,0.00000 ,110.00000 ,
100.00000 ,0.00000 ,110.00000 ,
0.00000 ,10.00000 ,110.00000 ,
10.00000 ,10.00000 ,110.00000 ,
20.00000 ,10.00000 ,110.00000 ,
30.00000 ,10.00000 ,110.00000 ,
40.00000 ,10.00000 ,110.00000 ,
50.00000 ,10.00000 ,110.00000 ,
61.00000 ,10.00000 ,110.00000 ,
70.66667 ,10.00000 ,110.00000 ,
80.33333 ,10.00000 ,110.00000 ,
90.00000 ,10.00000 ,110.00000 ,
100.00000 ,10.00000 ,110.00000 ,
0.00000 ,20.00000 ,110.00000 ,
10.00000 ,20.00000 ,110.00000 ,
20.00000 ,20.00000 ,110.00000 ,
30.00000 ,20.00000 ,110.00000 ,
40.00000 ,20.00000 ,110.00000 ,
50.00000 ,20.00000 ,110.00000 ,
61.00000 ,20.00000 ,110.00000 ,
70.66667 ,20.00000 ,110.00000 ,
80.33333 ,20.00000 ,110.00000 ,
90.00000 ,20.00000 ,110.00000 ,
100.00000 ,20.00000 ,110.00000 ,
0.00000 ,30.00000 ,110.00000 ,
10.00000 ,30.00000 ,110.00000 ,
20.00000 ,30.00000 ,110.00000 ,
30.00000 ,30.00000 ,110.00000 ,
40.00000 ,30.00000 ,110.00000 ,
50.00000 ,30.00000 ,110.00000 ,
61.00000 ,30.00000 ,110.00000 ,
70.66667 ,30.00000 ,110.00000 ,
80.33333 ,30.00000 ,110.00000 ,
90.00000 ,30.00000 ,110.00000 ,
100.00000 ,30.00000 ,110.00000 ,
0.00000 ,40.00000 ,110.00000 ,
10.00000 ,40.00000 ,110.00000 ,
20.00000 ,40.00000 ,110.00000 ,
30.00000 ,40.00000 ,110.00000 ,
40.00000 ,40.00000 ,110.00000 ,
50.00000 ,40.00000 ,110.00000 ,
61.00000 ,40.00000 ,110.00000 ,
70.66667 ,40.00000 ,110.00000 ,
80.33333 ,40.00000 ,110.00000 ,
90.00000 ,40.00000 ,110.00000 ,
100.00000 ,40.00000 ,110.00000 ,
0.00000 ,50.00000 ,110.00000 ,
10.00000 ,50.00000 ,110.00000 ,
20.00000 ,50.00000 ,110.00000 ,
30.00000 ,50.00000 ,110.00000 ,
40.00000 ,50.00000 ,110.00000 ,
50.00000 ,50.00000 ,110.00000 ,
61.00000 ,50.00000 ,110.00000 ,
70.66667 ,50.00000 ,110.00000 ,
80.33333 ,50.00000 ,110.00000 ,
90.00000 ,50.00000 ,110.00000 ,
100.00000 ,50.00000 ,110.00000 ,
0.00000 ,61.00000 ,110.00000 ,
10.00000 ,61.00000 ,110.00000 ,
20.00000 ,61.00000 ,110.00000 ,
30.00000 ,61.00000 ,110.00000 ,
40.00000 ,61.00000 ,110.00000 ,
50.00000 ,61.00000 ,110.00000 ,
61.00000 ,61.00000 ,110.00000 ,
70.66667 ,61.00000 ,110.00000 ,
80.33333 ,61.00000 ,110.00000 ,
90.00000 ,61.00000 ,110.00000 ,
100.00000 ,61.00000 ,110.00000 ,
0.00000 ,70.66667 ,110.00000 ,
10.00000 ,70.66667 ,110.00000 ,
20.00000 ,70.66667 ,110.00000 ,
30.00000 ,70.66667 ,110.00000 ,
40.00000 ,70.66667 ,110.00000 ,
50.00000 ,70.66667 ,110.00000 ,
61.00000 ,70.66667 ,110.00000 ,
70.66667 ,70.66667 ,110.00000 ,
80.33333 ,70.66667 ,110.00000 ,
90.00000 ,70.66667 ,110.00000 ,
100.00000 ,70.66667 ,110.00000 ,
0.00000 ,80.33333 ,110.00000 ,
10.00000 ,80.33333 ,110.00000 ,
20.00000 ,80.33333 ,110.00000 ,
30.00000 ,80.33333 ,110.00000 ,
40.00000 ,80.33333 ,110.00000 ,
50.00000 ,80.33333 ,110.00000 ,
61.00000 ,80.33333 ,110.00000 ,
70.66667 ,80.33333 ,110.00000 ,
80.33333 ,80.33333 ,110.00000 ,
90.00000 ,80.33333 ,110.00000 ,
100.00000 ,80.33333 ,110.00000 ,
0.00000 ,90.00000 ,110.00000 ,
10.00000 ,90.00000 ,110.00000 ,
20.00000 ,90.00000 ,110.00000 ,
30.00000 ,90.00000 ,110.00000 ,
40.00000 ,90.00000 ,110.00000 ,
50.00000 ,90.00000 ,110.00000 ,
61.00000 ,90.00000 ,110.00000 ,
70.66667 ,90.00000 ,110.00000 ,
80.33333 ,90.00000 ,110.00000 ,
90.00000 ,90.00000 ,110.00000 ,
100.00000 ,90.00000 ,110.00000 ,
0.00000 ,100.00000 ,110.00000 ,
10.00000 ,100.00000 ,110.00000 ,
20.00000 ,100.00000 ,110.00000 ,
30.00000 ,100.00000 ,110.00000 ,
40.00000 ,100.00000 ,110.00000 ,
50.00000 ,100.00000 ,110.00000 ,
61.00000 ,100.00000 ,110.00000 ,
70.66667 ,100.00000 ,110.00000 ,
80.33333 ,100.00000 ,110.00000 ,
90.00000 ,100.00000 ,110.00000 ,
100.00000 ,100.00000 ,110.00000 ,
0.00000 ,0.00000 ,121.00000 ,
10.00000 ,0.00000 ,121.00000 ,
20.00000 ,0.00000 ,121.00000 ,
30.00000 ,0.00000 ,121.00000 ,
40.00000 ,0.00000 ,121.00000 ,
50.00000 ,0.00000 ,121.00000 ,
61.00000 ,0.00000 ,121.00000 ,
70.66667 ,0.00000 ,121.00000 ,
80.33333 ,0.00000 ,121.00000 ,
90.00000 ,0.00000 ,121.00000 ,
100.00000 ,0.00000 ,121.00000 ,
0.00000 ,10.00000 ,121.00000 ,
10.00000 ,10.00000 ,121.00000 ,
20.00000 ,10.00000 ,121.00000 ,
30.00000 ,10.00000 ,121.00000 ,
40.00000 ,10.00000 ,121.00000 ,
50.00000 ,10.00000 ,121.00000 ,
61.00000 ,10.00000 ,121.00000 ,
70.66667 ,10.00000 ,121.00000 ,
80.33333 ,10.00000 ,121.00000 ,
90.00000 ,10.00000 ,121.00000 ,
100.00000 ,10.00000 ,121.00000 ,
0.00000 ,20.00000 ,121.00000 ,
10.00000 ,20.00000 ,121.00000 ,
20.00000 ,20.00000 ,121.00000 ,
30.00000 ,20.00000 ,121.00000 ,
40.00000 ,20.00000 ,121.00000 ,
50.00000 ,20.00000 ,121.00000 ,
61.00000 ,20.00000 ,121.00000 ,
70.66667 ,20.00000 ,121.00000 ,
80.33333 ,20.00000 ,121.00000 ,
90.00000 ,20.00000 ,121.00000 ,
100.00000 ,20.00000 ,121.00000 ,
0.00000 ,30.00000 ,121.00000 ,
10.00000 ,30.00000 ,121.00000 ,
20.00000 ,30.00000 ,121.00000 ,
30.00000 ,30.00000 ,121.00000 ,
40.00000 ,30.00000 ,121.00000 ,
50.00000 ,30.00000 ,121.00000 ,
61.00000 ,30.00000 ,121.00000 ,
70.66667 ,30.00000 ,121.00000 ,
80.33333 ,30.00000 ,121.00000 ,
90.00000 ,30.00000 ,121.00000 ,
100.00000 ,30.00000 ,121.00000 ,
0.00000 ,40.00000 ,121.00000 ,
10.00000 ,40.00000 ,121.00000 ,
20.00000 ,40.00000 ,121.00000 ,
30.00000 ,40.00000 ,121.00000 ,
40.00000 ,40.00000 ,121.00000 ,
50.00000 ,40.00000 ,121.00000 ,
61.00000 ,40.00000 ,121.00000 ,
70.66667 ,40.00000 ,121.00000 ,
80.33333 ,40.00000 ,121.00000 ,
90.00000 ,40.00000 ,121.00000 ,
100.00000 ,40.00000 ,121.00000 ,
0.00000 ,50.00000 ,121.00000 ,
10.00000 ,50.00000 ,121.00000 ,
20.00000 ,50.00000 ,121.00000 ,
30.00000 ,50.00000 ,121.00000 ,
40.00000 ,50.00000 ,121.00000 ,
50.00000 ,50.00000 ,121.00000 ,
61.00000 ,50.00000 ,121.00000 ,
70.66667 ,50.00000 ,121.00000 ,
80.33333 ,50.00000 ,121.00000 ,
90.00000 ,50.00000 ,121.00000 ,
100.00000 ,50.00000 ,121.00000 ,
0.00000 ,61.00000 ,121.00000 ,
10.00000 ,61.00000 ,121.00000 ,
20.00000 ,61.00000 ,121.00000 ,
30.00000 ,61.00000 ,121.00000 ,
40.00000 ,61.00000 ,121.00000 ,
50.00000 ,61.00000 ,121.00000 ,
61.00000 ,61.00000 ,121.00000 ,
70.66667 ,61.00000 ,121.00000 ,
80.33333 ,61.00000 ,121.00000 ,
90.00000 ,61.00000 ,121.00000 ,
100.00000 ,61.00000 ,121.00000 ,
0.00000 ,70.66667 ,121.00000 ,
10.00000 ,70.66667 ,121.00000 ,
20.00000 ,70.66667 ,121.00000 ,
30.00000 ,70.66667 ,121.00000 ,
40.00000 ,70.66667 ,121.00000 ,
50.00000 ,70.66667 ,121.00000 ,
61.00000 ,70.66667 ,121.00000 ,
70.66667 ,70.66667 ,121.00000 ,
80.33333 ,70.66667 ,121.00000 ,
90.00000 ,70.66667 ,121.00000 ,
100.00000 ,70.66667 ,121.00000 ,
0.00000 ,80.33333 ,121.00000 ,
10.00000 ,80.33333 ,121.00000 ,
20.00000 ,80.33333 ,121.00000 ,
30.00000 ,80.33333 ,121.00000 ,
40.00000 ,80.33333 ,121.00000 ,
50.00000 ,80.33333 ,121.00000 ,
61.00000 ,80.33333 ,121.00000 ,
70.66667 ,80.33333 ,121.00000 ,
80.33333 ,80.33333 ,121.00000 ,
90.00000 ,80.33333 ,121.00000 ,
100.00000 ,80.33333 ,121.00000 ,
0.00000 ,90.00000 ,121.00000 ,
10.00000 ,90.00000 ,121.00000 ,
20.00000 ,90.00000 ,121.00000 ,
30.00000 ,90.00000 ,121.00000 ,
40.00000 ,90.00000 ,121.00000 ,
50.00000 ,90.00000 ,121.00000 ,
61.00000 ,90.00000 ,121.00000 ,
70.66667 ,90.00000 ,121.00000 ,
80.33333 ,90.00000 ,121.00000 ,
90.00000 ,90.00000 ,121.00000 ,
100.00000 ,90.00000 ,121.00000 ,
0.00000 ,100.00000 ,121.00000 ,
10.00000 ,100.00000 ,121.00000 ,
20.00000 ,100.00000 ,121.00000 ,
30.00000 ,100.00000 ,121.00000 ,
40.00000 ,100.00000 ,121.00000 ,
50.00000 ,100.00000 ,121.00000 ,
61.00000 ,100.00000 ,121.00000 ,
70.66667 ,100.00000 ,121.00000 ,
80.33333 ,100.00000 ,121.00000 ,
90.00000 ,100.00000 ,121.00000 ,
100.00000 ,100.00000 ,121.00000 ,
0.00000 ,0.00000 ,133.10000 ,
10.00000 ,0.00000 ,133.10000 ,
20.00000 ,0.00000 ,133.10000 ,
30.00000 ,0.00000 ,133.10000 ,
40.00000 ,0.00000 ,133.10000 ,
50.00000 ,0.00000 ,133.10000 ,
61.00000 ,0.00000 ,133.10000 ,
70.66667 ,0.00000 ,133.10000 ,
80.33333 ,0.00000 ,133.10000 ,
90.00000 ,0.00000 ,133.10000 ,
100.00000 ,0.00000 ,133.10000 ,
0.00000 ,10.00000 ,133.10000 ,
10.00000 ,10.00000 ,133.10000 ,
20.00000 ,10.00000 ,133.10000 ,
30.00000 ,10.00000 ,133.10000 ,
40.00000 ,10.00000 ,133.10000 ,
50.00000 ,10.00000 ,133.10000 ,
61.00000 ,10.00000 ,133.10000 ,
70.66667 ,10.00000 ,133.10000 ,
80.33333 ,10.00000 ,133.10000 ,
90.00000 ,10.00000 ,133.10000 ,
100.00000 ,10.00000 ,133.10000 ,
0.00000 ,20.00000 ,133.10000 ,
10.00000 ,20.00000 ,133.10000 ,
20.00000 ,20.00000 ,133.10000 ,
30.00000 ,20.00000 ,133.10000 ,
40.00000 ,20.00000 ,133.10000 ,
50.00000 ,20.00000 ,133.10000 ,
61.00000 ,20.00000 ,133.10000 ,
70.66667 ,20.00000 ,133.10000 ,
80.33333 ,20.00000 ,133.10000 ,
90.00000 ,20.00000 ,133.10000 ,
100.00000 ,20.00000 ,133.10000 ,
0.00000 ,30.00000 ,133.10000 ,
10.00000 ,30.00000 ,133.10000 ,
20.00000 ,30.00000 ,133.10000 ,
30.00000 ,30.00000 ,133.10000 ,
40.00000 ,30.00000 ,133.10000 ,
50.00000 ,30.00000 ,133.10000 ,
61.00000 ,30.00000 ,133.10000 ,
70.66667 ,30.00000 ,133.10000 ,
80.33333 ,30.00000 ,133.10000 ,
90.00000 ,30.00000 ,133.10000 ,
100.00000 ,30.00000 ,133.10000 ,
0.00000 ,40.00000 ,133.10000 ,
10.00000 ,40.00000 ,133.10000 ,
20.00000 ,40.00000 ,133.10000 ,
30.00000 ,40.00000 ,133.10000 ,
40.00000 ,40.00000 ,133.10000 ,
50.00000 ,40.00000 ,133.10000 ,
61.00000 ,40.00000 ,133.10000 ,
70.66667 ,40.00000 ,133.10000 ,
80.33333 ,40.00000 ,133.10000 ,
90.00000 ,40.00000 ,133.10000 ,
100.00000 ,40.00000 ,133.10000 ,
0.00000 ,50.00000 ,133.10000 ,
10.00000 ,50.00000 ,133.10000 ,
20.00000 ,50.00000 ,133.10000 ,
30.00000 ,50.00000 ,133.10000 ,
40.00000 ,50.00000 ,133.10000 ,
50.00000 ,50.00000 ,133.10000 ,
61.00000 ,50.00000 ,133.10000 ,
70.66667 ,50.00000 ,133.10000 ,
80.33333 ,50.00000 ,133.10000 ,
90.00000 ,50.00000 ,133.10000 ,
100.00000 ,50.00000 ,133.10000 ,
0.00000 ,61.00000 ,133.10000 ,
10.00000 ,61.00000 ,133.10000 ,
20.00000 ,61.00000 ,133.10000 ,
30.00000 ,61.00000 ,133.10000 ,
40.00000 ,61.00000 ,133.10000 ,
50.00000 ,61.00000 ,133.10000 ,
61.00000 ,61.00000 ,133.10000 ,
70.66667 ,61.00000 ,133.10000 ,
80.33333 ,61.00000 ,133.10000 ,
90.00000 ,61.00000 ,133.10000 ,
100.00000 ,61.00000 ,133.10000 ,
0.00000 ,70.66667 ,133.10000 ,
10.00000 ,70.66667 ,133.10000 ,
20.00000 ,70.66667 ,133.10000 ,
30.00000 ,70.66667 ,133.10000 ,
40.00000 ,70.66667 ,133.10000 ,
50.00000 ,70.66667 ,133.10000 ,
61.00000 ,70.66667 ,133.10000 ,
70.66667 ,70.66667 ,133.10000 ,
80.33333 ,70.66667 ,133.10000 ,
90.00000 ,70.66667 ,133.10000 ,
100.00000 ,70.66667 ,133.10000 ,
0.00000 ,80.33333 ,133.10000 ,
10.00000 ,80.33333 ,133.10000 ,
20.00000 ,80.33333 ,133.10000 ,
30.00000 ,80.33333 ,133.10000 ,
40.00000 ,80.33333 ,133.10000 ,
50.00000 ,80.33333 ,133.10000 ,
61.00000 ,80.33333 ,133.10000 ,
70.66667 ,80.33333 ,133.10000 ,
80.33333 ,80.33333 ,133.10000 ,
90.00000 ,80.33333 ,133.10000 ,
100.00000 ,80.33333 ,133.10000 ,
0.00000 ,90.00000 ,133.10000 ,
10.00000 ,90.00000 ,133.10000 ,
20.00000 ,90.00000 ,133.10000 ,
30.00000 ,90.00000 ,133.10000 ,
40.00000 ,90.00000 ,133.10000 ,
50.00000 ,90.00000 ,133.10000 ,
61.00000 ,90.00000 ,133.10000 ,
70.66667 ,90.00000 ,133.10000 ,
80.33333 ,90.00000 ,133.10000 ,
90.00000 ,90.00000 ,133.10000 ,
100.00000 ,90.00000 ,133.10000 ,
0.00000 ,100.00000 ,133.10000 ,
10.00000 ,100.00000 ,133.10000 ,
20.00000 ,100.00000 ,133.10000 ,
30.00000 ,100.00000 ,133.10000 ,
40.00000 ,100.00000 ,133.10000 ,
50.00000 ,100.00000 ,133.10000 ,
61.00000 ,100.00000 ,133.10000 ,
70.66667 ,100.00000 ,133.10000 ,
80.33333 ,100.00000 ,133.10000 ,
90.00000 ,100.00000 ,133.10000 ,
100.00000 ,100.00000 ,133.10000 ,
0.00000 ,0.00000 ,144.36667 ,
10.00000 ,0.00000 ,144.36667 ,
20.00000 ,0.00000 ,144.36667 ,
30.00000 ,0.00000 ,144.36667 ,
40.00000 ,0.00000 ,144.36667 ,
50.00000 ,0.00000 ,144.36667 ,
61.00000 ,0.00000 ,144.36667 ,
70.66667 ,0.00000 ,144.36667 ,
80.33333 ,0.00000 ,144.36667 ,
90.00000 ,0.00000 ,144.36667 ,
100.00000 ,0.00000 ,144.36667 ,
0.00000 ,10.00000 ,144.36667 ,
10.00000 ,10.00000 ,144.36667 ,
20.00000 ,10.00000 ,144.36667 ,
30.00000 ,10.00000 ,144.36667 ,
40.00000 ,10.00000 ,144.36667 ,
50.00000 ,10.00000 ,144.36667 ,
61.00000 ,10.00000 ,144.36667 ,
70.66667 ,10.00000 ,144.36667 ,
80.33333 ,10.00000 ,144.36667 ,
90.00000 ,10.00000 ,144.36667 ,
100.00000 ,10.00000 ,144.36667 ,
0.00000 ,20.00000 ,144.36667 ,
10.00000 ,20.00000 ,144.36667 ,
20.00000 ,20.00000 ,144.36667 ,
30.00000 ,20.00000 ,144.36667 ,
40.00000 ,20.00000 ,144.36667 ,
50.00000 ,20.00000 ,144.36667 ,
61.00000 ,20.00000 ,144.36667 ,
70.66667 ,20.00000 ,144.36667 ,
80.33333 ,20.00000 ,144.36667 ,
90.00000 ,20.00000 ,144.36667 ,
100.00000 ,20.00000 ,144.36667 ,
0.00000 ,30.00000 ,144.36667 ,
10.00000 ,30.00000 ,144.36667 ,
20.00000 ,30.00000 ,144.36667 ,
30.00000 ,30.00000 ,144.36667 ,
40.00000 ,30.00000 ,144.36667 ,
50.00000 ,30.00000 ,144.36667 ,
61.00000 ,30.00000 ,144.36667 ,
70.66667 ,30.00000 ,144.36667 ,
80.33333 ,30.00000 ,144.36667 ,
90.00000 ,30.00000 ,144.36667 ,
100.00000 ,30.00000 ,144.36667 ,
0.00000 ,40.00000 ,144.36667 ,
10.00000 ,40.00000 ,144.36667 ,
20.00000 ,40.00000 ,144.36667 ,
30.00000 ,40.00000 ,144.36667 ,
40.00000 ,40.00000 ,144.36667 ,
50.00000 ,40.00000 ,144.36667 ,
61.00000 ,40.00000 ,144.36667 ,
70.66667 ,40.00000 ,144.36667 ,
80.33333 ,40.00000 ,144.36667 ,
90.00000 ,40.00000 ,144.36667 ,
100.00000 ,40.00000 ,144.36667 ,
0.00000 ,50.00000 ,144.36667 ,
10.00000 ,50.00000 ,144.36667 ,
20.00000 ,50.00000 ,144.36667 ,
30.00000 ,50.00000 ,144.36667 ,
40.00000 ,50.00000 ,144.36667 ,
50.00000 ,50.00000 ,144.36667 ,
61.00000 ,50.00000 ,144.36667 ,
70.66667 ,50.00000 ,144.36667 ,
80.33333 ,50.00000 ,144.36667 ,
90.00000 ,50.00000 ,144.36667 ,
100.00000 ,50.00000 ,144.36667 ,
0.00000 ,61.00000 ,144.36667 ,
10.00000 ,61.00000 ,144.36667 ,
20.00000 ,61.00000 ,144.36667 ,
30.00000 ,61.00000 ,144.36667 ,
40.00000 ,61.00000 ,144.36667 ,
50.00000 ,61.00000 ,144.36667 ,
61.00000 ,61.00000 ,144.36667 ,
70.66667 ,61.00000 ,144.36667 ,
80.33333 ,61.00000 ,144.36667 ,
90.00000 ,61.00000 ,144.36667 ,
100.00000 ,61.00000 ,144.36667 ,
0.00000 ,70.66667 ,144.36667 ,
10.00000 ,70.66667 ,144.36667 ,
20.00000 ,70.66667 ,144.36667 ,
30.00000 ,70.66667 ,144.36667 ,
40.00000 ,70.66667 ,144.36667 ,
50.00000 ,70.66667 ,144.36667 ,
61.00000 ,70.66667 ,144.36667 ,
70.66667 ,70.66667 ,144.36667 ,
80.33333 ,70.66667 ,144.36667 ,
90.00000 ,70.66667 ,144.36667 ,
100.00000 ,70.66667 ,144.36667 ,
0.00000 ,80.33333 ,144.36667 ,
10.00000 ,80.33333 ,144.36667 ,
20.00000 ,80.33333 ,144.36667 ,
30.00000 ,80.33333 ,144.36667 ,
40.00000 ,80.33333 ,144.36667 ,
50.00000 ,80.33333 ,144.36667 ,
61.00000 ,80.33333 ,144.36667 ,
70.66667 ,80.33333 ,144.36667 ,
80.33333 ,80.33333 ,144.36667 ,
90.00000 ,80.33333 ,144.36667 ,
100.00000 ,80.33333 ,144.36667 ,
0.00000 ,90.00000 ,144.36667 ,
10.00000 ,90.00000 ,144.36667 ,
20.00000 ,90.00000 ,144.36667 ,
30.00000 ,90.00000 ,144.36667 ,
40.00000 ,90.00000 ,144.36667 ,
50.00000 ,90.00000 ,144.36667 ,
61.00000 ,90.00000 ,144.36667 ,
70.66667 ,90.00000 ,144.36667 ,
80.33333 ,90.00000 ,144.36667 ,
90.00000 ,90.00000 ,144.36667 ,
100.00000 ,90.00000 ,144.36667 ,
0.00000 ,100.00000 ,144.36667 ,
10.00000 ,100.00000 ,144.36667 ,
20.00000 ,100.00000 ,144.36667 ,
30.00000 ,100.00000 ,144.36667 ,
40.00000 ,100.00000 ,144.36667 ,
50.00000 ,100.00000 ,144.36667 ,
61.00000 ,100.00000 ,144.36667 ,
70.66667 ,100.00000 ,144.36667 ,
80.33333 ,100.00000 ,144.36667 ,
90.00000 ,100.00000 ,144.36667 ,
100.00000 ,100.00000 ,144.36667 ,
0.00000 ,0.00000 ,155.63333 ,
10.00000 ,0.00000 ,155.63333 ,
20.00000 ,0.00000 ,155.63333 ,
30.00000 ,0.00000 ,155.63333 ,
40.00000 ,0.00000 ,155.63333 ,
50.00000 ,0.00000 ,155.63333 ,
61.00000 ,0.00000 ,155.63333 ,
70.66667 ,0.00000 ,155.63333 ,
80.33333 ,0.00000 ,155.63333 ,
90.00000 ,0.00000 ,155.63333 ,
100.00000 ,0.00000 ,155.63333 ,
0.00000 ,10.00000 ,155.63333 ,
10.00000 ,10.00000 ,155.63333 ,
20.00000 ,10.00000 ,155.63333 ,
30.00000 ,10.00000 ,155.63333 ,
40.00000 ,10.00000 ,155.63333 ,
50.00000 ,10.00000 ,155.63333 ,
61.00000 ,10.00000 ,155.63333 ,
70.66667 ,10.00000 ,155.63333 ,
80.33333 ,10.00000 ,155.63333 ,
90.00000 ,10.00000 ,155.63333 ,
100.00000 ,10.00000 ,155.63333 ,
0.00000 ,20.00000 ,155.63333 ,
10.00000 ,20.00000 ,155.63333 ,
20.00000 ,20.00000 ,155.63333 ,
30.00000 ,20.00000 ,155.63333 ,
40.00000 ,20.00000 ,155.63333 ,
50.00000 ,20.00000 ,155.63333 ,
61.00000 ,20.00000 ,155.63333 ,
70.66667 ,20.00000 ,155.63333 ,
80.33333 ,20.00000 ,155.63333 ,
90.00000 ,20.00000 ,155.63333 ,
100.00000 ,20.00000 ,155.63333 ,
0.00000 ,30.00000 ,155.63333 ,
10.00000 ,30.00000 ,155.63333 ,
20.00000 ,30.00000 ,155.63333 ,
30.00000 ,30.00000 ,155.63333 ,
40.00000 ,30.00000 ,155.63333 ,
50.00000 ,30.00000 ,155.63333 ,
61.00000 ,30.00000 ,155.63333 ,
70.66667 ,30.00000 ,155.63333 ,
80.33333 ,30.00000 ,155.63333 ,
90.00000 ,30.00000 ,155.63333 ,
100.00000 ,30.00000 ,155.63333 ,
0.00000 ,40.00000 ,155.63333 ,
10.00000 ,40.00000 ,155.63333 ,
20.00000 ,40.00000 ,155.63333 ,
30.00000 ,40.00000 ,155.63333 ,
40.00000 ,40.00000 ,155.63333 ,
50.00000 ,40.00000 ,155.63333 ,
61.00000 ,40.00000 ,155.63333 ,
70.66667 ,40.00000 ,155.63333 ,
80.33333 ,40.00000 ,155.63333 ,
90.00000 ,40.00000 ,155.63333 ,
100.00000 ,40.00000 ,155.63333 ,
0.00000 ,50.00000 ,155.63333 ,
10.00000 ,50.00000 ,155.63333 ,
20.00000 ,50.00000 ,155.63333 ,
30.00000 ,50.00000 ,155.63333 ,
40.00000 ,50.00000 ,155.63333 ,
50.00000 ,50.00000 ,155.63333 ,
61.00000 ,50.00000 ,155.63333 ,
70.66667 ,50.00000 ,155.63333 ,
80.33333 ,50.00000 ,155.63333 ,
90.00000 ,50.00000 ,155.63333 ,
100.00000 ,50.00000 ,155.63333 ,
0.00000 ,61.00000 ,155.63333 ,
10.00000 ,61.00000 ,155.63333 ,
20.00000 ,61.00000 ,155.63333 ,
30.00000 ,61.00000 ,155.63333 ,
40.00000 ,61.00000 ,155.63333 ,
50.00000 ,61.00000 ,155.63333 ,
61.00000 ,61.00000 ,155.63333 ,
70.66667 ,61.00000 ,155.63333 ,
80.33333 ,61.00000 ,155.63333 ,
90.00000 ,61.00000 ,155.63333 ,
100.00000 ,61.00000 ,155.63333 ,
0.00000 ,70.66667 ,155.63333 ,
10.00000 ,70.66667 ,155.63333 ,
20.00000 ,70.66667 ,155.63333 ,
30.00000 ,70.66667 ,155.63333 ,
40.00000 ,70.66667 ,155.63333 ,
50.00000 ,70.66667 ,155.63333 ,
61.00000 ,70.66667 ,155.63333 ,
70.66667 ,70.66667 ,155.63333 ,
80.33333 ,70.66667 ,155.63333 ,
90.00000 ,70.66667 ,155.63333 ,
100.00000 ,70.66667 ,155.63333 ,
0.00000 ,80.33333 ,155.63333 ,
10.00000 ,80.33333 ,155.63333 ,
20.00000 ,80.33333 ,155.63333 ,
30.00000 ,80.33333 ,155.63333 ,
40.00000 ,80.33333 ,155.63333 ,
50.00000 ,80.33333 ,155.63333 ,
61.00000 ,80.33333 ,155.63333 ,
70.66667 ,80.33333 ,155.63333 ,
80.33333 ,80.33333 ,155.63333 ,
90.00000 ,80.33333 ,155.63333 ,
100.00000 ,80.33333 ,155.63333 ,
0.00000 ,90.00000 ,155.63333 ,
10.00000 ,90.00000 ,155.63333 ,
20.00000 ,90.00000 ,155.63333 ,
30.00000 ,90.00000 ,155.63333 ,
40.00000 ,90.00000 ,155.63333 ,
50.00000 ,90.00000 ,155.63333 ,
61.00000 ,90.00000 ,155.63333 ,
70.66667 ,90.00000 ,155.63333 ,
80.33333 ,90.00000 ,155.63333 ,
90.00000 ,90.00000 ,155.63333 ,
100.00000 ,90.00000 ,155.63333 ,
0.00000 ,100.00000 ,155.63333 ,
10.00000 ,100.00000 ,155.63333 ,
20.00000 ,100.00000 ,155.63333 ,
30.00000 ,100.00000 ,155.63333 ,
40.00000 ,100.00000 ,155.63333 ,
50.00000 ,100.00000 ,155.63333 ,
61.00000 ,100.00000 ,155.63333 ,
70.66667 ,100.00000 ,155.63333 ,
80.33333 ,100.00000 ,155.63333 ,
90.00000 ,100.00000 ,155.63333 ,
100.00000 ,100.00000 ,155.63333 ,
0.00000 ,0.00000 ,166.90000 ,
10.00000 ,0.00000 ,166.90000 ,
20.00000 ,0.00000 ,166.90000 ,
30.00000 ,0.00000 ,166.90000 ,
40.00000 ,0.00000 ,166.90000 ,
50.00000 ,0.00000 ,166.90000 ,
61.00000 ,0.00000 ,166.90000 ,
70.66667 ,0.00000 ,166.90000 ,
80.33333 ,0.00000 ,166.90000 ,
90.00000 ,0.00000 ,166.90000 ,
100.00000 ,0.00000 ,166.90000 ,
0.00000 ,10.00000 ,166.90000 ,
10.00000 ,10.00000 ,166.90000 ,
20.00000 ,10.00000 ,166.90000 ,
30.00000 ,10.00000 ,166.90000 ,
40.00000 ,10.00000 ,166.90000 ,
50.00000 ,10.00000 ,166.90000 ,
61.00000 ,10.00000 ,166.90000 ,
70.66667 ,10.00000 ,166.90000 ,
80.33333 ,10.00000 ,166.90000 ,
90.00000 ,10.00000 ,166.90000 ,
100.00000 ,10.00000 ,166.90000 ,
0.00000 ,20.00000 ,166.90000 ,
10.00000 ,20.00000 ,166.90000 ,
20.00000 ,20.00000 ,166.90000 ,
30.00000 ,20.00000 ,166.90000 ,
40.00000 ,20.00000 ,166.90000 ,
50.00000 ,20.00000 ,166.90000 ,
61.00000 ,20.00000 ,166.90000 ,
70.66667 ,20.00000 ,166.90000 ,
80.33333 ,20.00000 ,166.90000 ,
90.00000 ,20.00000 ,166.90000 ,
100.00000 ,20.00000 ,166.90000 ,
0.00000 ,30.00000 ,166.90000 ,
10.00000 ,30.00000 ,166.90000 ,
20.00000 ,30.00000 ,166.90000 ,
30.00000 ,30.00000 ,166.90000 ,
40.00000 ,30.00000 ,166.90000 ,
50.00000 ,30.00000 ,166.90000 ,
61.00000 ,30.00000 ,166.90000 ,
70.66667 ,30.00000 ,166.90000 ,
80.33333 ,30.00000 ,166.90000 ,
90.00000 ,30.00000 ,166.90000 ,
100.00000 ,30.00000 ,166.90000 ,
0.00000 ,40.00000 ,166.90000 ,
10.00000 ,40.00000 ,166.90000 ,
20.00000 ,40.00000 ,166.90000 ,
30.00000 ,40.00000 ,166.90000 ,
40.00000 ,40.00000 ,166.90000 ,
50.00000 ,40.00000 ,166.90000 ,
61.00000 ,40.00000 ,166.90000 ,
70.66667 ,40.00000 ,166.90000 ,
80.33333 ,40.00000 ,166.90000 ,
90.00000 ,40.00000 ,166.90000 ,
100.00000 ,40.00000 ,166.90000 ,
0.00000 ,50.00000 ,166.90000 ,
10.00000 ,50.00000 ,166.90000 ,
20.00000 ,50.00000 ,166.90000 ,
30.00000 ,50.00000 ,166.90000 ,
40.00000 ,50.00000 ,166.90000 ,
50.00000 ,50.00000 ,166.90000 ,
61.00000 ,50.00000 ,166.90000 ,
70.66667 ,50.00000 ,166.90000 ,
80.33333 ,50.00000 ,166.90000 ,
90.00000 ,50.00000 ,166.90000 ,
100.00000 ,50.00000 ,166.90000 ,
0.00000 ,61.00000 ,166.90000 ,
10.00000 ,61.00000 ,166.90000 ,
20.00000 ,61.00000 ,166.90000 ,
30.00000 ,61.00000 ,166.90000 ,
40.00000 ,61.00000 ,166.90000 ,
50.00000 ,61.00000 ,166.90000 ,
61.00000 ,61.00000 ,166.90000 ,
70.66667 ,61.00000 ,166.90000 ,
80.33333 ,61.00000 ,166.90000 ,
90.00000 ,61.00000 ,166.90000 ,
100.00000 ,61.00000 ,166.90000 ,
0.00000 ,70.66667 ,166.90000 ,
10.00000 ,70.66667 ,166.90000 ,
20.00000 ,70.66667 ,166.90000 ,
30.00000 ,70.66667 ,166.90000 ,
40.00000 ,70.66667 ,166.90000 ,
50.00000 ,70.66667 ,166.90000 ,
61.00000 ,70.66667 ,166.90000 ,
70.66667 ,70.66667 ,166.90000 ,
80.33333 ,70.66667 ,166.90000 ,
90.00000 ,70.66667 ,166.90000 ,
100.00000 ,70.66667 ,166.90000 ,
0.00000 ,80.33333 ,166.90000 ,
10.00000 ,80.33333 ,166.90000 ,
20.00000 ,80.33333 ,166.90000 ,
30.00000 ,80.33333 ,166.90000 ,
40.00000 ,80.33333 ,166.90000 ,
50.00000 ,80.33333 ,166.90000 ,
61.00000 ,80.33333 ,166.90000 ,
70.66667 ,80.33333 ,166.90000 ,
80.33333 ,80.33333 ,166.90000 ,
90.00000 ,80.33333 ,166.90000 ,
100.00000 ,80.33333 ,166.90000 ,
0.00000 ,90.00000 ,166.90000 ,
10.00000 ,90.00000 ,166.90000 ,
20.00000 ,90.00000 ,166.90000 ,
30.00000 ,90.00000 ,166.90000 ,
40.00000 ,90.00000 ,166.90000 ,
50.00000 ,90.00000 ,166.90000 ,
61.00000 ,90.00000 ,166.90000 ,
70.66667 ,90.00000 ,166.90000 ,
80.33333 ,90.00000 ,166.90000 ,
90.00000 ,90.00000 ,166.90000 ,
100.00000 ,90.00000 ,166.90000 ,
0.00000 ,100.00000 ,166.90000 ,
10.00000 ,100.00000 ,166.90000 ,
20.00000 ,100.00000 ,166.90000 ,
30.00000 ,100.00000 ,166.90000 ,
40.00000 ,100.00000 ,166.90000 ,
50.00000 ,100.00000 ,166.90000 ,
61.00000 ,100.00000 ,166.90000 ,
70.66667 ,100.00000 ,166.90000 ,
80.33333 ,100.00000 ,166.90000 ,
90.00000 ,100.00000 ,166.90000 ,
100.00000 ,100.00000 ,166.90000 ,
0.00000 ,0.00000 ,179.00000 ,
10.00000 ,0.00000 ,179.00000 ,
20.00000 ,0.00000 ,179.00000 ,
30.00000 ,0.00000 ,179.00000 ,
40.00000 ,0.00000 ,179.00000 ,
50.00000 ,0.00000 ,179.00000 ,
61.00000 ,0.00000 ,179.00000 ,
70.66667 ,0.00000 ,179.00000 ,
80.33333 ,0.00000 ,179.00000 ,
90.00000 ,0.00000 ,179.00000 ,
100.00000 ,0.00000 ,179.00000 ,
0.00000 ,10.00000 ,179.00000 ,
10.00000 ,10.00000 ,179.00000 ,
20.00000 ,10.00000 ,179.00000 ,
30.00000 ,10.00000 ,179.00000 ,
40.00000 ,10.00000 ,179.00000 ,
50.00000 ,10.00000 ,179.00000 ,
61.00000 ,10.00000 ,179.00000 ,
70.66667 ,10.00000 ,179.00000 ,
80.33333 ,10.00000 ,179.00000 ,
90.00000 ,10.00000 ,179.00000 ,
100.00000 ,10.00000 ,179.00000 ,
0.00000 ,20.00000 ,179.00000 ,
10.00000 ,20.00000 ,179.00000 ,
20.00000 ,20.00000 ,179.00000 ,
30.00000 ,20.00000 ,179.00000 ,
40.00000 ,20.00000 ,179.00000 ,
50.00000 ,20.00000 ,179.00000 ,
61.00000 ,20.00000 ,179.00000 ,
70.66667 ,20.00000 ,179.00000 ,
80.33333 ,20.00000 ,179.00000 ,
90.00000 ,20.00000 ,179.00000 ,
100.00000 ,20.00000 ,179.00000 ,
0.00000 ,30.00000 ,179.00000 ,
10.00000 ,30.00000 ,179.00000 ,
20.00000 ,30.00000 ,179.00000 ,
30.00000 ,30.00000 ,179.00000 ,
40.00000 ,30.00000 ,179.00000 ,
50.00000 ,30.00000 ,179.00000 ,
61.00000 ,30.00000 ,179.00000 ,
70.66667 ,30.00000 ,179.00000 ,
80.33333 ,30.00000 ,179.00000 ,
90.00000 ,30.00000 ,179.00000 ,
100.00000 ,30.00000 ,179.00000 ,
0.00000 ,40.00000 ,179.00000 ,
10.00000 ,40.00000 ,179.00000 ,
20.00000 ,40.00000 ,179.00000 ,
30.00000 ,40.00000 ,179.00000 ,
40.00000 ,40.00000 ,179.00000 ,
50.00000 ,40.00000 ,179.00000 ,
61.00000 ,40.00000 ,179.00000 ,
70.66667 ,40.00000 ,179.00000 ,
80.33333 ,40.00000 ,179.00000 ,
90.00000 ,40.00000 ,179.00000 ,
100.00000 ,40.00000 ,179.00000 ,
0.00000 ,50.00000 ,179.00000 ,
10.00000 ,50.00000 ,179.00000 ,
20.00000 ,50.00000 ,179.00000 ,
30.00000 ,50.00000 ,179.00000 ,
40.00000 ,50.00000 ,179.00000 ,
50.00000 ,50.00000 ,179.00000 ,
61.00000 ,50.00000 ,179.00000 ,
70.66667 ,50.00000 ,179.00000 ,
80.33333 ,50.00000 ,179.00000 ,
90.00000 ,50.00000 ,179.00000 ,
100.00000 ,50.00000 ,179.00000 ,
0.00000 ,61.00000 ,179.00000 ,
10.00000 ,61.00000 ,179.00000 ,
20.00000 ,61.00000 ,179.00000 ,
30.00000 ,61.00000 ,179.00000 ,
40.00000 ,61.00000 ,179.00000 ,
50.00000 ,61.00000 ,179.00000 ,
61.00000 ,61.00000 ,179.00000 ,
70.66667 ,61.00000 ,179.00000 ,
80.33333 ,61.00000 ,179.00000 ,
90.00000 ,61.00000 ,179.00000 ,
100.00000 ,61.00000 ,179.00000 ,
0.00000 ,70.66667 ,179.00000 ,
10.00000 ,70.66667 ,179.00000 ,
20.00000 ,70.66667 ,179.00000 ,
30.00000 ,70.66667 ,179.00000 ,
40.00000 ,70.66667 ,179.00000 ,
50.00000 ,70.66667 ,179.00000 ,
61.00000 ,70.66667 ,179.00000 ,
70.66667 ,70.66667 ,179.00000 ,
80.33333 ,70.66667 ,179.00000 ,
90.00000 ,70.66667 ,179.00000 ,
100.00000 ,70.66667 ,179.00000 ,
0.00000 ,80.33333 ,179.00000 ,
10.00000 ,80.33333 ,179.00000 ,
20.00000 ,80.33333 ,179.00000 ,
30.00000 ,80.33333 ,179.00000 ,
40.00000 ,80.33333 ,179.00000 ,
50.00000 ,80.33333 ,179.00000 ,
61.00000 ,80.33333 ,179.00000 ,
70.66667 ,80.33333 ,179.00000 ,
80.33333 ,80.33333 ,179.00000 ,
90.00000 ,80.33333 ,179.00000 ,
100.00000 ,80.33333 ,179.00000 ,
0.00000 ,90.00000 ,179.00000 ,
10.00000 ,90.00000 ,179.00000 ,
20.00000 ,90.00000 ,179.00000 ,
30.00000 ,90.00000 ,179.00000 ,
40.00000 ,90.00000 ,179.00000 ,
50.00000 ,90.00000 ,179.00000 ,
61.00000 ,90.00000 ,179.00000 ,
70.66667 ,90.00000 ,179.00000 ,
80.33333 ,90.00000 ,179.00000 ,
90.00000 ,90.00000 ,179.00000 ,
100.00000 ,90.00000 ,179.00000 ,
0.00000 ,100.00000 ,179.00000 ,
10.00000 ,100.00000 ,179.00000 ,
20.00000 ,100.00000 ,179.00000 ,
30.00000 ,100.00000 ,179.00000 ,
40.00000 ,100.00000 ,179.00000 ,
50.00000 ,100.00000 ,179.00000 ,
61.00000 ,100.00000 ,179.00000 ,
70.66667 ,100.00000 ,179.00000 ,
80.33333 ,100.00000 ,179.00000 ,
90.00000 ,100.00000 ,179.00000 ,
100.00000 ,100.00000 ,179.00000 ,
0.00000 ,0.00000 ,190.00000 ,
10.00000 ,0.00000 ,190.00000 ,
20.00000 ,0.00000 ,190.00000 ,
30.00000 ,0.00000 ,190.00000 ,
40.00000 ,0.00000 ,190.00000 ,
50.00000 ,0.00000 ,190.00000 ,
61.00000 ,0.00000 ,190.00000 ,
70.66667 ,0.00000 ,190.00000 ,
80.33333 ,0.00000 ,190.00000 ,
90.00000 ,0.00000 ,190.00000 ,
100.00000 ,0.00000 ,190.00000 ,
0.00000 ,10.00000 ,190.00000 ,
10.00000 ,10.00000 ,190.00000 ,
20.00000 ,10.00000 ,190.00000 ,
30.00000 ,10.00000 ,190.00000 ,
40.00000 ,10.00000 ,190.00000 ,
50.00000 ,10.00000 ,190.00000 ,
61.00000 ,10.00000 ,190.00000 ,
70.66667 ,10.00000 ,190.00000 ,
80.33333 ,10.00000 ,190.00000 ,
90.00000 ,10.00000 ,190.00000 ,
100.00000 ,10.00000 ,190.00000 ,
0.00000 ,20.00000 ,190.00000 ,
10.00000 ,20.00000 ,190.00000 ,
20.00000 ,20.00000 ,190.00000 ,
30.00000 ,20.00000 ,190.00000 ,
40.00000 ,20.00000 ,190.00000 ,
50.00000 ,20.00000 ,190.00000 ,
61.00000 ,20.00000 ,190.00000 ,
70.66667 ,20.00000 ,190.00000 ,
80.33333 ,20.00000 ,190.00000 ,
90.00000 ,20.00000 ,190.00000 ,
100.00000 ,20.00000 ,190.00000 ,
0.00000 ,30.00000 ,190.00000 ,
10.00000 ,30.00000 ,190.00000 ,
20.00000 ,30.00000 ,190.00000 ,
30.00000 ,30.00000 ,190.00000 ,
40.00000 ,30.00000 ,190.00000 ,
50.00000 ,30.00000 ,190.00000 ,
61.00000 ,30.00000 ,190.00000 ,
70.66667 ,30.00000 ,190.00000 ,
80.33333 ,30.00000 ,190.00000 ,
90.00000 ,30.00000 ,190.00000 ,
100.00000 ,30.00000 ,190.00000 ,
0.00000 ,40.00000 ,190.00000 ,
10.00000 ,40.00000 ,190.00000 ,
20.00000 ,40.00000 ,190.00000 ,
30.00000 ,40.00000 ,190.00000 ,
40.00000 ,40.00000 ,190.00000 ,
50.00000 ,40.00000 ,190.00000 ,
61.00000 ,40.00000 ,190.00000 ,
70.66667 ,40.00000 ,190.00000 ,
80.33333 ,40.00000 ,190.00000 ,
90.00000 ,40.00000 ,190.00000 ,
100.00000 ,40.00000 ,190.00000 ,
0.00000 ,50.00000 ,190.00000 ,
10.00000 ,50.00000 ,190.00000 ,
20.00000 ,50.00000 ,190.00000 ,
30.00000 ,50.00000 ,190.00000 ,
40.00000 ,50.00000 ,190.00000 ,
50.00000 ,50.00000 ,190.00000 ,
61.00000 ,50.00000 ,190.00000 ,
70.66667 ,50.00000 ,190.00000 ,
80.33333 ,50.00000 ,190.00000 ,
90.00000 ,50.00000 ,190.00000 ,
100.00000 ,50.00000 ,190.00000 ,
0.00000 ,61.00000 ,190.00000 ,
10.00000 ,61.00000 ,190.00000 ,
20.00000 ,61.00000 ,190.00000 ,
30.00000 ,61.00000 ,190.00000 ,
40.00000 ,61.00000 ,190.00000 ,
50.00000 ,61.00000 ,190.00000 ,
61.00000 ,61.00000 ,190.00000 ,
70.66667 ,61.00000 ,190.00000 ,
80.33333 ,61.00000 ,190.00000 ,
90.00000 ,61.00000 ,190.00000 ,
100.00000 ,61.00000 ,190.00000 ,
0.00000 ,70.66667 ,190.00000 ,
10.00000 ,70.66667 ,190.00000 ,
20.00000 ,70.66667 ,190.00000 ,
30.00000 ,70.66667 ,190.00000 ,
40.00000 ,70.66667 ,190.00000 ,
50.00000 ,70.66667 ,190.00000 ,
61.00000 ,70.66667 ,190.00000 ,
70.66667 ,70.66667 ,190.00000 ,
80.33333 ,70.66667 ,190.00000 ,
90.00000 ,70.66667 ,190.00000 ,
100.00000 ,70.66667 ,190.00000 ,
0.00000 ,80.33333 ,190.00000 ,
10.00000 ,80.33333 ,190.00000 ,
20.00000 ,80.33333 ,190.00000 ,
30.00000 ,80.33333 ,190.00000 ,
40.00000 ,80.33333 ,190.00000 ,
50.00000 ,80.33333 ,190.00000 ,
61.00000 ,80.33333 ,190.00000 ,
70.66667 ,80.33333 ,190.00000 ,
80.33333 ,80.33333 ,190.00000 ,
90.00000 ,80.33333 ,190.00000 ,
100.00000 ,80.33333 ,190.00000 ,
0.00000 ,90.00000 ,190.00000 ,
10.00000 ,90.00000 ,190.00000 ,
20.00000 ,90.00000 ,190.00000 ,
30.00000 ,90.00000 ,190.00000 ,
40.00000 ,90.00000 ,190.00000 ,
50.00000 ,90.00000 ,190.00000 ,
61.00000 ,90.00000 ,190.00000 ,
70.66667 ,90.00000 ,190.00000 ,
80.33333 ,90.00000 ,190.00000 ,
90.00000 ,90.00000 ,190.00000 ,
100.00000 ,90.00000 ,190.00000 ,
0.00000 ,100.00000 ,190.00000 ,
10.00000 ,100.00000 ,190.00000 ,
20.00000 ,100.00000 ,190.00000 ,
30.00000 ,100.00000 ,190.00000 ,
40.00000 ,100.00000 ,190.00000 ,
50.00000 ,100.00000 ,190.00000 ,
61.00000 ,100.00000 ,190.00000 ,
70.66667 ,100.00000 ,190.00000 ,
80.33333 ,100.00000 ,190.00000 ,
90.00000 ,100.00000 ,190.00000 ,
100.00000 ,100.00000 ,190.00000 ,
0.00000 ,0.00000 ,200.00000 ,
10.00000 ,0.00000 ,200.00000 ,
20.00000 ,0.00000 ,200.00000 ,
30.00000 ,0.00000 ,200.00000 ,
40.00000 ,0.00000 ,200.00000 ,
50.00000 ,0.00000 ,200.00000 ,
61.00000 ,0.00000 ,200.00000 ,
70.66667 ,0.00000 ,200.00000 ,
80.33333 ,0.00000 ,200.00000 ,
90.00000 ,0.00000 ,200.00000 ,
100.00000 ,0.00000 ,200.00000 ,
0.00000 ,10.00000 ,200.00000 ,
10.00000 ,10.00000 ,200.00000 ,
20.00000 ,10.00000 ,200.00000 ,
30.00000 ,10.00000 ,200.00000 ,
40.00000 ,10.00000 ,200.00000 ,
50.00000 ,10.00000 ,200.00000 ,
61.00000 ,10.00000 ,200.00000 ,
70.66667 ,10.00000 ,200.00000 ,
80.33333 ,10.00000 ,200.00000 ,
90.00000 ,10.00000 ,200.00000 ,
100.00000 ,10.00000 ,200.00000 ,
0.00000 ,20.00000 ,200.00000 ,
10.00000 ,20.00000 ,200.00000 ,
20.00000 ,20.00000 ,200.00000 ,
30.00000 ,20.00000 ,200.00000 ,
40.00000 ,20.00000 ,200.00000 ,
50.00000 ,20.00000 ,200.00000 ,
61.00000 ,20.00000 ,200.00000 ,
70.66667 ,20.00000 ,200.00000 ,
80.33333 ,20.00000 ,200.00000 ,
90.00000 ,20.00000 ,200.00000 ,
100.00000 ,20.00000 ,200.00000 ,
0.00000 ,30.00000 ,200.00000 ,
10.00000 ,30.00000 ,200.00000 ,
20.00000 ,30.00000 ,200.00000 ,
30.00000 ,30.00000 ,200.00000 ,
40.00000 ,30.00000 ,200.00000 ,
50.00000 ,30.00000 ,200.00000 ,
61.00000 ,30.00000 ,200.00000 ,
70.66667 ,30.00000 ,200.00000 ,
80.33333 ,30.00000 ,200.00000 ,
90.00000 ,30.00000 ,200.00000 ,
100.00000 ,30.00000 ,200.00000 ,
0.00000 ,40.00000 ,200.00000 ,
10.00000 ,40.00000 ,200.00000 ,
20.00000 ,40.00000 ,200.00000 ,
30.00000 ,40.00000 ,200.00000 ,
40.00000 ,40.00000 ,200.00000 ,
50.00000 ,40.00000 ,200.00000 ,
61.00000 ,40.00000 ,200.00000 ,
70.66667 ,40.00000 ,200.00000 ,
80.33333 ,40.00000 ,200.00000 ,
90.00000 ,40.00000 ,200.00000 ,
100.00000 ,40.00000 ,200.00000 ,
0.00000 ,50.00000 ,200.00000 ,
10.00000 ,50.00000 ,200.00000 ,
20.00000 ,50.00000 ,200.00000 ,
30.00000 ,50.00000 ,200.00000 ,
40.00000 ,50.00000 ,200.00000 ,
50.00000 ,50.00000 ,200.00000 ,
61.00000 ,50.00000 ,200.00000 ,
70.66667 ,50.00000 ,200.00000 ,
80.33333 ,50.00000 ,200.00000 ,
90.00000 ,50.00000 ,200.00000 ,
100.00000 ,50.00000 ,200.00000 ,
0.00000 ,61.00000 ,200.00000 ,
10.00000 ,61.00000 ,200.00000 ,
20.00000 ,61.00000 ,200.00000 ,
30.00000 ,61.00000 ,200.00000 ,
40.00000 ,61.00000 ,200.00000 ,
50.00000 ,61.00000 ,200.00000 ,
61.00000 ,61.00000 ,200.00000 ,
70.66667 ,61.00000 ,200.00000 ,
80.33333 ,61.00000 ,200.00000 ,
90.00000 ,61.00000 ,200.00000 ,
100.00000 ,61.00000 ,200.00000 ,
0.00000 ,70.66667 ,200.00000 ,
10.00000 ,70.66667 ,200.00000 ,
20.00000 ,70.66667 ,200.00000 ,
30.00000 ,70.66667 ,200.00000 ,
40.00000 ,70.66667 ,200.00000 ,
50.00000 ,70.66667 ,200.00000 ,
61.00000 ,70.66667 ,200.00000 ,
70.66667 ,70.66667 ,200.00000 ,
80.33333 ,70.66667 ,200.00000 ,
90.00000 ,70.66667 ,200.00000 ,
100.00000 ,70.66667 ,200.00000 ,
0.00000 ,80.33333 ,200.00000 ,
10.00000 ,80.33333 ,200.00000 ,
20.00000 ,80.33333 ,200.00000 ,
30.00000 ,80.33333 ,200.00000 ,
40.00000 ,80.33333 ,200.00000 ,
50.00000 ,80.33333 ,200.00000 ,
61.00000 ,80.33333 ,200.00000 ,
70.66667 ,80.33333 ,200.00000 ,
80.33333 ,80.33333 ,200.00000 ,
90.00000 ,80.33333 ,200.00000 ,
100.00000 ,80.33333 ,200.00000 ,
0.00000 ,90.00000 ,200.00000 ,
10.00000 ,90.00000 ,200.00000 ,
20.00000 ,90.00000 ,200.00000 ,
30.00000 ,90.00000 ,200.00000 ,
40.00000 ,90.00000 ,200.00000 ,
50.00000 ,90.00000 ,200.00000 ,
61.00000 ,90.00000 ,200.00000 ,
70.66667 ,90.00000 ,200.00000 ,
80.33333 ,90.00000 ,200.00000 ,
90.00000 ,90.00000 ,200.00000 ,
100.00000 ,90.00000 ,200.00000 ,
0.00000 ,100.00000 ,200.00000 ,
10.00000 ,100.00000 ,200.00000 ,
20.00000 ,100.00000 ,200.00000 ,
30.00000 ,100.00000 ,200.00000 ,
40.00000 ,100.00000 ,200.00000 ,
50.00000 ,100.00000 ,200.00000 ,
61.00000 ,100.00000 ,200.00000 ,
70.66667 ,100.00000 ,200.00000 ,
80.33333 ,100.00000 ,200.00000 ,
90.00000 ,100.00000 ,200.00000 ,
100.00000 ,100.00000 ,200.00000 ,
1,144,block2
