nodal
3
16816
2403	0.000000E+00	1.071022E-01	-4.289537E+01	
2404	0.000000E+00	8.663725E-01	-4.892296E+01	
2405	0.000000E+00	1.772122E+00	-6.049089E+01	
2406	0.000000E+00	2.771116E+00	-7.319164E+01	
2407	0.000000E+00	3.893506E+00	-9.132328E+01	
2408	0.000000E+00	5.340754E+00	-1.103096E+02	
2409	0.000000E+00	7.110509E+00	-1.323341E+02	
2410	0.000000E+00	9.236688E+00	-1.599944E+02	
2411	0.000000E+00	1.252935E+01	-2.189325E+02	
2412	0.000000E+00	1.776000E+01	-3.506000E+02	
2413	0.000000E+00	2.492029E+01	-5.893943E+02	
2426	0.000000E+00	0.000000E+00	1.761651E+01	
2427	0.000000E+00	-5.893068E-01	5.577814E+01	
2428	0.000000E+00	-1.830349E+00	7.038483E+01	
2429	0.000000E+00	-3.994179E+00	1.056899E+02	
2430	0.000000E+00	-5.356186E+00	1.187460E+02	
2431	0.000000E+00	-7.625868E+00	1.476002E+02	
2432	0.000000E+00	-1.070213E+01	1.878354E+02	
2433	0.000000E+00	-1.494611E+01	2.600022E+02	
2434	0.000000E+00	-1.834490E+01	3.618113E+02	
2435	0.000000E+00	-2.503979E+01	5.882249E+02	
5205	0.000000E+00	1.674601E-01	-8.594441E+01	
5206	0.000000E+00	1.543503E+00	-9.824911E+01	
5207	0.000000E+00	3.053858E+00	-1.215481E+02	
5208	1.270557E-02	6.344484E+00	-1.520979E+02	
5209	1.928401E-02	9.265795E+00	-1.883624E+02	
5210	2.783300E-02	1.285793E+01	-2.268705E+02	
5211	3.693832E-02	1.717491E+01	-2.714370E+02	
5212	3.440649E-02	2.232275E+01	-3.271101E+02	
5213	4.668933E-02	3.027286E+01	-4.471761E+02	
5214	4.956608E-02	4.299323E+01	-7.161287E+02	
5215	4.478269E-02	6.090568E+01	-1.207040E+03	
5228	0.000000E+00	0.000000E+00	3.503211E+01	
5229	0.000000E+00	-1.034002E+00	1.109923E+02	
5230	0.000000E+00	-3.195686E+00	1.401571E+02	
5231	-9.304669E-02	-8.862415E+00	2.164228E+02	
5232	-1.484352E-01	-1.254201E+01	2.422034E+02	
5233	-2.339824E-01	-1.797538E+01	2.998656E+02	
5234	-3.368145E-01	-2.524088E+01	3.800937E+02	
5235	-4.113097E-01	-3.537143E+01	5.260634E+02	
5236	-4.857635E-01	-4.351787E+01	7.321522E+02	
5237	-6.523882E-01	-5.991862E+01	1.193156E+03	
8007	0.000000E+00	1.310535E-01	-8.839177E+01	
8008	8.890481E-01	1.744790E+00	-1.063053E+02	
8009	2.058975E+00	3.082886E+00	-1.283058E+02	
8010	3.233094E+00	4.840945E+00	-1.504688E+02	
8011	5.048120E+00	7.107055E+00	-1.878794E+02	
8012	7.225314E+00	1.003581E+01	-2.263052E+02	
8013	9.806020E+00	1.355940E+01	-2.709357E+02	
8014	1.288094E+01	1.773642E+01	-3.267410E+02	
8015	1.756148E+01	2.418130E+01	-4.466172E+02	
8016	2.508269E+01	3.451982E+01	-7.164601E+02	
8017	3.559458E+01	4.919717E+01	-1.211367E+03	
8030	0.000000E+00	0.000000E+00	3.569621E+01	
8031	-6.577532E-01	-1.109708E+00	1.160765E+02	
8032	-2.068980E+00	-3.205330E+00	1.470182E+02	
8033	-4.708175E+00	-6.869766E+00	2.144733E+02	
8034	-6.945592E+00	-9.610680E+00	2.395459E+02	
8035	-1.022748E+01	-1.399461E+01	2.964573E+02	
8036	-1.457254E+01	-1.982874E+01	3.758562E+02	
8037	-2.056465E+01	-2.800035E+01	5.209871E+02	
8038	-2.545854E+01	-3.465528E+01	7.264256E+02	
8039	-3.511563E+01	-4.798819E+01	1.187253E+03	
10809	1.044230E-01	0.000000E+00	-8.831967E+01	
10810	1.670863E+00	9.608624E-01	-1.063781E+02	
10811	3.002310E+00	2.103893E+00	-1.279148E+02	
10812	4.735678E+00	3.318178E+00	-1.514230E+02	
10813	7.001369E+00	5.135438E+00	-1.877433E+02	
10814	9.927297E+00	7.311843E+00	-2.262910E+02	
10815	1.345384E+01	9.896230E+00	-2.708772E+02	
10816	1.765642E+01	1.294976E+01	-3.266434E+02	
10817	2.408711E+01	1.766623E+01	-4.466587E+02	
10818	3.442312E+01	2.521640E+01	-7.165207E+02	
10819	4.902985E+01	3.579288E+01	-1.211802E+03	
10832	0.000000E+00	0.000000E+00	3.565428E+01	
10833	-1.056497E+00	-6.891908E-01	1.159633E+02	
10834	-3.129878E+00	-2.081224E+00	1.465932E+02	
10835	-6.783797E+00	-4.749655E+00	2.152939E+02	
10836	-9.568434E+00	-6.945783E+00	2.394696E+02	
10837	-1.399459E+01	-1.016762E+01	2.964572E+02	
10838	-1.990691E+01	-1.441666E+01	3.758133E+02	
10839	-2.811151E+01	-2.038129E+01	5.210690E+02	
10840	-3.482559E+01	-2.522234E+01	7.265484E+02	
10841	-4.820028E+01	-3.479038E+01	1.187693E+03	
13611	1.383326E-01	0.000000E+00	-8.610506E+01	
13612	1.480452E+00	0.000000E+00	-9.880742E+01	
13613	2.832086E+00	0.000000E+00	-1.217989E+02	
13614	5.931480E+00	1.808805E+00	-1.535645E+02	
13615	8.649153E+00	2.792371E+00	-1.893602E+02	
13616	1.201682E+01	3.923041E+00	-2.279872E+02	
13617	1.608208E+01	5.260773E+00	-2.728394E+02	
13618	2.094703E+01	6.844563E+00	-3.289222E+02	
13619	2.846281E+01	9.300413E+00	-4.495844E+02	
13620	4.053190E+01	1.324033E+01	-7.197815E+02	
13621	5.760879E+01	1.885532E+01	-1.213061E+03	
13634	0.000000E+00	0.000000E+00	3.447471E+01	
13635	-9.567677E-01	0.000000E+00	1.091927E+02	
13636	-2.920348E+00	0.000000E+00	1.374143E+02	
13637	-8.176886E+00	-2.507246E+00	2.146296E+02	
13638	-1.155807E+01	-3.719544E+00	2.392099E+02	
13639	-1.657154E+01	-5.370348E+00	2.956626E+02	
13640	-2.330328E+01	-7.548576E+00	3.744927E+02	
13641	-3.280106E+01	-1.063522E+01	5.197575E+02	
13642	-4.048133E+01	-1.312391E+01	7.233125E+02	
13643	-5.590475E+01	-1.815760E+01	1.178338E+03	
16413	9.345438E-02	0.000000E+00	-4.316590E+01	
16414	8.376782E-01	0.000000E+00	-4.940517E+01	
16415	1.727328E+00	0.000000E+00	-6.103821E+01	
16416	2.711527E+00	0.000000E+00	-7.393074E+01	
16417	3.823281E+00	0.000000E+00	-9.217184E+01	
16418	5.263151E+00	0.000000E+00	-1.114027E+02	
16419	7.031593E+00	0.000000E+00	-1.337760E+02	
16420	9.165808E+00	0.000000E+00	-1.618187E+02	
16421	1.247166E+01	0.000000E+00	-2.213449E+02	
16422	1.775129E+01	0.000000E+00	-3.541807E+02	
16423	2.505416E+01	0.000000E+00	-5.952908E+02	
16436	0.000000E+00	0.000000E+00	1.713252E+01	
16437	-5.439245E-01	0.000000E+00	5.414028E+01	
16438	-1.714870E+00	0.000000E+00	6.801049E+01	
16439	-3.772007E+00	0.000000E+00	1.032136E+02	
16440	-5.049574E+00	0.000000E+00	1.155952E+02	
16441	-7.189112E+00	0.000000E+00	1.433640E+02	
16442	-1.010340E+01	0.000000E+00	1.822054E+02	
16443	-1.425840E+01	0.000000E+00	2.536395E+02	
16444	-1.759042E+01	0.000000E+00	3.528390E+02	
16445	-2.412626E+01	0.000000E+00	5.732437E+02	
