nodal
3
932
2	-1.630351E-06	-6.190340E-07	-7.717335E-06	
3	-3.107100E-06	-1.715711E-06	-3.093275E-05	
4	-4.198690E-06	-3.090928E-06	-6.706776E-05	
5	-4.857600E-06	-4.557331E-06	-1.122365E-04	
6	-5.060703E-06	-5.979838E-06	-1.621110E-04	
7	-4.797311E-06	-7.254580E-06	-2.120756E-04	
8	-4.081867E-06	-8.313526E-06	-2.573988E-04	
9	-2.970046E-06	-9.108126E-06	-2.936023E-04	
10	-1.563585E-06	-9.601380E-06	-3.169707E-04	
11	-5.683583E-11	-9.768729E-06	-3.250475E-04	
12	1.563477E-06	-9.601438E-06	-3.169707E-04	
13	2.969953E-06	-9.108233E-06	-2.936023E-04	
14	4.081796E-06	-8.313666E-06	-2.573989E-04	
15	4.797266E-06	-7.254731E-06	-2.120757E-04	
16	5.060684E-06	-5.979982E-06	-1.621112E-04	
17	4.857604E-06	-4.557452E-06	-1.122367E-04	
18	4.198708E-06	-3.091019E-06	-6.706791E-05	
19	3.107125E-06	-1.715768E-06	-3.093284E-05	
20	1.630370E-06	-6.190589E-07	-7.717361E-06	
23	-2.407059E-06	-5.258767E-07	-1.252055E-05	
24	-4.276518E-06	-1.636757E-06	-4.624162E-05	
25	-5.595457E-06	-3.043718E-06	-9.588976E-05	
26	-6.332463E-06	-4.548571E-06	-1.558783E-04	
27	-6.488341E-06	-6.004010E-06	-2.204588E-04	
28	-6.079417E-06	-7.300787E-06	-2.839232E-04	
29	-5.137199E-06	-8.370274E-06	-3.407317E-04	
30	-3.725813E-06	-9.168669E-06	-3.857439E-04	
31	-1.958980E-06	-9.663665E-06	-4.146744E-04	
32	-5.211942E-11	-9.830961E-06	-4.246536E-04	
33	1.958881E-06	-9.663727E-06	-4.146746E-04	
34	3.725727E-06	-9.168783E-06	-3.857443E-04	
35	5.137134E-06	-8.370422E-06	-3.407323E-04	
36	6.079376E-06	-7.300946E-06	-2.839238E-04	
37	6.488324E-06	-6.004160E-06	-2.204595E-04	
38	6.332467E-06	-4.548697E-06	-1.558788E-04	
39	5.595473E-06	-3.043811E-06	-9.589015E-05	
40	4.276538E-06	-1.636813E-06	-4.624183E-05	
41	2.407073E-06	-5.259000E-07	-1.252061E-05	
44	-3.180073E-06	-4.758058E-07	-1.657996E-05	
45	-5.541890E-06	-1.546306E-06	-6.061759E-05	
46	-7.113309E-06	-2.985165E-06	-1.241153E-04	
47	-7.920274E-06	-4.551397E-06	-1.993854E-04	
48	-7.999635E-06	-6.055689E-06	-2.790704E-04	
49	-7.404263E-06	-7.365962E-06	-3.562496E-04	
50	-6.202197E-06	-8.404803E-06	-4.245512E-04	
51	-4.476959E-06	-9.152954E-06	-4.782846E-04	
52	-2.349483E-06	-9.607125E-06	-5.127049E-04	
53	-5.657811E-11	-9.762130E-06	-5.245635E-04	
54	2.349376E-06	-9.607193E-06	-5.127053E-04	
55	4.476870E-06	-9.153078E-06	-4.782853E-04	
56	6.202135E-06	-8.404961E-06	-4.245522E-04	
57	7.404230E-06	-7.366130E-06	-3.562507E-04	
58	7.999628E-06	-6.055844E-06	-2.790715E-04	
59	7.920287E-06	-4.551524E-06	-1.993863E-04	
60	7.113334E-06	-2.985257E-06	-1.241159E-04	
61	5.541916E-06	-1.546362E-06	-6.061793E-05	
62	3.180091E-06	-4.758294E-07	-1.658006E-05	
65	-3.892220E-06	-4.451415E-07	-2.023210E-05	
66	-6.792299E-06	-1.458487E-06	-7.406508E-05	
67	-8.689120E-06	-2.898550E-06	-1.515618E-04	
68	-9.585690E-06	-4.541845E-06	-2.427625E-04	
69	-9.549922E-06	-6.117087E-06	-3.380833E-04	
70	-8.703122E-06	-7.414654E-06	-4.290049E-04	
71	-7.180869E-06	-8.344851E-06	-5.082078E-04	
72	-5.128622E-06	-8.914301E-06	-5.697228E-04	
73	-2.682781E-06	-9.215888E-06	-6.088532E-04	
74	-6.701662E-11	-9.313676E-06	-6.223372E-04	
75	2.682657E-06	-9.215967E-06	-6.088539E-04	
76	5.128525E-06	-8.914442E-06	-5.697239E-04	
77	7.180809E-06	-8.345026E-06	-5.082093E-04	
78	8.703100E-06	-7.414834E-06	-4.290066E-04	
79	9.549932E-06	-6.117247E-06	-3.380848E-04	
80	9.585721E-06	-4.541970E-06	-2.427637E-04	
81	8.689159E-06	-2.898637E-06	-1.515626E-04	
82	6.792335E-06	-1.458539E-06	-7.406550E-05	
83	3.892242E-06	-4.451641E-07	-2.023222E-05	
86	-4.548704E-06	-4.104519E-07	-2.355225E-05	
87	-7.996547E-06	-1.361642E-06	-8.656325E-05	
88	-1.029301E-05	-2.756115E-06	-1.777908E-04	
89	-1.135762E-05	-4.427723E-06	-2.854360E-04	
90	-1.117279E-05	-6.104436E-06	-3.971357E-04	
91	-9.950899E-06	-7.375011E-06	-5.015283E-04	
92	-7.994198E-06	-8.096859E-06	-5.902123E-04	
93	-5.560263E-06	-8.323274E-06	-6.571328E-04	
94	-2.844232E-06	-8.270150E-06	-6.987237E-04	
95	-8.126317E-11	-8.178359E-06	-7.127786E-04	
96	2.844084E-06	-8.270242E-06	-6.987245E-04	
97	5.560155E-06	-8.323438E-06	-6.571344E-04	
98	7.994141E-06	-8.097059E-06	-5.902143E-04	
99	9.950893E-06	-7.375207E-06	-5.015304E-04	
100	1.117282E-05	-6.104597E-06	-3.971376E-04	
101	1.135767E-05	-4.427838E-06	-2.854375E-04	
102	1.029306E-05	-2.756190E-06	-1.777918E-04	
103	7.996590E-06	-1.361686E-06	-8.656372E-05	
104	4.548728E-06	-4.104718E-07	-2.355238E-05	
107	-5.179180E-06	-3.830477E-07	-2.660236E-05	
108	-9.154767E-06	-1.281599E-06	-9.820314E-05	
109	-1.185134E-05	-2.586178E-06	-2.023917E-04	
110	-1.316271E-05	-4.128540E-06	-3.258824E-04	
111	-1.292136E-05	-5.733063E-06	-4.542141E-04	
112	-1.118773E-05	-7.100479E-06	-5.720578E-04	
113	-8.569961E-06	-7.501626E-06	-6.677365E-04	
114	-5.588246E-06	-7.252100E-06	-7.363579E-04	
115	-2.644140E-06	-6.517718E-06	-7.756081E-04	
116	-9.236251E-11	-6.213352E-06	-7.879165E-04	
117	2.643969E-06	-6.517816E-06	-7.756092E-04	
118	5.588124E-06	-7.252292E-06	-7.363599E-04	
119	8.569910E-06	-7.501859E-06	-6.677390E-04	
120	1.118775E-05	-7.100691E-06	-5.720602E-04	
121	1.292142E-05	-5.733211E-06	-4.542162E-04	
122	1.316278E-05	-4.128635E-06	-3.258839E-04	
123	1.185140E-05	-2.586236E-06	-2.023926E-04	
124	9.154810E-06	-1.281633E-06	-9.820359E-05	
125	5.179203E-06	-3.830636E-07	-2.660248E-05	
128	-5.729524E-06	-4.092102E-07	-2.974062E-05	
129	-1.016871E-05	-1.308011E-06	-1.096861E-04	
130	-1.313839E-05	-2.495354E-06	-2.257838E-04	
131	-1.452703E-05	-3.668384E-06	-3.625205E-04	
132	-1.444088E-05	-4.713453E-06	-5.040958E-04	
133	-1.254403E-05	-5.831464E-06	-6.350915E-04	
134	-8.871689E-06	-6.702712E-06	-7.369817E-04	
135	-5.021225E-06	-5.064740E-06	-8.003445E-04	
136	-2.119063E-06	-4.015604E-06	-8.308974E-04	
137	-8.710035E-11	-3.673890E-06	-8.400717E-04	
138	2.118891E-06	-4.015688E-06	-8.308986E-04	
139	5.021079E-06	-5.064939E-06	-8.003467E-04	
140	8.871646E-06	-6.703014E-06	-7.369845E-04	
141	1.254408E-05	-5.831671E-06	-6.350940E-04	
142	1.444095E-05	-4.713573E-06	-5.040978E-04	
143	1.452710E-05	-3.668452E-06	-3.625218E-04	
144	1.313844E-05	-2.495393E-06	-2.257846E-04	
145	1.016874E-05	-1.308034E-06	-1.096865E-04	
146	5.729542E-06	-4.092216E-07	-2.974072E-05	
149	-6.716683E-06	-5.274535E-07	-3.379840E-05	
150	-1.148927E-05	-1.666137E-06	-1.232070E-04	
151	-1.435636E-05	-2.591773E-06	-2.496174E-04	
152	-1.551626E-05	-2.955440E-06	-3.940400E-04	
153	-1.528325E-05	-3.163789E-06	-5.410307E-04	
154	-1.419476E-05	-3.204406E-06	-6.778301E-04	
155	-9.753287E-06	-3.036335E-06	-7.868485E-04	
156	-4.042906E-06	-2.113706E-06	-8.368424E-04	
157	-1.765636E-06	-1.329065E-06	-8.589273E-04	
158	-5.499504E-11	-9.725489E-07	-8.651900E-04	
159	1.765515E-06	-1.329116E-06	-8.589283E-04	
160	4.042774E-06	-2.113860E-06	-8.368444E-04	
161	9.753225E-06	-3.036697E-06	-7.868510E-04	
162	1.419482E-05	-3.204583E-06	-6.778323E-04	
163	1.528332E-05	-3.163871E-06	-5.410323E-04	
164	1.551632E-05	-2.955476E-06	-3.940411E-04	
165	1.435640E-05	-2.591793E-06	-2.496180E-04	
166	1.148930E-05	-1.666149E-06	-1.232073E-04	
167	6.716693E-06	-5.274610E-07	-3.379847E-05	
170	-7.007868E-06	-1.038136E-06	-4.075857E-05	
171	-1.154726E-05	-2.520506E-06	-1.433466E-04	
172	-1.332776E-05	-2.592820E-06	-2.752703E-04	
173	-1.405426E-05	-1.945634E-06	-4.174791E-04	
174	-1.404024E-05	-1.202593E-06	-5.616057E-04	
175	-1.187059E-05	-6.539913E-07	-6.939029E-04	
176	-7.896951E-06	4.503153E-07	-7.906539E-04	
177	-3.946973E-06	4.845213E-07	-8.434579E-04	
178	-1.114512E-06	9.878081E-07	-8.607530E-04	
179	-6.457979E-12	1.147738E-06	-8.638825E-04	
180	1.114496E-06	9.877995E-07	-8.607536E-04	
181	3.946937E-06	4.844205E-07	-8.434590E-04	
182	7.896969E-06	4.500000E-07	-7.906554E-04	
183	1.187066E-05	-6.541417E-07	-6.939042E-04	
184	1.404028E-05	-1.202625E-06	-5.616067E-04	
185	1.405428E-05	-1.945644E-06	-4.174798E-04	
186	1.332778E-05	-2.592825E-06	-2.752707E-04	
187	1.154727E-05	-2.520512E-06	-1.433467E-04	
188	7.007871E-06	-1.038141E-06	-4.075861E-05	
191	-1.246570E-05	-2.421741E-06	-5.682338E-05	
192	-1.544972E-05	-2.542363E-06	-1.709572E-04	
193	-1.651042E-05	-1.847127E-06	-2.982861E-04	
194	-1.697174E-05	-8.769534E-07	-4.311632E-04	
195	-1.673154E-05	2.539976E-07	-5.641470E-04	
196	-1.545906E-05	1.062151E-06	-6.895541E-04	
197	-1.020155E-05	2.160608E-07	-7.851788E-04	
198	-3.689525E-06	1.844082E-06	-8.292458E-04	
199	-1.363188E-06	1.818090E-06	-8.438880E-04	
200	2.496515E-11	1.685663E-06	-8.475749E-04	
201	1.363258E-06	1.818097E-06	-8.438881E-04	
202	3.689655E-06	1.844061E-06	-8.292459E-04	
203	1.020168E-05	2.155729E-07	-7.851790E-04	
204	1.545907E-05	1.062116E-06	-6.895545E-04	
205	1.673153E-05	2.539997E-07	-5.641474E-04	
206	1.697174E-05	-8.769487E-07	-4.311634E-04	
207	1.651042E-05	-1.847126E-06	-2.982863E-04	
208	1.544972E-05	-2.542365E-06	-1.709573E-04	
209	1.246570E-05	-2.421744E-06	-5.682340E-05	
212	0.000000E+00	0.000000E+00	-7.833921E-05	
213	0.000000E+00	0.000000E+00	-1.865019E-04	
214	0.000000E+00	0.000000E+00	-3.087412E-04	
215	0.000000E+00	0.000000E+00	-4.352969E-04	
216	0.000000E+00	0.000000E+00	-5.609192E-04	
217	0.000000E+00	0.000000E+00	-6.792476E-04	
218	0.000000E+00	0.000000E+00	-7.822737E-04	
219	0.000000E+00	0.000000E+00	-8.149089E-04	
220	0.000000E+00	0.000000E+00	-8.314081E-04	
221	0.000000E+00	0.000000E+00	-8.363020E-04	
222	0.000000E+00	0.000000E+00	-8.314080E-04	
223	0.000000E+00	0.000000E+00	-8.149087E-04	
224	0.000000E+00	0.000000E+00	-7.822734E-04	
225	0.000000E+00	0.000000E+00	-6.792474E-04	
226	0.000000E+00	0.000000E+00	-5.609192E-04	
227	0.000000E+00	0.000000E+00	-4.352970E-04	
228	0.000000E+00	0.000000E+00	-3.087413E-04	
229	0.000000E+00	0.000000E+00	-1.865019E-04	
230	0.000000E+00	0.000000E+00	-7.833922E-05	
233	-1.246552E-05	2.421926E-06	-5.682364E-05	
234	-1.544946E-05	2.542580E-06	-1.709586E-04	
235	-1.651018E-05	1.847214E-06	-2.982902E-04	
236	-1.697170E-05	8.769040E-07	-4.311722E-04	
237	-1.673215E-05	-2.543995E-07	-5.641664E-04	
238	-1.546221E-05	-1.061127E-06	-6.895961E-04	
239	-1.020865E-05	-1.685779E-07	-7.852401E-04	
240	-3.693117E-06	-1.844147E-06	-8.292869E-04	
241	-1.364524E-06	-1.819820E-06	-8.439140E-04	
242	6.174145E-12	-1.687114E-06	-8.475966E-04	
243	1.364539E-06	-1.819824E-06	-8.439140E-04	
244	3.693127E-06	-1.844154E-06	-8.292869E-04	
245	1.020865E-05	-1.685185E-07	-7.852402E-04	
246	1.546221E-05	-1.061130E-06	-6.895961E-04	
247	1.673215E-05	-2.544003E-07	-5.641664E-04	
248	1.697170E-05	8.769050E-07	-4.311722E-04	
249	1.651018E-05	1.847215E-06	-2.982902E-04	
250	1.544946E-05	2.542581E-06	-1.709587E-04	
251	1.246552E-05	2.421927E-06	-5.682365E-05	
254	-7.007903E-06	1.038438E-06	-4.075983E-05	
255	-1.154754E-05	2.520946E-06	-1.433525E-04	
256	-1.332865E-05	2.593304E-06	-2.752855E-04	
257	-1.405642E-05	1.946370E-06	-4.175109E-04	
258	-1.404519E-05	1.204739E-06	-5.616661E-04	
259	-1.188031E-05	6.663835E-07	-6.940041E-04	
260	-7.898142E-06	-4.211831E-07	-7.907880E-04	
261	-3.939947E-06	-4.755275E-07	-8.435699E-04	
262	-1.111879E-06	-9.880992E-07	-8.608381E-04	
263	-1.749473E-12	-1.148849E-06	-8.639574E-04	
264	1.111870E-06	-9.881025E-07	-8.608382E-04	
265	3.939929E-06	-4.755172E-07	-8.435701E-04	
266	7.898143E-06	-4.211319E-07	-7.907884E-04	
267	1.188033E-05	6.663995E-07	-6.940043E-04	
268	1.404520E-05	1.204740E-06	-5.616663E-04	
269	1.405643E-05	1.946371E-06	-4.175111E-04	
270	1.332866E-05	2.593306E-06	-2.752856E-04	
271	1.154754E-05	2.520948E-06	-1.433525E-04	
272	7.007904E-06	1.038438E-06	-4.075984E-05	
275	-6.717168E-06	5.278906E-07	-3.380131E-05	
276	-1.149052E-05	1.666918E-06	-1.232195E-04	
277	-1.435881E-05	2.593022E-06	-2.496478E-04	
278	-1.552051E-05	2.957871E-06	-3.940986E-04	
279	-1.528951E-05	3.169953E-06	-5.411277E-04	
280	-1.419941E-05	3.217818E-06	-6.779674E-04	
281	-9.751397E-06	3.052725E-06	-7.870107E-04	
282	-4.037787E-06	2.125684E-06	-8.370056E-04	
283	-1.761619E-06	1.333562E-06	-8.590742E-04	
284	-1.045708E-11	9.745352E-07	-8.653283E-04	
285	1.761597E-06	1.333569E-06	-8.590743E-04	
286	4.037768E-06	2.125708E-06	-8.370059E-04	
287	9.751392E-06	3.052769E-06	-7.870111E-04	
288	1.419942E-05	3.217845E-06	-6.779678E-04	
289	1.528952E-05	3.169963E-06	-5.411280E-04	
290	1.552053E-05	2.957876E-06	-3.940988E-04	
291	1.435882E-05	2.593025E-06	-2.496479E-04	
292	1.149053E-05	1.666920E-06	-1.232196E-04	
293	6.717170E-06	5.278919E-07	-3.380132E-05	
296	-5.730528E-06	4.098453E-07	-2.974554E-05	
297	-1.017090E-05	1.309300E-06	-1.097060E-04	
298	-1.314197E-05	2.497664E-06	-2.258290E-04	
299	-1.453192E-05	3.672724E-06	-3.626003E-04	
300	-1.444603E-05	4.721298E-06	-5.042150E-04	
301	-1.254764E-05	5.842995E-06	-6.352466E-04	
302	-8.872630E-06	6.716374E-06	-7.371625E-04	
303	-5.019650E-06	5.076717E-06	-8.005367E-04	
304	-2.117217E-06	4.023882E-06	-8.310905E-04	
305	-1.400842E-11	3.680335E-06	-8.402631E-04	
306	2.117192E-06	4.023895E-06	-8.310907E-04	
307	5.019632E-06	5.076744E-06	-8.005370E-04	
308	8.872626E-06	6.716412E-06	-7.371629E-04	
309	1.254765E-05	5.843024E-06	-6.352470E-04	
310	1.444604E-05	4.721316E-06	-5.042153E-04	
311	1.453193E-05	3.672734E-06	-3.626005E-04	
312	1.314198E-05	2.497669E-06	-2.258291E-04	
313	1.017091E-05	1.309303E-06	-1.097061E-04	
314	5.730531E-06	4.098470E-07	-2.974556E-05	
317	-5.180630E-06	3.839113E-07	-2.660917E-05	
318	-9.157611E-06	1.283465E-06	-9.822924E-05	
319	-1.185540E-05	2.589518E-06	-2.024475E-04	
320	-1.316749E-05	4.134073E-06	-3.259747E-04	
321	-1.292604E-05	5.741283E-06	-4.543445E-04	
322	-1.119142E-05	7.111193E-06	-5.722227E-04	
323	-8.572055E-06	7.513649E-06	-6.679287E-04	
324	-5.588885E-06	7.263804E-06	-7.365690E-04	
325	-2.644068E-06	6.528152E-06	-7.758300E-04	
326	-1.319465E-11	6.223055E-06	-7.881415E-04	
327	2.644044E-06	6.528166E-06	-7.758302E-04	
328	5.588869E-06	7.263830E-06	-7.365693E-04	
329	8.572049E-06	7.513680E-06	-6.679291E-04	
330	1.119142E-05	7.111222E-06	-5.722231E-04	
331	1.292605E-05	5.741305E-06	-4.543448E-04	
332	1.316751E-05	4.134087E-06	-3.259749E-04	
333	1.185541E-05	2.589527E-06	-2.024476E-04	
334	9.157619E-06	1.283469E-06	-9.822932E-05	
335	5.180634E-06	3.839136E-07	-2.660919E-05	
338	-4.550453E-06	4.115186E-07	-2.356038E-05	
339	-7.999740E-06	1.364004E-06	-8.659319E-05	
340	-1.029723E-05	2.760168E-06	-1.778522E-04	
341	-1.136233E-05	4.433838E-06	-2.855342E-04	
342	-1.117739E-05	6.112731E-06	-3.972714E-04	
343	-9.954813E-06	7.385183E-06	-5.016989E-04	
344	-7.997071E-06	8.108195E-06	-5.904126E-04	
345	-5.562025E-06	8.334958E-06	-6.573560E-04	
346	-2.845009E-06	8.281687E-06	-6.989616E-04	
347	-1.102148E-11	8.189747E-06	-7.130215E-04	
348	2.844988E-06	8.281700E-06	-6.989617E-04	
349	5.562010E-06	8.334981E-06	-6.573562E-04	
350	7.997064E-06	8.108223E-06	-5.904129E-04	
351	9.954813E-06	7.385210E-06	-5.016992E-04	
352	1.117739E-05	6.112754E-06	-3.972717E-04	
353	1.136234E-05	4.433855E-06	-2.855344E-04	
354	1.029724E-05	2.760179E-06	-1.778524E-04	
355	7.999747E-06	1.364010E-06	-8.659326E-05	
356	4.550457E-06	4.115215E-07	-2.356040E-05	
359	-3.894148E-06	4.463386E-07	-2.024083E-05	
360	-6.795704E-06	1.461165E-06	-7.409656E-05	
361	-8.693502E-06	2.902994E-06	-1.516253E-04	
362	-9.590536E-06	4.548214E-06	-2.428628E-04	
363	-9.554719E-06	6.125339E-06	-3.382215E-04	
364	-8.707414E-06	7.424518E-06	-4.291789E-04	
365	-7.184304E-06	8.355884E-06	-5.084132E-04	
366	-5.130976E-06	8.926020E-06	-5.699529E-04	
367	-2.683945E-06	9.227907E-06	-6.090993E-04	
368	-8.842680E-12	9.325750E-06	-6.225887E-04	
369	2.683928E-06	9.227917E-06	-6.090994E-04	
370	5.130963E-06	8.926039E-06	-5.699531E-04	
371	7.184296E-06	8.355908E-06	-5.084134E-04	
372	8.707412E-06	7.424544E-06	-4.291792E-04	
373	9.554721E-06	6.125362E-06	-3.382217E-04	
374	9.590541E-06	4.548232E-06	-2.428630E-04	
375	8.693508E-06	2.903007E-06	-1.516254E-04	
376	6.795709E-06	1.461173E-06	-7.409662E-05	
377	3.894152E-06	4.463420E-07	-2.024085E-05	
380	-3.182152E-06	4.770555E-07	-1.658877E-05	
381	-5.545560E-06	1.549159E-06	-6.064920E-05	
382	-7.118045E-06	2.989813E-06	-1.241790E-04	
383	-7.925539E-06	4.557869E-06	-1.994862E-04	
384	-8.004908E-06	6.063886E-06	-2.792097E-04	
385	-7.409073E-06	7.375658E-06	-3.564257E-04	
386	-6.206143E-06	8.415673E-06	-4.247598E-04	
387	-4.479735E-06	9.164631E-06	-4.785186E-04	
388	-2.350891E-06	9.619250E-06	-5.129552E-04	
389	-7.244037E-12	9.774376E-06	-5.248193E-04	
390	2.350878E-06	9.619259E-06	-5.129553E-04	
391	4.479723E-06	9.164648E-06	-4.785187E-04	
392	6.206135E-06	8.415695E-06	-4.247599E-04	
393	7.409069E-06	7.375681E-06	-3.564259E-04	
394	8.004908E-06	6.063908E-06	-2.792098E-04	
395	7.925542E-06	4.557887E-06	-1.994863E-04	
396	7.118049E-06	2.989826E-06	-1.241791E-04	
397	5.545564E-06	1.549167E-06	-6.064925E-05	
398	3.182155E-06	4.770590E-07	-1.658878E-05	
401	-2.409375E-06	5.271938E-07	-1.252915E-05	
402	-4.280741E-06	1.639785E-06	-4.627261E-05	
403	-5.600935E-06	3.048509E-06	-9.595272E-05	
404	-6.338554E-06	4.555096E-06	-1.559787E-04	
405	-6.494444E-06	6.012157E-06	-2.205986E-04	
406	-6.084990E-06	7.310356E-06	-2.841008E-04	
407	-5.141782E-06	8.380988E-06	-3.409425E-04	
408	-3.729048E-06	9.180202E-06	-3.859805E-04	
409	-1.960632E-06	9.675673E-06	-4.149274E-04	
410	-6.419851E-12	9.843107E-06	-4.249122E-04	
411	1.960620E-06	9.675681E-06	-4.149274E-04	
412	3.729037E-06	9.180218E-06	-3.859806E-04	
413	5.141774E-06	8.381008E-06	-3.409426E-04	
414	6.084985E-06	7.310378E-06	-2.841009E-04	
415	6.494442E-06	6.012179E-06	-2.205987E-04	
416	6.338555E-06	4.555115E-06	-1.559788E-04	
417	5.600937E-06	3.048522E-06	-9.595277E-05	
418	4.280744E-06	1.639793E-06	-4.627264E-05	
419	2.409377E-06	5.271972E-07	-1.252916E-05	
422	-1.633483E-06	6.206974E-07	-7.725332E-06	
423	-3.112523E-06	1.718985E-06	-3.096260E-05	
424	-4.205521E-06	3.095867E-06	-6.712963E-05	
425	-4.865089E-06	4.563895E-06	-1.123365E-04	
426	-5.068133E-06	5.987921E-06	-1.622512E-04	
427	-4.804035E-06	7.263999E-06	-2.122546E-04	
428	-4.087345E-06	8.324029E-06	-2.576117E-04	
429	-2.973882E-06	9.119414E-06	-2.938414E-04	
430	-1.565534E-06	9.613131E-06	-3.172264E-04	
431	-6.748418E-12	9.780616E-06	-3.253089E-04	
432	1.565521E-06	9.613139E-06	-3.172264E-04	
433	2.973871E-06	9.119429E-06	-2.938414E-04	
434	4.087336E-06	8.324049E-06	-2.576117E-04	
435	4.804029E-06	7.264020E-06	-2.122546E-04	
436	5.068130E-06	5.987942E-06	-1.622512E-04	
437	4.865089E-06	4.563913E-06	-1.123365E-04	
438	4.205523E-06	3.095881E-06	-6.712964E-05	
439	3.112527E-06	1.718993E-06	-3.096261E-05	
440	1.633486E-06	6.207011E-07	-7.725334E-06	
443	1.532429E-06	4.562749E-07	-7.713865E-06	
444	2.993024E-06	1.425446E-06	-3.093372E-05	
445	4.125539E-06	2.728954E-06	-6.706956E-05	
446	4.853497E-06	4.191282E-06	-1.122389E-04	
447	5.133737E-06	5.678499E-06	-1.621133E-04	
448	4.933358E-06	7.077016E-06	-2.120771E-04	
449	4.246687E-06	8.294687E-06	-2.573989E-04	
450	3.117699E-06	9.246518E-06	-2.936009E-04	
451	1.650592E-06	9.855298E-06	-3.169682E-04	
452	-5.452471E-11	1.006510E-05	-3.250446E-04	
453	-1.650695E-06	9.855278E-06	-3.169682E-04	
454	-3.117784E-06	9.246480E-06	-2.936010E-04	
455	-4.246749E-06	8.294638E-06	-2.573990E-04	
456	-4.933394E-06	7.076960E-06	-2.120772E-04	
457	-5.133752E-06	5.678444E-06	-1.621134E-04	
458	-4.853498E-06	4.191232E-06	-1.122391E-04	
459	-4.125531E-06	2.728912E-06	-6.706971E-05	
460	-2.993013E-06	1.425416E-06	-3.093381E-05	
461	-1.532420E-06	4.562585E-07	-7.713890E-06	
464	2.372694E-06	3.694070E-07	-1.251855E-05	
465	4.213534E-06	1.341362E-06	-4.624072E-05	
466	5.529833E-06	2.667939E-06	-9.588961E-05	
467	6.286562E-06	4.162558E-06	-1.558786E-04	
468	6.475563E-06	5.681557E-06	-2.204594E-04	
469	6.100883E-06	7.107430E-06	-2.839237E-04	
470	5.181593E-06	8.346950E-06	-3.407321E-04	
471	3.773422E-06	9.316198E-06	-3.857439E-04	
472	1.989150E-06	9.937838E-06	-4.146741E-04	
473	-3.070872E-11	1.015181E-05	-4.246533E-04	
474	-1.989208E-06	9.937814E-06	-4.146743E-04	
475	-3.773473E-06	9.316155E-06	-3.857443E-04	
476	-5.181635E-06	8.346894E-06	-3.407326E-04	
477	-6.100916E-06	7.107368E-06	-2.839243E-04	
478	-6.475589E-06	5.681496E-06	-2.204600E-04	
479	-6.286583E-06	4.162503E-06	-1.558791E-04	
480	-5.529850E-06	2.667894E-06	-9.589000E-05	
481	-4.213549E-06	1.341330E-06	-4.624093E-05	
482	-2.372704E-06	3.693913E-07	-1.251861E-05	
485	3.135422E-06	3.083096E-07	-1.657705E-05	
486	5.457440E-06	1.243032E-06	-6.061581E-05	
487	7.002078E-06	2.595439E-06	-1.241138E-04	
488	7.802671E-06	4.142015E-06	-1.993844E-04	
489	7.897987E-06	5.703360E-06	-2.790698E-04	
490	7.334173E-06	7.145594E-06	-3.562496E-04	
491	6.166369E-06	8.367841E-06	-4.245515E-04	
492	4.465537E-06	9.307017E-06	-4.782856E-04	
493	2.348848E-06	9.904728E-06	-5.127064E-04	
494	-1.428138E-11	1.011302E-05	-5.245651E-04	
495	-2.348877E-06	9.904701E-06	-5.127068E-04	
496	-4.465564E-06	9.306969E-06	-4.782864E-04	
497	-6.166396E-06	8.367778E-06	-4.245525E-04	
498	-7.334201E-06	7.145525E-06	-3.562507E-04	
499	-7.898017E-06	5.703293E-06	-2.790708E-04	
500	-7.802703E-06	4.141955E-06	-1.993853E-04	
501	-7.002111E-06	2.595391E-06	-1.241145E-04	
502	-5.457469E-06	1.242998E-06	-6.061615E-05	
503	-3.135441E-06	3.082920E-07	-1.657715E-05	
506	3.821743E-06	2.699056E-07	-2.022807E-05	
507	6.649377E-06	1.145985E-06	-7.406213E-05	
508	8.487942E-06	2.490847E-06	-1.515589E-04	
509	9.352190E-06	4.095968E-06	-2.427600E-04	
510	9.321634E-06	5.711138E-06	-3.380815E-04	
511	8.515079E-06	7.138903E-06	-4.290036E-04	
512	7.050669E-06	8.277167E-06	-5.082093E-04	
513	5.054880E-06	9.073488E-06	-5.697249E-04	
514	2.649681E-06	9.550694E-06	-6.088566E-04	
515	-1.480448E-12	9.713236E-06	-6.223412E-04	
516	-2.649685E-06	9.550663E-06	-6.088572E-04	
517	-5.054889E-06	9.073429E-06	-5.697261E-04	
518	-7.050684E-06	8.277090E-06	-5.082108E-04	
519	-8.515102E-06	7.138820E-06	-4.290052E-04	
520	-9.321665E-06	5.711060E-06	-3.380830E-04	
521	-9.352230E-06	4.095900E-06	-2.427612E-04	
522	-8.487985E-06	2.490793E-06	-1.515598E-04	
523	-6.649415E-06	1.145947E-06	-7.406256E-05	
524	-3.821766E-06	2.698863E-07	-2.022819E-05	
527	4.444186E-06	2.390071E-07	-2.354678E-05	
528	7.774484E-06	1.052344E-06	-8.655917E-05	
529	9.963033E-06	2.337750E-06	-1.777865E-04	
530	1.094804E-05	3.938698E-06	-2.854321E-04	
531	1.074108E-05	5.614255E-06	-3.971316E-04	
532	9.566632E-06	7.001663E-06	-5.015279E-04	
533	7.706671E-06	7.957871E-06	-5.902090E-04	
534	5.367467E-06	8.483447E-06	-6.571372E-04	
535	2.752190E-06	8.653493E-06	-6.987301E-04	
536	1.047572E-11	8.644895E-06	-7.127853E-04	
537	-2.752175E-06	8.653451E-06	-6.987310E-04	
538	-5.367463E-06	8.483367E-06	-6.571388E-04	
539	-7.706679E-06	7.957766E-06	-5.902110E-04	
540	-9.566652E-06	7.001555E-06	-5.015299E-04	
541	-1.074112E-05	5.614157E-06	-3.971335E-04	
542	-1.094808E-05	3.938616E-06	-2.854336E-04	
543	-9.963081E-06	2.337687E-06	-1.777875E-04	
544	-7.774525E-06	1.052302E-06	-8.655964E-05	
545	-4.444211E-06	2.389872E-07	-2.354691E-05	
548	5.039842E-06	2.323809E-07	-2.659555E-05	
549	8.846547E-06	1.000842E-06	-9.819792E-05	
550	1.136949E-05	2.186140E-06	-2.023860E-04	
551	1.251507E-05	3.620152E-06	-3.258759E-04	
552	1.216243E-05	5.147055E-06	-4.542103E-04	
553	1.045114E-05	6.552606E-06	-5.720451E-04	
554	7.954749E-06	7.260308E-06	-6.677536E-04	
555	5.181720E-06	7.396297E-06	-7.363628E-04	
556	2.398739E-06	6.956196E-06	-7.756186E-04	
557	2.237799E-11	6.719885E-06	-7.879278E-04	
558	-2.398705E-06	6.956132E-06	-7.756197E-04	
559	-5.181707E-06	7.396175E-06	-7.363648E-04	
560	-7.954754E-06	7.260152E-06	-6.677560E-04	
561	-1.045116E-05	6.552453E-06	-5.720476E-04	
562	-1.216247E-05	5.146925E-06	-4.542124E-04	
563	-1.251512E-05	3.620052E-06	-3.258774E-04	
564	-1.136954E-05	2.186070E-06	-2.023869E-04	
565	-8.846588E-06	1.000799E-06	-9.819838E-05	
566	-5.039866E-06	2.323618E-07	-2.659567E-05	
569	5.564313E-06	2.982880E-07	-2.973290E-05	
570	9.791557E-06	1.088867E-06	-1.096802E-04	
571	1.252002E-05	2.160277E-06	-2.257763E-04	
572	1.363832E-05	3.209111E-06	-3.625135E-04	
573	1.323968E-05	4.113853E-06	-5.040779E-04	
574	1.110367E-05	5.089373E-06	-6.351141E-04	
575	7.706935E-06	6.055356E-06	-7.368961E-04	
576	3.992798E-06	5.264049E-06	-8.003733E-04	
577	1.599865E-06	4.408451E-06	-8.309119E-04	
578	3.269016E-11	4.138083E-06	-8.400908E-04	
579	-1.599810E-06	4.408357E-06	-8.309131E-04	
580	-3.992779E-06	5.263852E-06	-8.003754E-04	
581	-7.706938E-06	6.055093E-06	-7.368989E-04	
582	-1.110370E-05	5.089144E-06	-6.351167E-04	
583	-1.323973E-05	4.113687E-06	-5.040799E-04	
584	-1.363837E-05	3.208995E-06	-3.625149E-04	
585	-1.252007E-05	2.160203E-06	-2.257771E-04	
586	-9.791594E-06	1.088826E-06	-1.096805E-04	
587	-5.564334E-06	2.982710E-07	-2.973300E-05	
590	6.546490E-06	4.699431E-07	-3.379065E-05	
591	1.109149E-05	1.534764E-06	-1.232005E-04	
592	1.368326E-05	2.370105E-06	-2.496106E-04	
593	1.448311E-05	2.623878E-06	-3.940250E-04	
594	1.382680E-05	2.695822E-06	-5.410379E-04	
595	1.185684E-05	2.675845E-06	-6.776964E-04	
596	6.087984E-06	2.080086E-06	-7.871498E-04	
597	2.373577E-06	2.096432E-06	-8.368392E-04	
598	9.630979E-07	1.557413E-06	-8.589625E-04	
599	4.303497E-11	1.257974E-06	-8.652095E-04	
600	-9.630230E-07	1.557295E-06	-8.589635E-04	
601	-2.373531E-06	2.096178E-06	-8.368411E-04	
602	-6.088034E-06	2.079539E-06	-7.871523E-04	
603	-1.185689E-05	2.675548E-06	-6.776986E-04	
604	-1.382684E-05	2.695627E-06	-5.410396E-04	
605	-1.448315E-05	2.623764E-06	-3.940261E-04	
606	-1.368330E-05	2.370036E-06	-2.496112E-04	
607	-1.109152E-05	1.534728E-06	-1.232008E-04	
608	-6.546507E-06	4.699291E-07	-3.379072E-05	
611	6.862659E-06	1.032843E-06	-4.075182E-05	
612	1.120579E-05	2.479217E-06	-1.433410E-04	
613	1.273435E-05	2.501227E-06	-2.752628E-04	
614	1.311981E-05	1.786638E-06	-4.174706E-04	
615	1.261082E-05	9.615059E-07	-5.615855E-04	
616	1.001582E-05	2.323441E-07	-6.939281E-04	
617	6.278510E-06	-7.823708E-07	-7.906006E-04	
618	2.229691E-06	-7.051761E-07	-8.434877E-04	
619	2.606688E-07	-9.834797E-07	-8.607811E-04	
620	5.237811E-11	-1.115446E-06	-8.639080E-04	
621	-2.605704E-07	-9.835757E-07	-8.607817E-04	
622	-2.229628E-06	-7.054879E-07	-8.434889E-04	
623	-6.278478E-06	-7.829143E-07	-7.906020E-04	
624	-1.001580E-05	2.319757E-07	-6.939294E-04	
625	-1.261086E-05	9.613392E-07	-5.615865E-04	
626	-1.311985E-05	1.786540E-06	-4.174712E-04	
627	-1.273438E-05	2.501172E-06	-2.752631E-04	
628	-1.120581E-05	2.479189E-06	-1.433411E-04	
629	-6.862672E-06	1.032832E-06	-4.075186E-05	
632	1.237758E-05	2.443978E-06	-5.681827E-05	
633	1.524829E-05	2.555291E-06	-1.709527E-04	
634	1.615825E-05	1.845359E-06	-2.982801E-04	
635	1.639175E-05	8.618675E-07	-4.311547E-04	
636	1.582970E-05	-3.114382E-07	-5.641368E-04	
637	1.373169E-05	-1.222953E-06	-6.894898E-04	
638	6.996816E-06	-6.082096E-07	-7.851993E-04	
639	2.321525E-06	-1.987849E-06	-8.293250E-04	
640	7.502566E-07	-1.973575E-06	-8.439060E-04	
641	4.076599E-11	-1.803968E-06	-8.476047E-04	
642	-7.501699E-07	-1.973650E-06	-8.439062E-04	
643	-2.321421E-06	-1.987978E-06	-8.293251E-04	
644	-6.996641E-06	-6.090400E-07	-7.851995E-04	
645	-1.373166E-05	-1.223112E-06	-6.894901E-04	
646	-1.582972E-05	-3.115552E-07	-5.641372E-04	
647	-1.639177E-05	8.618096E-07	-4.311549E-04	
648	-1.615827E-05	1.845326E-06	-2.982802E-04	
649	-1.524831E-05	2.555275E-06	-1.709528E-04	
650	-1.237758E-05	2.443972E-06	-5.681829E-05	
653	0.000000E+00	0.000000E+00	-7.833796E-05	
654	0.000000E+00	0.000000E+00	-1.864999E-04	
655	0.000000E+00	0.000000E+00	-3.087434E-04	
656	0.000000E+00	0.000000E+00	-4.352849E-04	
657	0.000000E+00	0.000000E+00	-5.609631E-04	
658	0.000000E+00	0.000000E+00	-6.790918E-04	
659	0.000000E+00	0.000000E+00	-7.829075E-04	
660	0.000000E+00	0.000000E+00	-8.147543E-04	
661	0.000000E+00	0.000000E+00	-8.314639E-04	
662	0.000000E+00	0.000000E+00	-8.362874E-04	
663	0.000000E+00	0.000000E+00	-8.314638E-04	
664	0.000000E+00	0.000000E+00	-8.147541E-04	
665	0.000000E+00	0.000000E+00	-7.829072E-04	
666	0.000000E+00	0.000000E+00	-6.790917E-04	
667	0.000000E+00	0.000000E+00	-5.609631E-04	
668	0.000000E+00	0.000000E+00	-4.352850E-04	
669	0.000000E+00	0.000000E+00	-3.087435E-04	
670	0.000000E+00	0.000000E+00	-1.864999E-04	
671	0.000000E+00	0.000000E+00	-7.833797E-05	
674	1.237790E-05	-2.443660E-06	-5.681858E-05	
675	1.524893E-05	-2.554486E-06	-1.709543E-04	
676	1.615922E-05	-1.843606E-06	-2.982842E-04	
677	1.639319E-05	-8.587241E-07	-4.311638E-04	
678	1.583227E-05	3.189245E-07	-5.641566E-04	
679	1.373453E-05	1.232633E-06	-6.895321E-04	
680	6.987892E-06	6.873291E-07	-7.852635E-04	
681	2.313500E-06	1.997331E-06	-8.293673E-04	
682	7.470283E-07	1.982375E-06	-8.439326E-04	
683	1.420586E-12	1.810143E-06	-8.476268E-04	
684	-7.470248E-07	1.982391E-06	-8.439326E-04	
685	-2.313486E-06	1.997369E-06	-8.293672E-04	
686	-6.987871E-06	6.875037E-07	-7.852636E-04	
687	-1.373452E-05	1.232672E-06	-6.895322E-04	
688	-1.583226E-05	3.189438E-07	-5.641566E-04	
689	-1.639319E-05	-8.587163E-07	-4.311639E-04	
690	-1.615923E-05	-1.843602E-06	-2.982843E-04	
691	-1.524893E-05	-2.554484E-06	-1.709543E-04	
692	-1.237790E-05	-2.443659E-06	-5.681859E-05	
695	6.863181E-06	-1.032265E-06	-4.075312E-05	
696	1.120686E-05	-2.477623E-06	-1.433469E-04	
697	1.273594E-05	-2.497995E-06	-2.752780E-04	
698	1.312199E-05	-1.780552E-06	-4.175025E-04	
699	1.261304E-05	-9.512647E-07	-5.616458E-04	
700	1.001453E-05	-2.091968E-07	-6.940297E-04	
701	6.278596E-06	8.177456E-07	-7.907317E-04	
702	2.230591E-06	7.278803E-07	-8.436002E-04	
703	2.593526E-07	9.957880E-07	-8.608662E-04	
704	5.722924E-12	1.126806E-06	-8.639832E-04	
705	-2.593382E-07	9.958087E-07	-8.608663E-04	
706	-2.230578E-06	7.279343E-07	-8.436004E-04	
707	-6.278590E-06	8.178203E-07	-7.907320E-04	
708	-1.001453E-05	-2.091381E-07	-6.940300E-04	
709	-1.261305E-05	-9.512366E-07	-5.616460E-04	
710	-1.312199E-05	-1.780538E-06	-4.175026E-04	
711	-1.273595E-05	-2.497988E-06	-2.752781E-04	
712	-1.120686E-05	-2.477620E-06	-1.433469E-04	
713	-6.863184E-06	-1.032263E-06	-4.075313E-05	
716	6.547221E-06	-4.691173E-07	-3.379359E-05	
717	1.109293E-05	-1.532519E-06	-1.232131E-04	
718	1.368534E-05	-2.365714E-06	-2.496410E-04	
719	1.448561E-05	-2.616465E-06	-3.940836E-04	
720	1.382884E-05	-2.683685E-06	-5.411351E-04	
721	1.185911E-05	-2.657650E-06	-6.778336E-04	
722	6.093113E-06	-2.058730E-06	-7.873122E-04	
723	2.376353E-06	-2.076990E-06	-8.370020E-04	
724	9.641087E-07	-1.541780E-06	-8.591094E-04	
725	7.560016E-12	-1.243914E-06	-8.653478E-04	
726	-9.640950E-07	-1.541761E-06	-8.591096E-04	
727	-2.376344E-06	-2.076955E-06	-8.370023E-04	
728	-6.093112E-06	-2.058670E-06	-7.873127E-04	
729	-1.185911E-05	-2.657611E-06	-6.778340E-04	
730	-1.382885E-05	-2.683656E-06	-5.411354E-04	
731	-1.448562E-05	-2.616447E-06	-3.940838E-04	
732	-1.368535E-05	-2.365704E-06	-2.496411E-04	
733	-1.109293E-05	-1.532514E-06	-1.232131E-04	
734	-6.547223E-06	-4.691155E-07	-3.379360E-05	
737	5.565290E-06	-2.972384E-07	-2.973783E-05	
738	9.793385E-06	-1.086167E-06	-1.097001E-04	
739	1.252250E-05	-2.155361E-06	-2.258215E-04	
740	1.364103E-05	-3.201410E-06	-3.625934E-04	
741	1.324231E-05	-4.102881E-06	-5.041971E-04	
742	1.110641E-05	-5.075230E-06	-6.352692E-04	
743	7.709546E-06	-6.038890E-06	-7.370766E-04	
744	3.995466E-06	-5.247439E-06	-8.005654E-04	
745	1.601355E-06	-4.392803E-06	-8.311050E-04	
746	7.022601E-12	-4.122927E-06	-8.402821E-04	
747	-1.601343E-06	-4.392792E-06	-8.311052E-04	
748	-3.995459E-06	-5.247416E-06	-8.005657E-04	
749	-7.709544E-06	-6.038860E-06	-7.370771E-04	
750	-1.110641E-05	-5.075202E-06	-6.352696E-04	
751	-1.324232E-05	-4.102860E-06	-5.041974E-04	
752	-1.364104E-05	-3.201394E-06	-3.625936E-04	
753	-1.252250E-05	-2.155350E-06	-2.258216E-04	
754	-9.793390E-06	-1.086161E-06	-1.097001E-04	
755	-5.565293E-06	-2.972360E-07	-2.973785E-05	
758	5.041055E-06	-2.311810E-07	-2.660236E-05	
759	8.848679E-06	-9.979592E-07	-9.822403E-05	
760	1.137218E-05	-2.181198E-06	-2.024418E-04	
761	1.251792E-05	-3.612886E-06	-3.259682E-04	
762	1.216515E-05	-5.137303E-06	-4.543407E-04	
763	1.045370E-05	-6.540428E-06	-5.722100E-04	
764	7.957330E-06	-7.246351E-06	-6.679458E-04	
765	5.184008E-06	-7.381541E-06	-7.365739E-04	
766	2.400180E-06	-6.941453E-06	-7.758405E-04	
767	5.077981E-12	-6.705251E-06	-7.881529E-04	
768	-2.400171E-06	-6.941446E-06	-7.758406E-04	
769	-5.184003E-06	-7.381528E-06	-7.365742E-04	
770	-7.957328E-06	-7.246334E-06	-6.679461E-04	
771	-1.045370E-05	-6.540410E-06	-5.722104E-04	
772	-1.216516E-05	-5.137287E-06	-4.543410E-04	
773	-1.251792E-05	-3.612872E-06	-3.259685E-04	
774	-1.137219E-05	-2.181188E-06	-2.024419E-04	
775	-8.848686E-06	-9.979530E-07	-9.822411E-05	
776	-5.041059E-06	-2.311782E-07	-2.660238E-05	
779	4.445543E-06	-2.377486E-07	-2.355490E-05	
780	7.776750E-06	-1.049467E-06	-8.658909E-05	
781	9.965774E-06	-2.332986E-06	-1.778480E-04	
782	1.095088E-05	-3.931859E-06	-2.855303E-04	
783	1.074382E-05	-5.605244E-06	-3.972673E-04	
784	9.569229E-06	-6.990615E-06	-5.016984E-04	
785	7.709097E-06	-7.945231E-06	-5.904092E-04	
786	5.369526E-06	-8.469918E-06	-6.573604E-04	
787	2.753414E-06	-8.639670E-06	-6.989681E-04	
788	2.959168E-12	-8.631056E-06	-7.130282E-04	
789	-2.753409E-06	-8.639666E-06	-6.989682E-04	
790	-5.369523E-06	-8.469910E-06	-6.573606E-04	
791	-7.709096E-06	-7.945220E-06	-5.904095E-04	
792	-9.569231E-06	-6.990603E-06	-5.016987E-04	
793	-1.074382E-05	-5.605233E-06	-3.972676E-04	
794	-1.095089E-05	-3.931849E-06	-2.855305E-04	
795	-9.965781E-06	-2.332978E-06	-1.778481E-04	
796	-7.776756E-06	-1.049462E-06	-8.658917E-05	
797	-4.445547E-06	-2.377457E-07	-2.355492E-05	
800	3.823112E-06	-2.686505E-07	-2.023677E-05	
801	6.651592E-06	-1.143168E-06	-7.409360E-05	
802	8.490572E-06	-2.486226E-06	-1.516224E-04	
803	9.354918E-06	-4.089386E-06	-2.428603E-04	
804	9.324288E-06	-5.702565E-06	-3.382197E-04	
805	8.517580E-06	-7.128501E-06	-4.291776E-04	
806	7.052922E-06	-8.265331E-06	-5.084147E-04	
807	5.056662E-06	-9.060749E-06	-5.699551E-04	
808	2.650689E-06	-9.537540E-06	-6.091027E-04	
809	9.316662E-13	-9.699984E-06	-6.225927E-04	
810	-2.650687E-06	-9.537537E-06	-6.091028E-04	
811	-5.056661E-06	-9.060743E-06	-5.699553E-04	
812	-7.052923E-06	-8.265323E-06	-5.084149E-04	
813	-8.517582E-06	-7.128492E-06	-4.291779E-04	
814	-9.324292E-06	-5.702556E-06	-3.382199E-04	
815	-9.354923E-06	-4.089378E-06	-2.428605E-04	
816	-8.490578E-06	-2.486219E-06	-1.516225E-04	
817	-6.651598E-06	-1.143163E-06	-7.409366E-05	
818	-3.823115E-06	-2.686478E-07	-2.023679E-05	
821	3.136657E-06	-3.070781E-07	-1.658581E-05	
822	5.459394E-06	-1.240242E-06	-6.064739E-05	
823	7.004375E-06	-2.590866E-06	-1.241775E-04	
824	7.805070E-06	-4.135548E-06	-1.994851E-04	
825	7.900342E-06	-5.695015E-06	-2.792090E-04	
826	7.336377E-06	-7.135558E-06	-3.564257E-04	
827	6.168290E-06	-8.356466E-06	-4.247600E-04	
828	4.466996E-06	-9.294743E-06	-4.785196E-04	
829	2.349649E-06	-9.891973E-06	-5.129567E-04	
830	-1.148062E-12	-1.010012E-05	-5.248209E-04	
831	-2.349652E-06	-9.891971E-06	-5.129568E-04	
832	-4.466998E-06	-9.294739E-06	-4.785198E-04	
833	-6.168293E-06	-8.356460E-06	-4.247602E-04	
834	-7.336380E-06	-7.135551E-06	-3.564259E-04	
835	-7.900345E-06	-5.695007E-06	-2.792092E-04	
836	-7.805074E-06	-4.135541E-06	-1.994853E-04	
837	-7.004380E-06	-2.590860E-06	-1.241776E-04	
838	-5.459399E-06	-1.240238E-06	-6.064744E-05	
839	-3.136660E-06	-3.070757E-07	-1.658583E-05	
842	2.373615E-06	-3.681642E-07	-1.252708E-05	
843	4.214876E-06	-1.338511E-06	-4.627167E-05	
844	5.531426E-06	-2.663331E-06	-9.595254E-05	
845	6.288269E-06	-4.156114E-06	-1.559791E-04	
846	6.477276E-06	-5.673318E-06	-2.205992E-04	
847	6.102497E-06	-7.097587E-06	-2.841013E-04	
848	5.182990E-06	-8.335825E-06	-3.409428E-04	
849	3.774469E-06	-9.304180E-06	-3.859805E-04	
850	1.989725E-06	-9.925314E-06	-4.149272E-04	
851	-3.642975E-12	-1.013914E-05	-4.249119E-04	
852	-1.989732E-06	-9.925311E-06	-4.149272E-04	
853	-3.774475E-06	-9.304176E-06	-3.859806E-04	
854	-5.182995E-06	-8.335819E-06	-3.409429E-04	
855	-6.102501E-06	-7.097581E-06	-2.841013E-04	
856	-6.477278E-06	-5.673312E-06	-2.205993E-04	
857	-6.288272E-06	-4.156107E-06	-1.559791E-04	
858	-5.531428E-06	-2.663325E-06	-9.595259E-05	
859	-4.214878E-06	-1.338507E-06	-4.627170E-05	
860	-2.373616E-06	-3.681621E-07	-1.252709E-05	
863	1.532384E-06	-4.548162E-07	-7.721735E-06	
864	2.993121E-06	-1.422449E-06	-3.096353E-05	
865	4.125845E-06	-2.724264E-06	-6.713141E-05	
866	4.853962E-06	-4.184827E-06	-1.123389E-04	
867	5.134314E-06	-5.670324E-06	-1.622535E-04	
868	4.933990E-06	-7.067301E-06	-2.122561E-04	
869	4.247299E-06	-8.283733E-06	-2.576119E-04	
870	3.118199E-06	-9.234687E-06	-2.938401E-04	
871	1.650894E-06	-9.842961E-06	-3.172240E-04	
872	-7.014713E-12	-1.005260E-05	-3.253060E-04	
873	-1.650907E-06	-9.842959E-06	-3.172240E-04	
874	-3.118210E-06	-9.234683E-06	-2.938401E-04	
875	-4.247307E-06	-8.283728E-06	-2.576118E-04	
876	-4.933994E-06	-7.067295E-06	-2.122561E-04	
877	-5.134316E-06	-5.670318E-06	-1.622535E-04	
878	-4.853962E-06	-4.184822E-06	-1.123389E-04	
879	-4.125843E-06	-2.724259E-06	-6.713142E-05	
880	-2.993119E-06	-1.422445E-06	-3.096353E-05	
881	-1.532382E-06	-4.548140E-07	-7.721737E-06	
883	-1.246531E-06	-1.238023E-07	-7.863857E-04	
884	-1.024734E-06	1.043112E-06	-7.944373E-04	
885	4.033101E-11	1.492895E-06	-7.972494E-04	
886	1.024849E-06	1.043160E-06	-7.944373E-04	
887	1.246716E-06	-1.235492E-07	-7.863858E-04	
888	-1.339526E-06	2.173210E-07	-7.862266E-04	
889	-9.965950E-07	7.405167E-07	-7.902330E-04	
890	1.813028E-11	1.023096E-06	-7.922133E-04	
891	9.966215E-07	7.405405E-07	-7.902330E-04	
892	1.339542E-06	2.175217E-07	-7.862267E-04	
893	0.000000E+00	0.000000E+00	-7.837640E-04	
894	0.000000E+00	0.000000E+00	-7.885103E-04	
895	0.000000E+00	0.000000E+00	-7.896543E-04	
896	0.000000E+00	0.000000E+00	-7.885103E-04	
897	0.000000E+00	0.000000E+00	-7.837640E-04	
898	-1.319222E-06	-2.543407E-07	-7.863329E-04	
899	-9.848426E-07	-7.534427E-07	-7.902631E-04	
900	5.746057E-12	-1.031244E-06	-7.922270E-04	
901	9.848547E-07	-7.534436E-07	-7.902631E-04	
902	1.319236E-06	-2.543652E-07	-7.863328E-04	
903	-1.234331E-06	1.016626E-07	-7.865393E-04	
904	-1.014999E-06	-1.059865E-06	-7.945248E-04	
905	1.057245E-11	-1.502672E-06	-7.973007E-04	
906	1.015024E-06	-1.059870E-06	-7.945248E-04	
907	1.234361E-06	1.016372E-07	-7.865392E-04	
908	2.148618E-06	-7.205647E-07	-7.872191E-04	
909	1.669211E-06	-1.286185E-06	-7.942804E-04	
910	5.697647E-11	-1.594653E-06	-7.973495E-04	
911	-1.669076E-06	-1.286158E-06	-7.942804E-04	
912	-2.148453E-06	-7.204061E-07	-7.872192E-04	
913	1.644761E-06	-7.330218E-07	-7.860484E-04	
914	1.162771E-06	-8.090374E-07	-7.903027E-04	
915	1.850754E-11	-9.748482E-07	-7.921844E-04	
916	-1.162738E-06	-8.090197E-07	-7.903027E-04	
917	-1.644714E-06	-7.329233E-07	-7.860484E-04	
918	0.000000E+00	0.000000E+00	-7.848108E-04	
919	0.000000E+00	0.000000E+00	-7.882972E-04	
920	0.000000E+00	0.000000E+00	-7.897913E-04	
921	0.000000E+00	0.000000E+00	-7.882972E-04	
922	0.000000E+00	0.000000E+00	-7.848108E-04	
923	1.627134E-06	7.492239E-07	-7.861449E-04	
924	1.150433E-06	8.207658E-07	-7.903343E-04	
925	-6.238536E-13	9.835717E-07	-7.921975E-04	
926	-1.150436E-06	8.207583E-07	-7.903342E-04	
927	-1.627136E-06	7.492011E-07	-7.861449E-04	
928	2.121622E-06	7.214032E-07	-7.873779E-04	
929	1.651510E-06	1.298789E-06	-7.943675E-04	
930	3.696880E-12	1.604705E-06	-7.974021E-04	
931	-1.651499E-06	1.298779E-06	-7.943674E-04	
932	-2.121609E-06	7.213790E-07	-7.873778E-04	
